CODICE_SCUOLA,M_Docenti,F_Docenti,Tot_Docenti,M_Supplenti,F_Supplenti,Tot_Supplenti,M_ATA,F_ATA,Tot_ATA
NATD11203L,35,47,82,7,10,17,14,10,24
LEEE8AH041,3,36,39,0,8,8,9,15,24
VAEE83301P,3,61,64,2,18,20,5,24,29
SSMM85101V,13,44,57,2,14,16,9,28,37
SIMM81202D,8,28,36,3,5,8,4,34,38
BAEE168023,2,59,61,0,18,18,14,7,21
NUMM82104A,9,20,29,1,4,5,1,22,23
AVTA008505,31,34,65,3,6,9,0,0,0
ENEE82602X,4,55,59,1,10,11,17,18,35
BORC012014,38,107,145,4,24,28,7,32,39
RMEE8AE01Q,3,97,100,1,37,38,10,32,42
CSEE864017,1,18,19,1,3,4,12,7,19
VBEE80903E,2,38,40,1,18,19,3,19,22
TOEE88005E,5,41,46,2,10,12,2,28,30
CSEE86801E,1,35,36,0,7,7,14,6,20
CTMM8AC01C,4,20,24,1,5,6,7,9,16
TATD08000P,27,79,106,4,16,20,19,20,39
MIMM8B2019,9,35,44,2,10,12,8,19,27
RMEE8FQ018,3,60,63,1,19,20,4,24,28
MCEE806065,2,29,31,0,3,3,5,13,18
RIMM808033,12,27,39,2,4,6,4,20,24
TVEE867029,5,104,109,0,21,21,7,23,30
NAEE85202R,1,54,55,0,21,21,6,15,21
SAEE866058,4,25,29,0,3,3,10,11,21
CNMM826025,14,30,44,5,8,13,6,30,36
TOEE8BG02E,1,37,38,0,4,4,3,22,25
RMEE8G304V,4,112,116,1,43,44,5,23,28
CLPC00801A,44,58,102,6,14,20,21,8,29
PREE821024,1,38,39,0,7,7,5,18,23
PNEE83303G,4,50,54,1,10,11,2,20,22
PNEE81603T,2,46,48,0,5,5,7,18,25
ALMM81902N,12,22,34,2,4,6,11,18,29
CTMM881013,16,65,81,5,30,35,10,25,35
LETF03701T,39,49,88,4,13,17,14,10,24
VETD022013,68,81,149,15,24,39,15,27,42
LESL030506,42,103,145,3,29,32,11,15,26
PATD050008,42,103,145,3,29,32,11,15,26
SPEE81202N,0,39,39,0,7,7,0,20,20
RMTF05101D,38,58,96,12,11,23,9,16,25
POMM80601R,13,29,42,4,7,11,5,31,36
RMMM8BL012,10,40,50,0,9,9,6,17,23
SAMM8BU011,12,40,52,2,4,6,13,11,24
BGMM88701D,8,22,30,2,7,9,3,20,23
SRRC004519,38,50,88,8,8,16,0,0,0
BOEE817038,38,50,88,8,8,16,0,0,0
SVMM81901R,8,33,41,1,10,11,8,22,30
PVEE801035,6,51,57,4,14,18,8,19,27
LCEE81204R,6,51,57,4,14,18,8,19,27
TVEE884012,2,90,92,2,31,33,6,33,39
LESD03302X,74,101,175,13,29,42,17,14,31
BNEE827047,3,51,54,0,12,12,13,10,23
BAEE80601R,2,70,72,0,23,23,8,20,28
PSEE81702X,5,86,91,0,26,26,6,34,40
NAEE22008A,2,56,58,1,20,21,11,11,22
AQMM84701L,15,45,60,4,12,16,7,26,33
RMMM83201C,7,21,28,1,8,9,6,17,23
AREE813037,8,76,84,3,23,26,4,32,36
NAMM8E701T,19,81,100,4,24,28,12,21,33
RCTF03801X,64,75,139,4,20,24,17,19,36
VVEE80313Q,3,44,47,1,8,9,17,13,30
NOMM804029,11,27,38,5,4,9,19,18,37
BSEE808034,2,44,46,1,5,6,7,16,23
NAEE8DU01R,2,64,66,1,17,18,10,15,25
MIEE8D602X,5,43,48,0,12,12,4,14,18
ARPM03000B,22,87,109,2,13,15,6,20,26
SRSD02201B,53,90,143,7,35,42,15,27,42
CLEE807015,2,31,33,1,6,7,7,13,20
KREE81101D,4,71,75,1,24,25,19,14,33
TVTN021015,19,71,90,0,6,6,11,19,30
BAEE896018,4,38,42,0,14,14,4,15,19
NAEE8FQ03B,3,55,58,1,14,15,13,13,26
PEMM83802R,3,55,58,1,14,15,13,13,26
NAEE8FK01A,0,47,47,0,8,8,10,9,19
TSEE81806E,4,29,33,0,2,2,7,25,32
SSMM83801C,11,40,51,4,15,19,9,29,38
FGPS053017,48,96,144,8,34,42,24,17,41
LTEE80102Q,3,50,53,2,22,24,6,22,28
BARH06951G,58,86,144,10,32,42,0,0,0
CHMM81604D,2,22,24,1,6,7,10,16,26
AVPC090004,19,58,77,0,3,3,9,15,24
MNEE800056,4,72,76,3,20,23,6,31,37
PGRI038015,17,17,34,2,2,4,2,8,10
NUMM878013,4,22,26,0,5,5,4,12,16
BAEE818013,1,45,46,0,24,24,6,15,21
NAEE33504R,2,43,45,0,13,13,9,9,18
TOEE894018,4,61,65,0,13,13,16,31,47
VIRC007011,74,101,175,14,32,46,11,24,35
MOEE70203G,74,101,175,14,32,46,11,24,35
TOMM852026,9,14,23,1,0,1,6,16,22
LEEE07101Q,5,54,59,4,7,11,6,14,20
PNPQ00201G,23,72,95,1,5,6,6,22,28
FGEE856038,0,37,37,0,11,11,8,14,22
CREE81503L,4,41,45,2,9,11,5,19,24
PAEE8AH037,2,63,65,0,13,13,13,12,25
MBEE8EZ02Q,3,64,67,0,14,14,3,29,32
PIEE83402T,4,63,67,3,24,27,3,24,27
PCEE80401C,2,33,35,0,5,5,7,16,23
BGEE826024,3,70,73,0,14,14,3,23,26
FRMM84701B,9,47,56,2,11,13,7,24,31
CZEE849033,3,63,66,0,13,13,18,14,32
ANEE82003E,3,83,86,0,35,35,2,29,31
RERA030001,36,55,91,7,27,34,0,0,0
FOEE02007L,7,80,87,2,16,18,8,25,33
TAEE838033,7,80,87,2,16,18,8,25,33
ORMM81401G,12,21,33,2,5,7,6,19,25
FERI01451L,56,87,143,8,33,41,0,0,0
SARH05702L,42,87,129,5,16,21,16,27,43
CHMM832018,19,62,81,9,19,28,0,0,0
MIEE8EH026,3,65,68,0,19,19,9,22,31
VAEE822018,4,48,52,1,13,14,3,17,20
FIEE82302L,2,59,61,2,16,18,3,28,31
PZEE822027,1,27,28,1,3,4,1,17,18
AVMM851025,5,14,19,1,2,3,3,12,15
SSTD029024,5,14,19,1,2,3,3,12,15
SAPM07301R,54,89,143,4,16,20,17,13,30
MEMM83703T,10,56,66,0,13,13,11,24,35
SIEE806016,3,36,39,0,9,9,3,15,18
VVEE825024,5,29,34,2,8,10,9,8,17
MEMM885037,10,22,32,3,3,6,14,10,24
BAEE86001D,2,60,62,2,16,18,7,22,29
BORI024035,49,68,117,8,17,25,12,21,33
NUMM835026,6,21,27,1,2,3,4,20,24
NAEE8D401R,4,58,62,2,16,18,13,16,29
FOEE80302L,2,55,57,0,8,8,10,29,39
VAPS020004,15,56,71,1,1,2,5,18,23
MTEE82701C,3,90,93,0,14,14,7,31,38
FGEE877039,2,60,62,1,24,25,7,10,17
MIEE8EQ026,3,70,73,1,18,19,12,23,35
TOEE87601P,10,61,71,3,11,14,9,25,34
TEEE83201C,2,69,71,1,28,29,3,24,27
REEE81502V,2,28,30,0,5,5,5,17,22
CSEE856018,3,37,40,0,5,5,9,9,18
PZMM81701N,3,15,18,0,2,2,4,17,21
CTMM8AJ01R,12,38,50,5,13,18,9,22,31
FIEE87301L,6,88,94,2,21,23,8,30,38
CAEE891023,0,53,53,0,18,18,7,13,20
BSMM89701L,7,35,42,4,5,9,8,22,30
TOEE804051,4,57,61,0,13,13,7,31,38
BAMM847012,2,43,45,1,11,12,4,22,26
PZMM827029,9,21,30,3,2,5,6,16,22
RMEE80702T,4,120,124,1,33,34,13,28,41
NURH03050N,56,71,127,6,12,18,24,33,57
RMMM8GD01E,5,40,45,0,9,9,5,23,28
BOMM84401D,10,24,34,3,4,7,9,19,28
CSEE88802R,5,56,61,1,21,22,15,9,24
NARC092017,68,120,188,11,35,46,19,15,34
PSMM808024,4,8,12,0,1,1,2,14,16
NAEE11001G,2,41,43,0,12,12,6,13,19
MNTF002018,39,58,97,2,5,7,6,19,25
TOEE8AF024,1,64,65,0,16,16,8,29,37
REEE850048,2,82,84,1,18,19,7,20,27
VBEE80406E,1,43,44,1,10,11,5,26,31
CNMM819033,7,28,35,2,5,7,10,21,31
PSEE824012,4,73,77,1,23,24,5,32,37
RMEE8DS014,0,74,74,0,26,26,3,20,23
TOEE8BM045,5,64,69,2,11,13,4,32,36
VBEE80404C,1,43,44,1,10,11,5,26,31
CNEE819045,3,50,53,1,12,13,10,21,31
BOEE825015,1,87,88,0,23,23,3,34,37
TOTF01350E,72,100,172,22,27,49,0,0,0
MNEE839018,6,62,68,3,19,22,3,30,33
ALEE82202E,4,39,43,2,9,11,5,22,27
LIEE01337Q,4,39,43,2,9,11,5,22,27
RIEE817118,5,61,66,1,21,22,3,32,35
CBEE84603R,4,52,56,1,10,11,6,18,24
PZEE88506E,0,54,54,0,7,7,8,20,28
NAEE185022,3,63,66,0,10,10,11,10,21
MIEE8FU03E,7,81,88,4,21,25,5,16,21
CERH032064,7,81,88,4,21,25,5,16,21
AQMM83902P,6,23,29,3,10,13,8,15,23
MIPS210009,24,75,99,2,1,3,4,23,27
CEEE848027,2,63,65,0,9,9,10,13,23
BGPS001017,29,34,63,1,3,4,5,15,20
UDEE852031,4,55,59,1,7,8,3,30,33
RMEE8ET02G,4,86,90,4,23,27,3,24,27
CZMM82901P,14,20,34,0,3,3,16,11,27
TVEE83803A,3,83,86,2,21,23,2,28,30
SSMM84601B,17,50,67,4,20,24,4,23,27
PREE80901C,5,49,54,0,11,11,4,26,30
TORC05251L,59,162,221,18,57,75,0,0,0
TVMM88103G,13,40,53,2,6,8,8,21,29
IMEE816062,2,74,76,0,18,18,6,28,34
APEE826012,1,57,58,0,16,16,6,34,40
BGMM85301A,5,16,21,1,3,4,4,10,14
VVSD00750R,31,74,105,4,14,18,0,0,0
RMEE8FS02A,5,116,121,4,30,34,9,29,38
NAEE8DZ01X,2,50,52,0,13,13,15,12,27
AVPS018012,34,72,106,4,16,20,15,11,26
ALEE833021,1,77,78,0,25,25,8,28,36
ENMM82102Q,19,40,59,3,11,14,19,18,37
PVEE806038,2,64,66,0,13,13,7,20,27
VRRA012539,110,152,262,23,55,78,0,0,0
LCEE81804Q,6,69,75,1,18,19,12,19,31
PVEE828024,5,80,85,1,18,19,14,22,36
NAEE8GU01L,1,78,79,0,23,23,14,18,32
BAMM87401A,11,21,32,2,3,5,6,21,27
MEMM83302D,8,32,40,0,9,9,9,24,33
TVEE848031,2,53,55,0,11,11,5,17,22
VBTD00301T,87,100,187,18,24,42,20,38,58
CTEE8A302E,1,51,52,0,18,18,6,22,28
CNTA026013,71,127,198,27,38,65,16,33,49
SRTF01000Q,77,83,160,2,6,8,17,25,42
BLEE83005D,2,52,54,0,20,20,6,23,29
CEEE894021,4,125,129,2,59,61,27,12,39
SAEE84602X,1,44,45,0,13,13,8,11,19
MBEE8GB018,6,49,55,2,7,9,6,19,25
NAPS004507,50,112,162,8,26,34,0,0,0
TAEE84802L,2,54,56,0,18,18,7,19,26
VIEE850016,2,48,50,0,11,11,5,16,21
LEEE85103G,2,51,53,1,13,14,19,8,27
VAMM865015,15,34,49,1,12,13,2,26,28
PAMM8A401R,15,39,54,1,15,16,14,6,20
CREE82202P,8,90,98,4,32,36,6,36,42
FISD03000L,65,182,247,10,52,62,15,21,36
PDEE87704X,1,45,46,1,9,10,4,18,22
PDEE86601A,2,77,79,0,22,22,10,22,32
LCEE82702C,3,81,84,1,21,22,3,32,35
LIRI011014,60,79,139,9,21,30,7,26,33
PCMM81201A,12,44,56,6,10,16,9,37,46
MBTF41050B,81,100,181,4,8,12,22,31,53
VIPC02000P,35,75,110,3,15,18,6,22,28
VAEE815015,0,31,31,0,5,5,3,14,17
PAMM8AJ02A,15,31,46,4,2,6,13,15,28
TAEE86902N,15,31,46,4,2,6,13,15,28
ISEE82602N,15,31,46,4,2,6,13,15,28
SSEE82802X,1,29,30,1,4,5,2,13,15
PAMM84004C,15,20,35,3,5,8,14,8,22
NAEE021004,1,88,89,0,28,28,6,15,21
IMEE802053,1,63,64,0,12,12,7,22,29
AQEE026104,2,41,43,0,14,14,0,16,16
GEMM704015,2,41,43,0,14,14,0,16,16
GERI07000P,48,46,94,7,9,16,17,26,43
VEEE81601B,2,39,41,1,10,11,4,14,18
SARH05750X,42,87,129,5,16,21,0,0,0
SPEE815025,7,115,122,2,35,37,3,44,47
LTMM838018,10,45,55,1,12,13,9,21,30
BNEE82501C,1,28,29,0,5,5,3,19,22
RNEE018005,4,48,52,0,13,13,1,24,25
BNRC026019,40,75,115,8,30,38,7,18,25
PIEE839032,1,65,66,0,24,24,3,27,30
RMTL03251N,50,143,193,2,21,23,0,0,0
OREE81801X,3,33,36,2,7,9,4,15,19
CZMM863016,3,28,31,0,6,6,7,10,17
FIEE841015,5,70,75,2,16,18,12,15,27
FGMM81802B,5,70,75,2,16,18,12,15,27
BGEE833016,1,48,49,0,12,12,6,14,20
BOEE811028,2,47,49,0,6,6,6,23,29
BLMM81301E,9,20,29,1,4,5,4,13,17
PTEE823019,2,63,65,0,15,15,9,21,30
LEEE875067,0,49,49,0,10,10,11,8,19
PZMM82107G,13,23,36,2,2,4,7,26,33
PSPC06000D,37,137,174,11,34,45,10,28,38
BSTD03401V,48,117,165,11,28,39,14,24,38
CSEE80901P,0,22,22,0,4,4,7,9,16
BSPS00901A,76,183,259,8,34,42,15,41,56
NOMM81601E,11,42,53,2,10,12,11,31,42
MOMM82801D,5,33,38,1,4,5,4,27,31
PZEE827019,1,30,31,0,3,3,6,16,22
CAEE896026,1,50,51,1,17,18,4,18,22
PGMM82203V,12,22,34,1,4,5,3,16,19
CTMM8AK01L,6,24,30,2,5,7,11,15,26
PZEE814039,6,30,36,1,3,4,1,16,17
FOMM80801N,5,26,31,2,3,5,5,22,27
VIMM872012,9,22,31,0,7,7,8,14,22
MOEE80803B,11,72,83,3,16,19,7,30,37
VREE895025,5,51,56,1,14,15,3,21,24
BSTD02701Q,72,95,167,5,20,25,18,29,47
RMTF020506,56,81,137,4,13,17,14,17,31
REEE82302T,4,74,78,1,24,25,5,24,29
CAMM8AE01B,19,50,69,9,15,24,7,16,23
CSMM849036,13,34,47,3,5,8,14,14,28
BSEE8AD06E,2,66,68,0,12,12,9,24,33
BAEE83701C,0,35,35,0,8,8,9,12,21
RMMM818016,11,40,51,1,4,5,8,18,26
MIMM81301E,8,20,28,2,4,6,4,12,16
CBTF02301L,71,82,153,4,20,24,14,30,44
RMEE8GN01B,2,77,79,1,23,24,4,22,26
PTEE81502B,5,85,90,1,33,34,1,31,32
CSEE88406N,3,28,31,1,4,5,11,10,21
TOEE85703B,3,40,43,2,7,9,4,23,27
CLMM828015,8,44,52,1,13,14,17,12,29
CSEE86405B,1,18,19,1,3,4,12,7,19
TOSL02050C,51,107,158,8,27,35,14,22,36
CNEE814064,3,28,31,1,6,7,6,21,27
SIEE80801T,0,67,67,0,14,14,5,25,30
PGEE051042,2,87,89,0,24,24,5,26,31
RMEE85202Q,4,47,51,1,16,17,5,13,18
VEEE842021,4,50,54,1,9,10,5,14,19
PZRI04000C,45,61,106,4,11,15,11,24,35
TPTD00801A,43,73,116,11,21,32,22,19,41
VEMM855011,10,30,40,5,3,8,9,28,37
PZMM88503A,11,20,31,1,2,3,8,20,28
PGTD11000Q,36,97,133,4,23,27,14,23,37
NUTF01401Q,57,61,118,3,12,15,14,16,30
ALMM81202V,9,30,39,3,16,19,11,16,27
RMTF11401B,24,53,77,3,6,9,13,13,26
PAEE82006A,5,36,41,0,5,5,11,10,21
MCEE827077,4,80,84,1,21,22,14,23,37
TOEE887048,4,81,85,1,28,29,11,29,40
PNMM82002B,8,21,29,3,4,7,0,19,19
RMMM8C4014,8,36,44,4,6,10,1,22,23
VVEE83002G,3,37,40,0,9,9,17,9,26
VIEE808061,7,79,86,3,17,20,6,33,39
RMMM8FF01G,5,38,43,2,9,11,10,22,32
ALEE82701L,2,59,61,0,23,23,3,22,25
VEMM853019,3,20,23,1,3,4,7,16,23
LTRH010504,62,91,153,11,27,38,41,52,93
MOEE83601D,5,53,58,4,6,10,10,23,33
TVEE86002E,3,55,58,0,8,8,6,20,26
NAMM8EX01T,17,31,48,5,7,12,15,12,27
MBEE82602G,2,47,49,0,11,11,1,19,20
MNEE82303R,1,38,39,0,9,9,5,19,24
TOTD067029,1,38,39,0,9,9,5,19,24
NAMM871014,12,29,41,4,11,15,9,12,21
CNEE834014,0,32,32,0,7,7,4,19,23
MIEE84201G,3,70,73,1,14,15,5,23,28
LIMM80802E,11,19,30,4,5,9,7,16,23
FREE702012,11,19,30,4,5,9,7,16,23
BLSD00301X,21,35,56,1,3,4,8,14,22
PEEE81905G,0,39,39,0,11,11,7,17,24
CSEE8AJ01P,4,47,51,1,11,12,16,14,30
NAPS11201P,35,47,82,7,10,17,14,10,24
RMTL06650Q,42,55,97,6,6,12,0,0,0
BSMM81202N,5,39,44,0,5,5,8,18,26
BAMM84801T,11,65,76,2,19,21,4,20,24
SAEE83303V,7,28,35,1,9,10,8,10,18
SSEE85202R,4,88,92,0,24,24,8,23,31
PREE81501Q,1,46,47,0,10,10,5,21,26
CNEE833018,5,38,43,1,13,14,4,26,30
BGEE817018,3,40,43,1,9,10,2,18,20
TOTD03750R,50,98,148,8,14,22,0,0,0
BIEE816059,8,89,97,4,28,32,11,28,39
CNEE80204Q,2,44,46,1,11,12,3,27,30
TSEE80801P,4,45,49,1,8,9,10,18,28
MNMM81503R,18,31,49,4,11,15,7,25,32
AVTF00301A,32,39,71,2,7,9,13,10,23
CZEE84403X,2,43,45,0,8,8,12,20,32
NAEE8BN02C,1,53,54,0,10,10,11,17,28
VEEE875028,6,77,83,4,13,17,4,28,32
TAEE80702A,3,32,35,1,9,10,6,8,14
BORC01252E,38,107,145,4,24,28,0,0,0
AQMM82602L,10,10,20,2,3,5,6,22,28
SARA01150A,10,10,20,2,3,5,6,22,28
CSEE86805P,1,35,36,0,7,7,14,6,20
RCEE815091,6,61,67,3,14,17,13,19,32
LCMM80502E,6,34,40,0,8,8,9,18,27
NAEE81203B,2,64,66,0,16,16,8,22,30
PAEE85903D,2,69,71,1,26,27,19,8,27
PNEE813018,5,97,102,4,12,16,3,39,42
NAEE069005,5,58,63,3,24,27,6,14,20
BAEE85701N,2,57,59,0,18,18,6,21,27
FEMM808015,10,34,44,0,6,6,7,25,32
TARI024527,69,70,139,12,28,40,0,0,0
PTRH01000C,61,152,213,15,70,85,13,34,47
SPEE81101R,3,32,35,1,7,8,2,17,19
MIMM8CV018,17,41,58,6,8,14,11,21,32
CLEE014008,2,64,66,0,18,18,13,8,21
SSMM82801T,5,13,18,1,1,2,2,13,15
GEEE85803D,4,77,81,0,17,17,14,28,42
KREE81705L,1,37,38,0,3,3,12,14,26
AVEE879011,2,45,47,1,10,11,11,20,31
SAEE881038,1,33,34,0,5,5,8,11,19
ENTD02151D,61,98,159,11,18,29,0,0,0
GESD010008,15,34,49,2,9,11,4,14,18
BOMM86001B,9,28,37,2,5,7,6,25,31
NAEE00400A,0,56,56,0,10,10,6,10,16
PCEE819038,4,25,29,1,1,2,8,17,25
BAPC13000V,12,54,66,0,0,0,11,10,21
NAPS029017,21,92,113,3,21,24,10,15,25
NOEE80701R,5,58,63,2,19,21,6,31,37
LOMM81602P,14,45,59,4,13,17,3,25,28
PIEE840014,3,74,77,0,24,24,3,29,32
SSMM83601R,12,29,41,2,10,12,6,17,23
BOMM811027,8,21,29,1,3,4,6,23,29
ROEE811079,3,54,57,1,16,17,2,24,26
VIMM88701Q,6,18,24,1,1,2,5,25,30
NAEE8FM012,2,45,47,1,17,18,7,13,20
VEEE82303L,2,80,82,1,20,21,2,35,37
PARA01851L,41,34,75,2,4,6,0,0,0
CBEE828015,3,43,46,1,15,16,3,20,23
POEE805012,2,41,43,0,12,12,3,21,24
ARMM813014,9,43,52,5,17,22,4,32,36
NAEE8FU023,3,102,105,1,37,38,15,18,33
VTEE80303N,1,31,32,0,9,9,3,19,22
FIPS008012,40,90,130,3,23,26,9,18,27
TOEE81303N,6,29,35,2,7,9,4,16,20
BOEE87703X,6,29,35,2,7,9,4,16,20
PGEE82202V,1,32,33,0,8,8,3,16,19
SAEE074047,4,68,72,2,17,19,11,10,21
TOEE8B201A,3,56,59,1,17,18,8,23,31
PZMM89002R,6,10,16,0,1,1,10,11,21
VRMM895024,16,32,48,6,6,12,3,21,24
MSEE807025,2,27,29,0,5,5,2,13,15
NOEE80902D,1,62,63,0,15,15,8,26,34
LTEE84301R,3,70,73,1,34,35,8,21,29
MOEE809026,3,71,74,2,18,20,9,30,39
FIEE80902A,2,37,39,1,5,6,1,18,19
AGEE863048,11,76,87,4,9,13,15,13,28
CAEE841011,7,44,51,1,12,13,10,9,19
UDEE857023,8,73,81,4,26,30,6,23,29
VRMM8AD01A,14,44,58,4,7,11,1,26,27
FEPS00401B,49,69,118,6,16,22,6,19,25
MIEE81301G,3,36,39,1,7,8,4,12,16
CSEE84201A,3,39,42,1,7,8,16,9,25
MTRF00901N,33,61,94,1,11,12,9,17,26
CTEE84802D,1,51,52,0,10,10,7,19,26
LEMM8AH04X,4,23,27,0,7,7,9,15,24
KREE82503D,7,37,44,2,6,8,19,3,22
PSMM83501B,12,17,29,4,6,10,7,22,29
RGMM81801V,15,33,48,4,8,12,10,11,21
ORMM82803G,11,34,45,2,5,7,9,27,36
COEE84903L,2,32,34,0,7,7,9,10,19
PIMM823019,14,32,46,6,8,14,6,18,24
ORMM80601L,8,19,27,1,1,2,5,14,19
MCEE01400V,0,16,16,0,2,2,0,0,0
IMTD00750P,39,49,88,4,7,11,0,0,0
NORC010502,40,121,161,10,46,56,13,27,40
RMMM8AF01E,15,54,69,7,18,25,7,27,34
CBEE85403Q,0,47,47,0,8,8,4,17,21
CSMM864038,3,14,17,0,2,2,12,7,19
PTMM82001R,9,31,40,4,9,13,3,25,28
AVEE851037,1,31,32,0,7,7,3,12,15
SATF076019,94,99,193,5,21,26,30,16,46
PGEE037103,2,57,59,1,21,22,5,16,21
SIEE80502B,1,51,52,0,16,16,8,17,25
CATD02051N,48,69,117,4,14,18,6,22,28
MIRC102013,23,62,85,7,18,25,8,12,20
TOMM8BN02T,8,44,52,2,15,17,8,31,39
BOEE83501Q,2,18,20,0,3,3,3,12,15
MCEE806021,2,29,31,0,3,3,5,13,18
RAMM82601R,2,40,42,1,12,13,3,31,34
TOEE840032,2,71,73,1,23,24,5,26,31
LTEE820014,3,47,50,1,21,22,9,15,24
BGMM826012,15,30,45,4,5,9,3,23,26
SIMM813018,5,21,26,0,4,4,3,21,24
RITD00701E,58,65,123,5,6,11,11,32,43
PGEE806021,2,16,18,1,5,6,1,11,12
NAEE826028,0,44,44,0,18,18,6,14,20
REEE842038,2,20,22,0,2,2,1,12,13
RMMM863014,10,22,32,1,7,8,2,15,17
AREE83103R,2,28,30,1,2,3,2,18,20
PZTD02453N,25,86,111,0,17,17,0,0,0
NAMM85201P,9,40,49,2,12,14,6,15,21
MTEE82202A,2,28,30,0,7,7,10,13,23
CZEE81501T,2,30,32,0,3,3,5,12,17
NATH086509,31,42,73,1,2,3,0,0,0
TOMM83201X,8,24,32,1,4,5,2,28,30
CLRA00850B,44,58,102,6,14,20,0,0,0
CNMM834013,2,19,21,0,6,6,4,19,23
PGMM85601X,7,39,46,4,12,16,1,32,33
BAMM86001C,11,50,61,5,14,19,7,22,29
VIEE814046,3,72,75,2,13,15,7,34,41
CNMM854018,9,28,37,2,6,8,9,22,31
TVEE86705C,5,104,109,0,21,21,7,23,30
RMTD05151L,38,58,96,12,11,23,0,0,0
BOEE824019,2,53,55,1,9,10,10,28,38
BGEE88801A,2,48,50,0,6,6,3,21,24
SRRA004509,38,50,88,8,8,16,0,0,0
TVTL00101C,34,36,70,0,2,2,5,16,21
LERI033535,74,101,175,13,29,42,0,0,0
RCMM87201Q,5,24,29,1,6,7,12,11,23
GOTE00701V,31,84,115,2,8,10,9,21,30
AREE822032,2,29,31,0,4,4,4,17,21
NAMM8DV01G,8,51,59,2,14,16,15,13,28
TSEE81002Q,8,53,61,2,8,10,8,17,25
RMEE8G301Q,4,112,116,1,43,44,5,23,28
BGMM889026,8,30,38,1,11,12,2,17,19
BSMM81902C,6,25,31,0,4,4,9,16,25
METN01901D,44,136,180,10,58,68,13,27,40
SATH00601E,42,43,85,1,6,7,13,13,26
BSEE808023,2,44,46,1,5,6,7,16,23
CHEE034023,3,43,46,0,11,11,0,0,0
RCEE81507V,6,61,67,3,14,17,13,19,32
CLEE82101B,1,33,34,0,10,10,11,12,23
VETF02251P,68,81,149,15,24,39,0,0,0
MEEE86705R,5,61,66,0,27,27,16,15,31
IMEE81103Q,7,59,66,1,18,19,7,21,28
PGTF03901T,23,28,51,6,15,21,6,9,15
RNPM002015,56,103,159,6,19,25,6,33,39
LCEE81301D,2,60,62,0,17,17,6,27,33
BGEE80602V,0,44,44,0,6,6,6,20,26
BGMM86001D,10,34,44,3,10,13,5,23,28
SSMM83002V,5,14,19,1,4,5,2,15,17
PIRI020512,55,98,153,8,38,46,17,16,33
BAPC030002,28,70,98,1,12,13,8,15,23
ANEE851014,28,70,98,1,12,13,8,15,23
MITD096018,51,112,163,3,19,22,14,26,40
NOMM804018,11,27,38,5,4,9,19,18,37
MIEE8D601V,5,43,48,0,12,12,4,14,18
SPMM81801E,2,25,27,0,8,8,2,20,22
RGPM01850T,2,25,27,0,8,8,2,20,22
MBEE8CN02P,3,48,51,0,9,9,7,14,21
SAEE8AU04E,2,39,41,1,7,8,11,10,21
ALRI003517,2,39,41,1,7,8,11,10,21
KREE81102E,4,71,75,1,24,25,19,14,33
CTMM81601X,14,41,55,4,11,15,8,22,30
CEEE8A103N,1,54,55,1,15,16,11,18,29
PEEE83804X,2,56,58,1,17,18,7,24,31
PDEE854058,2,61,63,1,7,8,5,24,29
RMEE8AZ01X,1,43,44,0,14,14,4,18,22
SSEE83806P,5,83,88,0,26,26,9,29,38
FGRI02302N,46,124,170,8,33,41,16,17,33
ROEE811068,3,54,57,1,16,17,2,24,26
CHEE81604E,3,31,34,0,5,5,10,16,26
NATD128014,57,98,155,3,26,29,21,15,36
MNEE800067,57,98,155,3,26,29,21,15,36
AGPM01801R,26,57,83,5,12,17,17,8,25
FOEE02001A,7,80,87,2,16,18,8,25,33
TRMM70201A,7,80,87,2,16,18,8,25,33
MBMM84801A,4,29,33,1,10,11,2,23,25
BOMM81901R,6,21,27,0,4,4,1,26,27
SVEE81105B,3,59,62,1,15,16,7,24,31
CTPS026014,45,112,157,4,23,27,9,26,35
PZEE822016,1,27,28,1,3,4,1,17,18
BLPS00701R,22,53,75,0,1,1,7,17,24
PGEE83802C,1,20,21,0,3,3,4,13,17
MEEE88506B,2,41,43,1,13,14,14,10,24
SAMM832032,8,24,32,2,6,8,5,12,17
VRRA01203X,110,152,262,23,55,78,21,43,64
MIEE8CB022,8,70,78,3,12,15,12,16,28
VAPS01000D,17,60,77,0,2,2,9,14,23
VEEE868047,9,84,93,4,18,22,7,30,37
SAMM8B601L,2,13,15,0,4,4,13,6,19
VAEE865016,3,66,69,2,11,13,2,26,28
FGMM82302V,14,21,35,5,1,6,8,14,22
SSMM856012,7,55,62,1,14,15,6,28,34
ENPC00701V,66,76,142,9,8,17,25,17,42
FGRH060014,58,59,117,12,13,25,23,15,38
PDMM82202L,12,32,44,3,3,6,2,30,32
FIEE817018,4,52,56,1,10,11,7,21,28
CAMM866018,14,32,46,3,7,10,6,20,26
OREE81401L,4,45,49,1,18,19,6,19,25
TEEE82302P,1,38,39,0,18,18,4,15,19
MSMM048009,1,38,39,0,18,18,4,15,19
CHEE832019,3,46,49,0,19,19,0,0,0
BOEE846038,5,65,70,1,18,19,7,20,27
RMEE8AF02L,2,82,84,1,26,27,7,27,34
TREE81201V,2,27,29,1,8,9,2,18,20
REEE850026,2,82,84,1,18,19,7,20,27
PDMM87101R,12,35,47,3,7,10,4,23,27
NUMM835048,6,21,27,1,2,3,4,20,24
TOEE86302N,1,68,69,0,15,15,11,28,39
NAPS05000G,19,68,87,0,2,2,7,17,24
SPMM802022,5,20,25,2,3,5,2,24,26
BSEE89702P,7,60,67,1,8,9,8,22,30
PARC037511,40,125,165,7,56,63,0,0,0
MEEE83902D,9,53,62,3,6,9,10,25,35
TOEE8A202R,3,67,70,1,25,26,15,20,35
MNMM839039,11,32,43,4,8,12,3,30,33
VEMM81601A,7,20,27,1,6,7,4,14,18
MCEE81402X,2,46,48,1,7,8,5,17,22
GEEE82903D,2,28,30,0,6,6,4,19,23
BNTN02601E,40,75,115,8,30,38,7,18,25
AREE842015,5,56,61,2,15,17,2,28,30
RIEE817107,5,61,66,1,21,22,3,32,35
PSEE808036,3,22,25,0,3,3,2,14,16
TOEE8BE01T,8,82,90,1,31,32,7,21,28
SAMM8B9014,18,55,73,0,8,8,6,12,18
CBEE84605V,4,52,56,1,10,11,6,18,24
CNEE819023,3,50,53,1,12,13,10,21,31
NAEE16605Q,2,58,60,1,12,13,9,9,18
ROMM80601E,13,33,46,2,9,11,7,23,30
CEMM84501N,9,40,49,2,7,9,21,7,28
RMMM841017,4,28,32,3,10,13,1,26,27
VIMM82002A,7,44,51,2,16,18,6,17,23
RMEE8FD022,4,77,81,0,22,22,9,16,25
NOEE81604P,1,89,90,1,30,31,11,31,42
PVEE81904B,13,74,87,11,19,30,11,24,35
MCEE83602R,3,62,65,0,16,16,6,26,32
CNMM85901B,4,34,38,1,10,11,9,30,39
BIMM81202T,8,30,38,0,8,8,6,23,29
TVEE838029,3,83,86,2,21,23,2,28,30
PAEE8BC02N,3,77,80,3,36,39,11,13,24
TVTA018011,55,58,113,11,20,31,18,25,43
NAEE8DU02T,2,64,66,1,17,18,10,15,25
NAEE8DZ032,2,50,52,0,13,13,15,12,27
SRRI022016,53,90,143,7,35,42,15,27,42
ALMM832013,7,37,44,0,6,6,5,21,26
PZEE886015,0,41,41,0,8,8,4,22,26
MERC02401Q,49,95,144,6,30,36,26,13,39
NAMM8GM01G,8,12,20,4,3,7,11,4,15
GOMM801013,7,25,32,1,8,9,4,22,26
LCMM81801G,12,44,56,5,12,17,12,19,31
TOEE8AQ03R,5,60,65,2,16,18,7,30,37
CBSL02350Q,71,82,153,4,20,24,0,0,0
CEPS032015,50,108,158,8,39,47,23,22,45
NAEE8DJ02A,3,62,65,2,14,16,8,13,21
TOEE888044,6,75,81,2,24,26,14,25,39
IMMM81101L,15,46,61,3,12,15,7,21,28
MIPS21002B,24,75,99,2,1,3,4,23,27
RNEE81104D,6,55,61,2,14,16,5,34,39
BGMM846017,16,35,51,8,5,13,2,27,29
POMM82201P,20,48,68,4,17,21,8,37,45
PRRC00451Q,27,125,152,4,38,42,0,0,0
CNRH02601B,71,127,198,27,38,65,16,33,49
CZMM821047,5,18,23,0,0,0,8,17,25
LTEE85001X,2,84,86,1,19,20,12,25,37
PDEE89902P,3,59,62,0,21,21,2,26,28
TPEE00301X,1,61,62,0,23,23,11,10,21
PZEE878016,0,37,37,0,4,4,12,10,22
BLEE83004C,2,52,54,0,20,20,6,23,29
MIEE8DK01X,3,67,70,1,15,16,3,22,25
PEMM831011,7,41,48,2,19,21,6,25,31
TAMM84801E,12,27,39,5,2,7,7,19,26
NARI00450C,50,112,162,8,26,34,0,0,0
TOTD05250V,59,162,221,18,57,75,0,0,0
TSPC02000N,22,68,90,1,2,3,9,21,30
TVEE88104N,3,81,84,1,14,15,8,21,29
PAEE8AB016,3,64,67,0,18,18,11,13,24
TOMM70601E,3,64,67,0,18,18,11,13,24
CNEE806021,3,57,60,1,14,15,8,32,40
BGEE85305G,2,29,31,0,6,6,4,10,14
NAEE10101R,8,83,91,5,36,41,15,11,26
CHEE81002D,2,43,45,0,14,14,5,16,21
PDEE87703V,1,45,46,1,9,10,4,18,22
RCPS01702T,52,78,130,6,27,33,21,12,33
BSEE82501Q,4,56,60,0,16,16,6,27,33
CNTA028503,58,77,135,17,26,43,0,0,0
NUSD01601Q,42,74,116,2,7,9,6,22,28
MEPS003016,19,85,104,0,4,4,13,17,30
LUEE81802L,3,56,59,1,23,24,4,19,23
BSEE87103G,4,45,49,1,4,5,8,21,29
VIPC04000X,50,115,165,1,7,8,13,35,48
KREE80302G,4,46,50,2,14,16,17,10,27
LOEE801011,1,51,52,0,12,12,9,22,31
NATD12851D,57,98,155,3,26,29,0,0,0
MNEE82202X,4,30,34,2,5,7,1,23,24
VIEE80805X,7,79,86,3,17,20,6,33,39
BARC067019,64,83,147,5,18,23,24,19,43
SARH05701G,42,87,129,5,16,21,16,27,43
MEMM81604T,10,22,32,2,4,6,8,23,31
LEMM85102D,12,34,46,2,10,12,19,8,27
MNMM82301N,7,20,27,1,6,7,5,19,24
BRRF00601N,49,89,138,8,28,36,20,14,34
FISD03001N,65,182,247,10,52,62,15,21,36
CAEE885116,3,42,45,0,9,9,7,22,29
BORI024013,49,68,117,8,17,25,12,21,33
COEE809047,3,54,57,0,12,12,6,20,26
MIEE84203N,3,70,73,1,14,15,5,23,28
TVEE87304P,6,75,81,2,22,24,6,27,33
LEEE875045,0,49,49,0,10,10,11,8,19
PZEE82106G,2,64,66,0,9,9,7,26,33
PAPS08004C,46,118,164,13,20,33,25,15,40
ARMM81601G,14,31,45,6,10,16,5,20,25
SPMM810021,4,24,28,2,1,3,2,33,35
OREE82202L,2,28,30,0,8,8,4,14,18
PNRC00401E,2,28,30,0,8,8,4,14,18
MBEE87501Q,4,66,70,1,15,16,2,25,27
FGMM877016,7,31,38,2,17,19,7,10,17
NARC06251R,50,110,160,15,29,44,0,0,0
RMRI06602B,42,55,97,6,6,12,6,22,28
FIEE83502V,7,97,104,2,28,30,9,25,34
FREE828035,2,38,40,0,11,11,1,24,25
NAMM8CW02T,2,38,40,0,11,11,1,24,25
PVEE823043,1,60,61,0,19,19,5,34,39
PZEE81702Q,0,30,30,0,2,2,4,17,21
PDEE82202N,4,65,69,2,15,17,2,30,32
NOEE83101N,10,92,102,4,35,39,8,32,40
VVEE81801X,5,45,50,0,11,11,11,15,26
CZMM84402T,3,29,32,0,4,4,12,20,32
VREE84303D,5,71,76,3,16,19,8,18,26
FOMM80802P,5,26,31,2,3,5,5,22,27
VIEE872024,8,47,55,3,10,13,8,14,22
VASL011017,45,95,140,4,25,29,8,27,35
MOEE80802A,11,72,83,3,16,19,7,30,37
VEEE875017,6,77,83,4,13,17,4,28,32
ORMM818031,3,22,25,1,6,7,4,15,19
CZEE863028,2,40,42,0,6,6,7,10,17
TOEE86902L,3,45,48,0,13,13,2,28,30
FGEE81604V,3,45,48,0,13,13,2,28,30
RMTF02000R,56,81,137,4,13,17,14,17,31
BOEE868013,2,67,69,0,16,16,4,33,37
CAEE8AE02D,0,59,59,0,26,26,7,16,23
PZMM827018,9,21,30,3,2,5,6,16,22
PSPS01001L,38,55,93,0,1,1,5,26,31
LUEE81102T,5,53,58,0,18,18,6,26,32
RMMM892025,8,48,56,2,14,16,7,13,20
BSTF01151T,80,100,180,7,7,14,0,0,0
CTRH06050N,20,39,59,12,23,35,2,0,2
AGEE848046,8,57,65,4,18,22,11,19,30
RMMM8AQ01P,4,34,38,2,14,16,6,22,28
BNEE82901Q,3,54,57,0,12,12,8,21,29
TOMM85601C,2,37,39,0,6,6,9,21,30
CTEE8AK04R,2,45,47,0,9,9,11,15,26
LEEE8AQ01T,4,49,53,0,13,13,5,19,24
CEMM8AV01T,7,34,41,2,8,10,6,19,25
BOEE80701G,5,47,52,2,6,8,7,19,26
NOMM80702R,8,27,35,1,8,9,6,31,37
VEEE82201P,3,41,44,2,13,15,3,15,18
TVEE83001N,2,64,66,0,8,8,7,18,25
ALEE812053,3,39,42,1,13,14,11,16,27
MNMM700025,3,39,42,1,13,14,11,16,27
ANRI01604N,101,145,246,12,31,43,25,36,61
VVEE83005P,3,37,40,0,9,9,17,9,26
FREE814026,2,50,52,1,12,13,7,21,28
APMM839013,15,30,45,3,5,8,4,28,32
CTMM83401D,9,41,50,4,8,12,9,22,31
MBMM82601D,12,23,35,2,6,8,1,19,20
TOPS06701C,36,96,132,4,21,25,16,28,44
PZRI04052X,45,61,106,4,11,15,11,24,35
CZEE813049,4,46,50,0,11,11,7,15,22
RAEE825034,2,81,83,1,27,28,5,27,32
NARC11101B,69,107,176,22,41,63,13,17,30
MCMM83001Q,5,45,50,2,11,13,5,24,29
BGEE821021,2,59,61,1,18,19,7,19,26
NAMM8GE01B,20,49,69,7,17,24,10,15,25
VBPS003012,87,100,187,18,24,42,20,38,58
VAEE83302Q,3,61,64,2,18,20,5,24,29
TVRH03000V,51,120,171,10,45,55,16,34,50
BGMM818013,14,46,60,2,12,14,8,27,35
TOTL037507,14,46,60,2,12,14,8,27,35
BIEE81606A,8,89,97,4,28,32,11,28,39
PTMM81901L,6,15,21,3,4,7,3,15,18
CSEE8AG04R,1,66,67,1,23,24,12,11,23
ALMM82701G,11,25,36,5,8,13,3,22,25
TAMM84001X,9,40,49,3,14,17,11,18,29
MEMM706017,9,40,49,3,14,17,11,18,29
IMPS00702G,39,49,88,4,7,11,11,12,23
GOMM80801T,2,17,19,0,2,2,2,19,21
TOEE8AK02R,4,42,46,1,12,13,9,21,30
MOMM83601C,6,36,42,1,6,7,10,23,33
TPEE00403T,2,75,77,0,28,28,7,11,18
CTEE8AC01D,3,36,39,1,9,10,7,9,16
PNEE83201N,3,67,70,2,11,13,4,24,28
SARI07601C,94,99,193,5,21,26,30,16,46
TOPM02301Q,49,88,137,12,24,36,11,16,27
MEMM83704V,10,56,66,0,13,13,11,24,35
RCTD01601R,33,60,93,2,12,14,18,9,27
LIEE81002G,1,66,67,0,18,18,7,29,36
MIRI10301G,34,73,107,5,18,23,9,15,24
BASD03952D,31,67,98,3,14,17,0,0,0
TVMM817049,8,34,42,1,6,7,4,31,35
BLRH003017,21,35,56,1,3,4,8,14,22
MNMM81501P,18,31,49,4,11,15,7,25,32
PAEE825018,1,30,31,0,7,7,10,12,22
BAEE85702P,2,57,59,0,18,18,6,21,27
BSEE81204R,4,65,69,0,7,7,8,18,26
COEE81906X,2,50,52,1,10,11,1,31,32
NAEE8GT04X,2,50,52,1,10,11,1,31,32
ISPC012014,25,56,81,0,1,1,6,22,28
CRMM82802L,10,33,43,2,13,15,2,28,30
NAEE021015,1,88,89,0,28,28,6,15,21
CEEE8AK01B,2,41,43,0,9,9,11,10,21
NAEE8BM01G,0,57,57,0,20,20,5,21,26
SPMM81601V,12,53,65,1,6,7,4,25,29
RCEE83916T,3,73,76,1,19,20,19,15,34
MBEE8CM02V,4,58,62,0,12,12,8,15,23
VRMM86701V,7,25,32,1,2,3,1,20,21
BGEE88802B,2,48,50,0,6,6,3,21,24
CBEE836036,3,33,36,0,4,4,17,42,59
VIEE81304A,2,60,62,0,14,14,6,28,34
AGEE83802D,7,41,48,1,14,15,13,10,23
BAMM826011,10,29,39,2,8,10,8,15,23
MEMM856026,8,19,27,1,3,4,5,13,18
PIEE840058,3,74,77,0,24,24,3,29,32
PAMM714021,3,74,77,0,24,24,3,29,32
TAEE861012,1,31,32,0,4,4,3,19,22
ROMM811023,9,32,41,3,6,9,2,24,26
NAEE8FR037,4,61,65,1,20,21,12,10,22
RMEE8CE011,0,42,42,0,12,12,2,17,19
PREE83906D,1,46,47,0,7,7,10,27,37
VEEE82302G,1,46,47,0,7,7,10,27,37
TARI02402T,1,46,47,0,7,7,10,27,37
TETF011012,60,131,191,16,56,72,19,26,45
LUTF018016,83,95,178,7,31,38,19,23,42
CBMM828014,9,16,25,2,6,8,3,20,23
PARH02000A,134,216,350,33,81,114,62,36,98
ARMM81701B,6,26,32,1,9,10,2,17,19
PTPM02000A,19,64,83,2,5,7,5,21,26
SPEE81102T,3,32,35,1,7,8,2,17,19
CZEE85805X,1,72,73,1,14,15,8,23,31
MEMM82002B,6,31,37,3,10,13,7,12,19
FGEE06000T,0,39,39,0,14,14,5,9,14
ROMM81403G,7,27,34,1,2,3,4,18,22
FITD00801T,40,90,130,3,23,26,9,18,27
PAEE077078,2,71,73,1,25,26,18,5,23
LETF03301E,74,101,175,13,29,42,17,14,31
NARC01101E,58,146,204,9,43,52,24,17,41
ENPM021019,61,98,159,11,18,29,19,16,35
TVEE87801P,4,78,82,1,14,15,3,34,37
LEMM860017,7,37,44,3,10,13,8,15,23
PZMM814016,8,16,24,2,1,3,1,16,17
CAEE8AA026,2,83,85,0,21,21,4,23,27
CSMM85005C,8,18,26,1,3,4,8,15,23
AREE822021,2,29,31,0,4,4,4,17,21
CAEE87902C,3,66,69,2,26,28,5,21,26
ISEE825062,2,29,31,1,4,5,8,19,27
ARMM813025,9,43,52,5,17,22,4,32,36
TPPC00201C,41,65,106,17,11,28,20,12,32
PIMM70001Q,41,65,106,17,11,28,20,12,32
RNEE80602X,3,104,107,1,35,36,13,33,46
NAPC029014,21,92,113,3,21,24,10,15,25
BSRH02701N,72,95,167,5,20,25,18,29,47
TOMM82001N,12,41,53,6,14,20,12,23,35
RMEE88301A,2,36,38,1,10,11,4,16,20
FGEE878013,3,55,58,1,17,18,12,20,32
FGEE106013,1,41,42,0,11,11,6,11,17
TOMM8AT01E,16,53,69,6,22,28,7,25,32
TREE82104R,1,41,42,0,11,11,1,24,25
AGEE834015,4,50,54,1,20,21,13,15,28
MIEE81405G,4,50,54,1,20,21,13,15,28
MIEE87603R,3,52,55,0,8,8,4,20,24
CATL03151E,103,88,191,10,25,35,0,0,0
CSEE84202B,3,39,42,1,7,8,16,9,25
PARI01801V,41,34,75,2,4,6,12,13,25
PAPS011507,56,88,144,8,16,24,0,0,0
RGEE82001X,1,32,33,1,4,5,8,21,29
AREE813059,8,76,84,3,23,26,4,32,36
COMM84902E,15,14,29,3,5,8,9,10,19
VTMM80301E,4,16,20,1,2,3,3,19,22
TOEE81301G,6,29,35,2,7,9,4,16,20
LOTD010003,41,91,132,1,3,4,4,34,38
PGTF03401P,70,115,185,9,35,44,13,36,49
FRMM81701G,11,24,35,3,3,6,6,24,30
PVMM82401P,16,36,52,6,11,17,7,26,33
VIEE849056,1,47,48,0,6,6,6,18,24
FREE806016,1,17,18,0,3,3,2,9,11
VREE8AD01B,3,60,63,1,13,14,1,26,27
ALRI00301T,42,79,121,6,19,25,8,27,35
AGEE01102E,6,59,65,1,16,17,15,6,21
ALEE812064,3,39,42,1,13,14,11,16,27
BOMM83601E,9,23,32,1,3,4,3,21,24
CAMM816028,7,11,18,1,3,4,4,14,18
UDMM80906R,5,12,17,1,1,2,5,18,23
SSMM027002,44,80,124,11,27,38,5,18,23
FRMM80403G,6,15,21,2,4,6,4,15,19
LEMM8AH02T,4,23,27,0,7,7,9,15,24
RMMM8CW01Q,5,42,47,2,9,11,4,24,28
PGMM80701P,4,15,19,0,5,5,6,10,16
PZPS02401A,25,86,111,0,17,17,14,21,35
MTEE816023,25,86,111,0,17,17,14,21,35
ANMM813029,25,86,111,0,17,17,14,21,35
VCMM803013,9,32,41,5,11,16,4,23,27
MTMM822018,11,32,43,2,7,9,10,13,23
RMEE8FF01L,7,95,102,0,24,24,10,22,32
TEMM82404G,14,46,60,3,17,20,11,28,39
CZMM81501R,3,13,16,0,1,1,5,12,17
LTRH01000P,62,91,153,11,27,38,41,52,93
NAEE871026,1,48,49,1,17,18,9,12,21
PGEE856033,4,52,56,2,19,21,1,32,33
NUMM83202P,5,22,27,1,4,5,4,17,21
NAEE8D3033,2,40,42,0,14,14,12,12,24
TOEE840021,2,71,73,1,23,24,5,26,31
RMMM870039,11,23,34,5,6,11,4,24,28
RIMM80902T,8,13,21,3,2,5,1,17,18
BAEE846039,2,49,51,0,18,18,6,13,19
ROEE80001L,2,61,63,1,16,17,6,25,31
TSMM81001N,7,46,53,1,9,10,8,17,25
TVMM825015,8,29,37,2,6,8,9,25,34
RMTE091015,25,99,124,3,19,22,15,17,32
BSEE81901C,2,46,48,0,7,7,9,16,25
SATH00650V,42,43,85,1,6,7,0,0,0
RGMM833011,12,41,53,8,8,16,10,14,24
CHEE034078,3,43,46,0,11,11,0,0,0
LCEE80502G,3,48,51,0,6,6,9,18,27
PAEE85902C,2,69,71,1,26,27,19,8,27
KRRC00202R,31,36,67,4,5,9,9,12,21
CZEE83904D,7,62,69,1,15,16,11,18,29
LOMM81002Q,12,35,47,4,6,10,8,22,30
SOMM816011,3,14,17,0,3,3,2,22,24
NAPS05001L,3,14,17,0,3,3,2,22,24
SAEE8BU012,1,55,56,0,17,17,13,11,24
SRTD004017,38,50,88,8,8,16,16,17,33
RNTD002508,56,103,159,6,19,25,0,0,0
LCEE81305N,2,60,62,0,17,17,6,27,33
TVPM001017,34,36,70,0,2,2,5,16,21
MNMM839017,11,32,43,4,8,12,3,30,33
BGEE86007R,4,61,65,1,15,16,5,23,28
PCEE002052,4,99,103,4,30,34,11,21,32
RMEE83201D,2,52,54,2,15,17,6,17,23
NAEE00404E,0,56,56,0,10,10,6,10,16
RCTD036012,24,64,88,4,13,17,14,12,26
RMMM8AB017,10,20,30,3,3,6,5,15,20
MERC01950L,44,136,180,10,58,68,0,0,0
NOEE80406E,2,66,68,1,16,17,19,18,37
RGTL01801P,27,111,138,1,10,11,10,34,44
MBMM8CN01L,3,41,44,1,6,7,7,14,21
SAEE8AU03D,2,39,41,1,7,8,11,10,21
TVMM846016,9,28,37,1,4,5,4,24,28
PIEE82204N,3,56,59,0,16,16,4,30,34
MEEE86701L,5,61,66,0,27,27,16,15,31
RMMM842013,8,50,58,0,11,11,6,24,30
ROMM811012,9,32,41,3,6,9,2,24,26
BATD06801C,26,74,100,1,16,17,4,17,21
CHMM81605E,2,22,24,1,6,7,10,16,26
CTEE8AT03G,2,53,55,0,18,18,5,14,19
AGEE848068,8,57,65,4,18,22,11,19,30
NUEE879021,4,35,39,2,9,11,3,11,14
NARC00950V,36,70,106,4,18,22,0,0,0
PDMM84801Q,8,21,29,2,7,9,2,18,20
PEMM82401T,11,41,52,2,7,9,3,12,15
SAEE074003,4,68,72,2,17,19,11,10,21
LEEE879019,0,33,33,0,8,8,7,17,24
ARMM82301P,11,33,44,3,13,16,9,23,32
LEEE80003P,1,49,50,0,16,16,9,20,29
NAMM0A000L,24,85,109,6,24,30,7,12,19
PGEE83801B,1,20,21,0,3,3,4,13,17
PNPM00201B,23,72,95,1,5,6,6,22,28
VAMM843018,4,24,28,0,5,5,2,26,28
PGSD030515,25,81,106,6,39,45,7,21,28
UDMM821027,12,18,30,4,3,7,3,23,26
VRRA01201T,110,152,262,23,55,78,21,43,64
MIEE8CC01R,4,116,120,1,34,35,7,33,40
TOEE8AQ01P,5,60,65,2,16,18,7,30,37
VIMM856025,7,37,44,2,7,9,9,18,27
MCEE827022,4,80,84,1,21,22,14,23,37
TOMM88801X,18,41,59,6,13,19,14,25,39
CTEE06800N,2,56,58,1,25,26,2,15,17
RNEE81107L,6,55,61,2,14,16,5,34,39
CTPC009017,39,67,106,6,16,22,15,14,29
FGRH06050C,58,59,117,12,13,25,23,15,38
ANMM82001B,13,39,52,8,13,21,2,29,31
CAEE86602A,1,67,68,0,21,21,6,20,26
ORMM81402L,12,21,33,2,5,7,6,19,25
COEE85001P,1,33,34,0,6,6,4,25,29
MSMM70301V,1,33,34,0,6,6,4,25,29
VTEE80402C,1,52,53,0,19,19,5,17,22
MIEE8EH015,3,65,68,0,19,19,9,22,31
PZEE822038,1,27,28,1,3,4,1,17,18
BLTD00801C,70,76,146,6,8,14,12,24,36
NAMM607013,70,76,146,6,8,14,12,24,36
TAEE82502X,1,41,42,1,13,14,7,12,19
VAPM01000E,36,96,132,3,5,8,10,18,28
BSEE87203B,2,44,46,0,8,8,6,14,20
SSMM028053,34,61,95,14,19,33,3,13,16
PSEE01511Q,3,102,105,2,41,43,6,18,24
PGMM86601E,12,35,47,0,4,4,4,23,27
AVMM88202R,7,33,40,0,5,5,3,22,25
CSEE856029,3,37,40,0,5,5,9,9,18
RMPC23000X,23,69,92,0,6,6,3,20,23
TPEE80602B,1,57,58,0,21,21,23,17,40
GEEE81504L,2,27,29,1,7,8,5,16,21
BORH050003,43,76,119,10,32,42,12,20,32
VEEE81603D,2,39,41,1,10,11,4,14,18
BOEE846027,5,65,70,1,18,19,7,20,27
MCMM81402V,11,25,36,3,8,11,5,17,22
BNTN023013,23,59,82,4,14,18,13,14,27
TOMM831025,13,40,53,4,7,11,11,29,40
GEEE82902C,2,28,30,0,6,6,4,19,23
VTTA020006,2,28,30,0,6,6,4,19,23
UDEE81601Q,0,31,31,0,8,8,4,13,17
SAEE8B802A,0,38,38,0,8,8,18,8,26
REEE850015,2,82,84,1,18,19,7,20,27
SAEE8A205X,5,28,33,0,8,8,6,15,21
BNEE83802G,2,48,50,0,12,12,8,17,25
ROEE80602L,3,51,54,0,12,12,7,23,30
CSRC01701P,51,116,167,7,43,50,34,38,72
NAEE8CW01T,0,40,40,0,14,14,10,12,22
VIEE82002B,4,53,57,1,11,12,6,17,23
PVMM823031,7,37,44,2,14,16,5,34,39
TOMM8A201P,13,45,58,0,18,18,15,20,35
VRMM84202G,12,34,46,2,10,12,8,21,29
PCMM818019,11,38,49,3,11,14,13,22,35
RIEE817084,5,61,66,1,21,22,3,32,35
LOEE81501V,7,83,90,2,23,25,3,29,32
SRRI022027,7,83,90,2,23,25,3,29,32
BSMM8AD029,17,35,52,6,4,10,9,24,33
TVPC021018,19,71,90,0,6,6,11,19,30
TAEE85702B,1,76,77,0,21,21,16,15,31
TSEE81802A,4,29,33,0,2,2,7,25,32
SAMM8AM05E,3,16,19,0,1,1,6,12,18
BGEE85902B,2,56,58,0,8,8,6,19,25
VCEE80603N,3,48,51,1,16,17,6,24,30
PDSD02301B,46,87,133,4,5,9,8,24,32
BGMM846039,16,35,51,8,5,13,2,27,29
CLEE828016,1,72,73,0,24,24,17,12,29
PVPS011016,24,58,82,0,0,0,7,19,26
MEEE8AC018,4,41,45,1,12,13,8,21,29
FOEE81803B,2,52,54,0,17,17,6,19,25
MIEE8DL02R,1,77,78,1,16,17,4,22,26
CZEE82903T,2,38,40,0,6,6,16,11,27
TVEE83804B,3,83,86,2,21,23,2,28,30
NAEE8GN02D,0,38,38,0,12,12,5,11,16
MIEE8GG02G,11,62,73,6,18,24,7,20,27
BGEE80702P,12,70,82,7,23,30,9,20,29
TSPM02000T,5,19,24,1,0,1,2,5,7
MIEE8FN029,3,71,74,3,21,24,7,21,28
TOTD05201E,59,162,221,18,57,75,13,22,35
MOPC020008,29,108,137,5,16,21,17,25,42
TVMM88101D,13,40,53,2,6,8,8,21,29
UDMM84002L,2,15,17,0,1,1,4,21,25
CAPS150004,5,6,11,0,1,1,1,14,15
MTEE829014,0,28,28,0,3,3,5,14,19
VEEE85302B,1,40,41,0,10,10,7,16,23
METD024013,49,95,144,6,30,36,26,13,39
GOEE801025,2,41,43,0,9,9,4,22,26
CNRH028024,58,77,135,17,26,43,13,26,39
LCEE81805R,58,77,135,17,26,43,13,26,39
CTEE816011,3,64,67,0,21,21,8,22,30
PVMM828012,14,53,67,3,12,15,14,22,36
NAMM8BM01E,11,37,48,2,10,12,5,21,26
PDEE85601Q,0,45,45,0,7,7,3,16,19
LTMM85301A,9,25,34,2,6,8,9,18,27
VEEE842032,4,50,54,1,9,10,5,14,19
SREE838012,0,33,33,0,10,10,3,18,21
GEPM006018,49,138,187,9,44,53,15,25,40
KRMM80302E,12,31,43,1,7,8,17,10,27
SARA010027,71,113,184,10,50,60,25,20,45
LOEE80201R,5,68,73,4,17,21,1,22,23
BAPS06801L,26,74,100,1,16,17,4,17,21
NAEE8FD012,3,70,73,0,18,18,16,14,30
PRTD00401N,27,125,152,4,38,42,15,28,43
CNTL02451N,57,86,143,3,8,11,0,0,0
MBEE8E1017,7,92,99,3,21,24,8,29,37
VIMM80802Q,13,42,55,4,9,13,6,33,39
BATF06401B,54,72,126,0,4,4,12,21,33
ENEE825057,3,71,74,1,30,31,15,15,30
MOEE83502P,3,90,93,0,28,28,6,31,37
CZRC01101G,35,75,110,4,24,28,13,16,29
PAMM8AC011,8,41,49,1,11,12,7,19,26
SAEE05309B,5,55,60,1,18,19,9,12,21
PNEE81102N,3,76,79,1,14,15,7,23,30
VISL01301L,51,68,119,6,18,24,14,19,33
FITF010014,51,68,119,6,18,24,14,19,33
CREE82204R,8,90,98,4,32,36,6,36,42
MIEE86202T,4,50,54,1,13,14,6,17,23
CHMM81001B,9,24,33,2,12,14,5,16,21
CTRA03801X,77,104,181,12,42,54,22,25,47
UDRI006518,47,55,102,4,15,19,0,0,0
LOEE800026,4,61,65,3,16,19,2,22,24
LCMM82702B,8,44,52,3,9,12,3,32,35
PAPS100019,8,44,52,3,9,12,3,32,35
MBMM87501P,9,37,46,4,11,15,2,25,27
RMRI06601A,9,37,46,4,11,15,2,25,27
FIMM83501R,12,36,48,1,10,11,9,25,34
TREE82203G,5,59,64,1,16,17,4,21,25
BAEE026002,5,59,64,1,16,17,4,21,25
CAMM891011,5,19,24,3,7,10,7,13,20
RMRH00450X,26,67,93,6,20,26,0,0,0
PDMM824028,8,29,37,2,4,6,4,26,30
MNEE81505X,4,65,69,1,23,24,7,25,32
POEE812037,4,62,66,1,12,13,3,26,29
MIEE84001X,3,69,72,2,17,19,5,26,31
VATF01101C,45,95,140,4,25,29,8,27,35
MTMM810012,6,16,22,1,5,6,13,9,22
SAEE8B002Q,2,53,55,0,13,13,10,12,22
AVEE873034,1,46,47,0,7,7,10,18,28
ORMM81802X,3,22,25,1,6,7,4,15,19
MEMM81603R,10,22,32,2,4,6,8,23,31
FIMM84201X,12,39,51,2,7,9,7,27,34
PAEE03408B,5,84,89,3,26,29,10,15,25
BOEE868035,2,67,69,0,16,16,4,33,37
GEEE843092,2,50,52,0,11,11,3,26,29
TOEE86307V,1,68,69,0,15,15,11,28,39
PZMM82109N,13,23,36,2,2,4,7,26,33
APEE809018,1,27,28,0,3,3,2,23,25
RMEE892048,1,26,27,0,8,8,7,13,20
BSTL036022,69,112,181,2,15,17,15,30,45
MIEE8ER011,3,85,88,1,24,25,4,27,31
BNEE814023,1,21,22,0,0,0,7,11,18
CTSD02000E,45,91,136,12,32,44,10,21,31
ANEE83702V,0,62,62,0,17,17,7,28,35
COEE840025,4,42,46,1,12,13,4,16,20
LETF037517,39,49,88,4,13,17,0,0,0
GEEE85102N,9,100,109,4,33,37,10,29,39
BOSL02050Q,49,145,194,8,43,51,15,26,41
VIEE873064,3,51,54,2,13,15,6,25,31
CAEE840026,3,45,48,1,9,10,3,20,23
GEMM816018,4,28,32,1,11,12,2,19,21
RMEE8G2021,1,63,64,0,23,23,0,27,27
NAPS037016,39,107,146,10,29,39,17,16,33
PSEE808025,3,22,25,0,3,3,2,14,16
VEMM82301D,16,40,56,3,12,15,2,35,37
TVMM83101C,9,26,35,1,4,5,4,16,20
BNTF02201G,61,71,132,5,14,19,15,15,30
TOTF01601N,72,106,178,12,41,53,15,29,44
VREE84705V,3,87,90,1,15,16,4,24,28
TOEE8A802Q,2,62,64,0,15,15,7,32,39
GEEE838027,4,64,68,2,20,22,6,22,28
LTEE800042,2,87,89,1,39,40,8,26,34
BSEE8AK02P,5,105,110,1,22,23,8,26,34
BNEE82904V,3,54,57,0,12,12,8,21,29
NAEE14401P,1,39,40,0,9,9,6,15,21
SIEE807012,5,71,76,3,13,16,6,27,33
RMMM85301D,12,36,48,4,10,14,5,28,33
PZRH01050E,29,59,88,2,20,22,38,27,65
VCEE808017,4,60,64,2,20,22,5,28,33
TPTD02201L,4,60,64,2,20,22,5,28,33
MIEE82002Q,5,49,54,2,12,14,9,17,26
PVPS02000X,25,74,99,1,4,5,7,24,31
BNEE85506D,2,45,47,1,8,9,9,18,27
CZEE821026,1,62,63,0,10,10,8,17,25
NAEE8DH014,2,48,50,1,18,19,14,5,19
NAEE33502P,2,43,45,0,13,13,9,9,18
OREE810019,3,39,42,2,10,12,5,17,22
MEMM707013,3,39,42,2,10,12,5,17,22
IMTD00702B,39,49,88,4,7,11,11,12,23
GOEE80802X,4,46,50,1,9,10,2,19,21
ROEE82303B,1,29,30,1,8,9,4,15,19
TOEE8AJ01X,4,62,66,1,17,18,7,23,30
NAEE8GN01C,0,38,38,0,12,12,5,11,16
LTTD006016,49,118,167,11,33,44,13,23,36
CSEE86406C,1,18,19,1,3,4,12,7,19
BITF00401D,18,56,74,4,4,8,5,19,24
BGMM854027,10,22,32,4,4,8,6,12,18
MEMM83702R,10,56,66,0,13,13,11,24,35
SIMM806015,0,14,14,0,2,2,3,15,18
AGEE01100C,6,59,65,1,16,17,15,6,21
MITD103016,34,73,107,5,18,23,9,15,24
TVMM818012,11,36,47,3,7,10,6,22,28
RAEE82602V,5,72,77,2,18,20,3,31,34
MTMM828017,8,24,32,3,4,7,3,28,31
MIEE8E3023,7,47,54,3,8,11,8,21,29
BSEE81203Q,4,65,69,0,7,7,8,18,26
TVEE867018,5,104,109,0,21,21,7,23,30
GOMM80201V,0,25,25,0,8,8,3,17,20
MITD02102X,32,59,91,3,7,10,6,19,25
RITD00601P,40,94,134,3,27,30,16,38,54
BREE81602E,3,57,60,0,22,22,12,12,24
PAMM8AJ019,15,31,46,4,2,6,13,15,28
PCMM80801P,2,24,26,0,4,4,2,24,26
GRMM822017,7,13,20,2,1,3,5,11,16
MTEE82101D,1,25,26,0,4,4,8,8,16
CSEE8AH02E,4,92,96,0,27,27,13,17,30
UDRC021018,26,48,74,1,5,6,6,15,21
LOMM80702X,5,26,31,0,5,5,4,24,28
NAEE8BM02L,0,57,57,0,20,20,5,21,26
ANSD01002T,43,100,143,10,33,43,13,23,36
NARH090505,49,85,134,15,32,47,22,14,36
CHEE07201R,6,78,84,0,28,28,4,24,28
CBEE836014,3,33,36,0,4,4,17,42,59
VIMM813027,8,45,53,1,11,12,6,28,34
COPC020007,23,54,77,0,3,3,10,12,22
CZTF00750T,31,53,84,4,5,9,0,0,0
BGTD03301E,45,79,124,8,17,25,14,19,33
VIMM814034,17,38,55,5,8,13,7,34,41
BOEE85201D,2,66,68,1,17,18,10,22,32
BARI03901T,31,67,98,3,14,17,7,19,26
TARI02401R,69,70,139,12,28,40,18,24,42
MOEE84302N,4,110,114,1,33,34,7,29,36
CNEE86203A,3,123,126,0,46,46,12,46,58
PARH02050Q,134,216,350,33,81,114,62,36,98
SSRI01152N,59,54,113,10,32,42,0,0,0
PTPS01000P,33,49,82,1,5,6,8,18,26
AVEE86702Q,3,43,46,1,6,7,13,16,29
BLEE824034,4,40,44,2,6,8,4,19,23
PGEE825019,1,32,33,0,6,6,4,14,18
GEEE859017,7,94,101,4,25,29,5,33,38
CAEE8AB044,5,52,57,1,12,13,1,26,27
CBEE82001E,3,46,49,0,15,15,7,19,26
POEE812015,4,62,66,1,12,13,3,26,29
FRMM834019,6,23,29,2,6,8,2,16,18
CAEE8AA015,2,83,85,0,21,21,4,23,27
CSMM85006D,8,18,26,1,3,4,8,15,23
PZEE814028,6,30,36,1,3,4,1,16,17
SPEE81601X,3,38,41,0,11,11,4,25,29
BOEE86001C,3,70,73,2,14,16,6,25,31
FIPS01802N,37,91,128,7,22,29,7,21,28
AQPS018016,26,97,123,2,12,14,3,24,27
BGEE88803C,2,48,50,0,6,6,3,21,24
TPTD00201B,41,65,106,17,11,28,20,12,32
NAMM8CA01N,7,35,42,2,8,10,9,12,21
RMTF04050B,70,88,158,4,24,28,9,31,40
AGMM83801B,19,21,40,5,1,6,13,10,23
CAEE8AE01C,0,59,59,0,26,26,7,16,23
TAEE861034,1,31,32,0,4,4,3,19,22
CTEE04802E,6,73,79,0,18,18,11,10,21
BOEE812013,5,57,62,1,10,11,6,19,25
BAEE897025,0,62,62,0,16,16,8,19,27
NAEE8FR026,4,61,65,1,20,21,12,10,22
BOEE876012,3,40,43,1,15,16,6,16,22
NARI138014,79,113,192,10,36,46,24,13,37
TERI011015,60,131,191,16,56,72,19,26,45
TPEE01201P,2,68,70,0,23,23,9,16,25
AREE81703E,0,40,40,0,10,10,2,17,19
ANEE83802P,2,27,29,0,6,6,1,17,18
AREE813048,8,76,84,3,23,26,4,32,36
VTMM80302G,4,16,20,1,2,3,3,19,22
PGRI03601D,11,32,43,6,13,19,3,10,13
GEMM85101G,20,54,74,8,16,24,10,29,39
VIMM849044,13,26,39,1,4,5,6,18,24
VIEE835025,3,29,32,0,11,11,5,10,15
RMEE833019,2,76,78,1,12,13,6,14,20
RNEE806042,3,104,107,1,35,36,13,33,46
RMEE8A3058,4,104,108,3,27,30,4,32,36
RMRF11301Q,37,123,160,6,31,37,9,29,38
LCMM823046,14,50,64,4,13,17,6,43,49
ANEE844033,5,69,74,2,14,16,6,31,37
BSMM87101C,6,29,35,1,4,5,8,21,29
MIMM8A302G,13,39,52,3,10,13,4,29,33
TOEE8AS01Q,4,49,53,0,8,8,10,28,38
AGMM819045,23,35,58,4,3,7,27,15,42
GEEE818011,2,22,24,0,4,4,0,0,0
VCEE803036,6,55,61,4,22,26,4,23,27
SSTD01654D,70,84,154,15,22,37,0,0,0
LTSL02000C,34,65,99,8,15,23,6,21,27
VREE85504R,5,89,94,3,20,23,7,31,38
LTMM80802D,10,17,27,6,5,11,3,17,20
PZRH010005,29,59,88,2,20,22,38,27,65
NAMM87901P,14,55,69,6,16,22,8,12,20
GEEE805053,3,48,51,1,10,11,7,26,33
APEE82802P,3,62,65,2,12,14,5,30,35
TOMM829025,9,28,37,4,5,9,9,31,40
TOEE84001X,2,71,73,1,23,24,5,26,31
SAEE8B601N,4,63,67,2,22,24,13,6,19
UDMM80903N,5,12,17,1,1,2,5,18,23
NOEE83201D,4,40,44,3,12,15,14,19,33
SIMM81201C,8,28,36,3,5,8,4,34,38
BSMM84001R,13,41,54,2,6,8,11,22,33
BIEE816037,8,89,97,4,28,32,11,28,39
PZTD024038,25,86,111,0,17,17,14,21,35
TPPM03000Q,17,69,86,4,17,21,12,15,27
CSRA05301V,15,29,44,2,9,11,9,7,16
NAEE8D704B,1,46,47,0,14,14,9,8,17
BNEE842027,0,19,19,0,4,4,7,14,21
CNEE855015,5,63,68,2,18,20,11,20,31
PNEE83203Q,3,67,70,2,11,13,4,24,28
RGEE83402V,3,67,70,2,11,13,4,24,28
LCEE80506Q,3,48,51,0,6,6,9,18,27
KRRC00201Q,3,48,51,0,6,6,9,18,27
PDMM87103V,12,35,47,3,7,10,4,23,27
BIEE81903P,10,64,74,5,16,21,16,39,55
NAMM607002,9,65,74,0,8,8,3,16,19
CNMM80201G,5,22,27,0,5,5,3,27,30
NAPS03000A,27,71,98,0,3,3,11,21,32
PGEE841028,4,24,28,0,7,7,1,25,26
NARC06201B,50,110,160,15,29,44,22,16,38
VBEE804019,1,43,44,1,10,11,5,26,31
BAEE027064,2,65,67,2,17,19,6,15,21
PIMM83403T,2,65,67,2,17,19,6,15,21
AVMM844011,2,65,67,2,17,19,6,15,21
MEMM842028,8,25,33,1,4,5,7,26,33
PTEE809024,8,52,60,3,19,22,2,20,22
MBMM8CM01R,7,30,37,2,7,9,8,15,23
PAEE83702G,2,42,44,1,13,14,12,12,24
VCMM811012,10,43,53,2,14,16,4,28,32
RCPM036017,24,64,88,4,13,17,14,12,26
RMMM8AB028,10,20,30,3,3,6,5,15,20
BSEE81902D,2,46,48,0,7,7,9,16,25
MOEE85101G,6,106,112,2,35,37,10,25,35
SOEE80405X,3,45,48,2,4,6,5,21,26
AQEE829025,3,49,52,0,13,13,1,26,27
NAEE172075,2,72,74,1,18,19,14,9,23
PAEE88801B,3,57,60,2,9,11,18,9,27
MIEE8FT02N,4,73,77,1,10,11,9,20,29
POMM805011,16,41,57,5,14,19,3,21,24
AGEE848057,8,57,65,4,18,22,11,19,30
GEEE859039,7,94,101,4,25,29,5,33,38
VVEE81504G,2,26,28,0,5,5,9,14,23
NUMM87901V,2,14,16,0,2,2,3,11,14
CZMM872044,12,26,38,1,4,5,11,18,29
PDEE84801R,2,39,41,0,8,8,2,18,20
NAEE8F4012,2,45,47,0,13,13,11,10,21
TVEE83701C,6,64,70,1,17,18,3,27,30
BGEE84903T,2,69,71,1,22,23,5,17,22
GEMM86401N,10,44,54,0,10,10,4,22,26
CEEE8A701E,2,47,49,1,13,14,8,11,19
ANEE851025,2,47,49,1,13,14,8,11,19
CATD03202G,23,49,72,3,7,10,10,19,29
LEEE08101A,2,48,50,1,11,12,4,17,21
AREE82302R,6,64,70,4,24,28,9,23,32
NAMM07800V,4,54,58,0,7,7,4,11,15
RGPM01801D,27,111,138,1,10,11,10,34,44
VVRC009016,54,52,106,9,12,21,20,17,37
MEEE830012,3,42,45,2,10,12,9,11,20
SSMM806033,10,29,39,1,10,11,3,23,26
TPTD00802B,43,73,116,11,21,32,22,19,41
VAEE843019,2,73,75,0,18,18,2,26,28
GRRC00902X,39,95,134,4,22,26,9,24,33
ENEE82001X,2,49,51,0,12,12,11,19,30
TREE82103Q,1,41,42,0,11,11,1,24,25
BAEE17800G,1,65,66,0,25,25,1,20,21
FREE83905N,2,90,92,1,29,30,8,20,28
CATL031026,103,88,191,10,25,35,21,23,44
TOEE807018,3,42,45,2,5,7,10,17,27
BARH058504,52,101,153,7,35,42,0,0,0
LUEE83005A,5,61,66,1,11,12,3,27,30
TOEE888055,6,75,81,2,24,26,14,25,39
BREE02201T,2,65,67,1,14,15,6,19,25
MIMM8B9014,15,53,68,2,16,18,11,16,27
TOEE81304P,6,29,35,2,7,9,4,16,20
FOEE021005,2,64,66,2,12,14,1,30,31
CEEE8BE05N,3,72,75,0,15,15,15,18,33
CNEE83703N,0,39,39,0,12,12,2,20,22
CSEE829032,6,16,22,1,2,3,12,13,25
RIMM82402X,6,20,26,0,5,5,5,25,30
TOPS05201P,59,162,221,18,57,75,13,22,35
PAEE8AA02B,4,64,68,1,29,30,11,14,25
RMEE8A3036,4,104,108,3,27,30,4,32,36
PGSD03000P,25,81,106,6,39,45,7,21,28
SAMM83003A,7,12,19,1,0,1,7,10,17
MIEE8A304P,7,12,19,1,0,1,7,10,17
CNRH028013,7,12,19,1,0,1,7,10,17
LEEE832014,0,35,35,0,8,8,8,11,19
ARMM83701L,8,26,34,2,10,12,6,18,24
SSMM02800T,34,61,95,14,19,33,3,13,16
FIMM834011,15,48,63,3,16,19,7,26,33
MSRI006012,72,133,205,19,53,72,15,29,44
KREE80304N,4,46,50,2,14,16,17,10,27
AVEE88203V,4,45,49,0,12,12,3,22,25
AVMM81803E,17,33,50,5,6,11,16,20,36
MEMM849012,9,16,25,3,2,5,13,12,25
GEEE81502E,2,27,29,1,7,8,5,16,21
ALMM823018,5,18,23,0,4,4,8,23,31
LEMM816026,8,24,32,1,1,2,9,18,27
SAPM05801P,38,96,134,6,11,17,15,13,28
ARSD01701B,16,52,68,4,17,21,4,19,23
FREE82001C,1,37,38,1,5,6,5,17,22
CZRC011511,35,75,110,4,24,28,0,0,0
PIEE838014,4,47,51,0,13,13,0,25,25
SSRC02901Q,4,47,51,0,13,13,0,25,25
BOTF023014,103,98,201,6,17,23,27,28,55
TVEE87306R,103,98,201,6,17,23,27,28,55
TOMM86301G,19,33,52,5,11,16,11,28,39
MIEE8CH021,7,77,84,4,17,21,9,17,26
RMEE8FS03B,5,116,121,4,30,34,9,29,38
PNRI00602X,72,116,188,10,33,43,20,28,48
FGEE87002D,0,39,39,0,14,14,11,14,25
GEEE80602Q,3,35,38,3,9,12,2,16,18
UDEE827027,5,45,50,3,9,12,5,19,24
APEE82903G,1,64,65,0,15,15,8,29,37
PGEE86602L,3,36,39,0,6,6,4,23,27
NAMM8CW01R,16,60,76,3,18,21,10,12,22
RMEE8AM043,1,46,47,0,14,14,5,19,24
PVEE823021,1,60,61,0,19,19,5,34,39
SIPC00101C,26,76,102,2,10,12,5,20,25
TOEE832011,1,47,48,0,12,12,2,28,30
REMM81101D,7,23,30,0,5,5,5,20,25
CSTE051011,43,159,202,4,35,39,14,22,36
MSEE80902R,4,76,80,0,22,22,6,27,33
CSPC07601V,6,40,46,0,11,11,1,0,1
TOMM857018,10,24,34,3,6,9,4,23,27
MCEE812028,1,28,29,1,6,7,4,15,19
RAEE804011,3,61,64,0,13,13,4,27,31
RIEE81702T,5,61,66,1,21,22,3,32,35
CNEE86401X,2,79,81,1,23,24,6,34,40
BSEE8AD03B,2,66,68,0,12,12,9,24,33
SAEE8A201Q,5,28,33,0,8,8,6,15,21
KRRC002548,5,28,33,0,8,8,6,15,21
KREE82902Q,2,46,48,0,16,16,14,8,22
CSRH01701X,51,116,167,7,43,50,34,38,72
CEMM843012,10,43,53,6,10,16,10,9,19
PREE83203G,1,50,51,0,10,10,4,19,23
RMEE8GN02C,2,77,79,1,23,24,4,22,26
BGEE85901A,2,56,58,0,8,8,6,19,25
VCEE80601G,3,48,51,1,16,17,6,24,30
NOEE81606R,1,89,90,1,30,31,11,31,42
ISEE829014,0,34,34,0,13,13,10,17,27
MCEE83701G,0,34,34,0,13,13,10,17,27
CNMM85902C,4,34,38,1,10,11,9,30,39
PVTD009023,44,103,147,2,18,20,10,24,34
RNRC00201L,56,103,159,6,19,25,6,33,39
PDEE89004A,6,72,78,0,11,11,7,24,31
LCMM81302D,10,33,43,4,5,9,6,27,33
SOPS00801G,59,68,127,6,12,18,7,23,30
TOTD09050N,28,61,89,3,2,5,9,18,27
PAEE81401T,5,46,51,2,16,18,14,6,20
VAEE873026,2,67,69,1,16,17,6,25,31
BNPC002015,32,82,114,2,9,11,11,22,33
ATEE005041,1,85,86,0,23,23,3,25,28
TVRA018026,55,58,113,11,20,31,18,25,43
BOEE80801B,9,84,93,2,29,31,3,30,33
NATD037012,39,107,146,10,29,39,17,16,33
POEE81601C,5,65,70,1,11,12,5,26,31
SOPS00201L,27,63,90,3,13,16,8,27,35
FGEE879031,3,53,56,0,16,16,18,5,23
PZEE88503B,0,54,54,0,7,7,8,20,28
CZEE86502X,2,57,59,1,12,13,15,14,29
LTEE85302C,2,55,57,1,23,24,9,18,27
CBPS02301E,71,82,153,4,20,24,14,30,44
AQEE84001V,1,86,87,0,33,33,11,21,32
MIEE8FE018,6,52,58,2,8,10,6,22,28
PTEE81503C,5,85,90,1,33,34,1,31,32
SARA010049,71,113,184,10,50,60,25,20,45
BGEE84603A,4,84,88,2,20,22,2,27,29
ANTD01651E,101,145,246,12,31,43,0,0,0
CZMM85201Q,8,26,34,1,4,5,9,18,27
POEE82201Q,6,88,94,3,22,25,8,37,45
NAMM8FD011,4,33,37,0,5,5,16,14,30
SVMM81001A,5,23,28,0,8,8,3,22,25
MBMM8E1016,22,68,90,10,20,30,8,29,37
ATEE81802X,6,68,74,2,15,17,7,27,34
NAEE147005,2,86,88,0,27,27,10,15,25
GEEE86403R,2,56,58,1,10,11,4,22,26
FGMM842017,10,27,37,2,12,14,7,17,24
CTEE83401E,0,66,66,0,24,24,9,22,31
MIEE8FP01X,11,103,114,4,28,32,12,21,33
MOPM01000T,37,97,134,4,25,29,7,25,32
BREE82301L,0,43,43,0,13,13,13,9,22
SAEE05308A,5,55,60,1,18,19,9,12,21
PCEE80402D,2,33,35,0,5,5,7,16,23
GREE81802N,3,54,57,0,14,14,5,25,30
CHMM81002C,9,24,33,2,12,14,5,16,21
ATEE812054,4,56,60,3,11,14,7,31,38
AVTF02101X,48,73,121,6,15,21,11,17,28
TPRC022019,39,106,145,12,44,56,15,17,32
UDRI00601V,47,55,102,4,15,19,17,12,29
ENEE820021,2,49,51,0,12,12,11,19,30
BAEE87403D,3,62,65,1,20,21,6,21,27
MIEE82001P,5,49,54,2,12,14,9,17,26
NARA112018,35,47,82,7,10,17,14,10,24
MCEE83004X,5,73,78,1,19,20,5,24,29
TVMM847012,7,21,28,1,3,4,0,19,19
CTEE85501G,3,63,66,0,15,15,9,22,31
GERC00602R,49,138,187,9,44,53,15,25,40
NAEE332016,2,58,60,0,17,17,8,15,23
PIEE82304D,2,44,46,0,8,8,6,18,24
FGRH060003,58,59,117,12,13,25,23,15,38
NARH128012,57,98,155,3,26,29,21,15,36
RMRH00401G,26,67,93,6,20,26,10,26,36
MNEE81503T,4,65,69,1,23,24,7,25,32
NUMM821017,9,20,29,1,4,5,1,22,23
CLPM01401T,34,85,119,10,24,34,13,13,26
TREE009003,2,61,63,0,21,21,4,19,23
MIEE84101Q,1,44,45,0,9,9,2,12,14
VREE86405L,3,56,59,0,13,13,5,18,23
UDEE84005R,2,25,27,0,1,1,4,21,25
VRMM880019,9,21,30,0,2,2,4,16,20
CAMM88503Q,17,24,41,3,4,7,7,22,29
LEEE875012,0,49,49,0,10,10,11,8,19
AREE81701C,0,40,40,0,10,10,2,17,19
PZMM82103B,13,23,36,2,2,4,7,26,33
BNMM81002P,9,21,30,2,2,4,8,24,32
MBTD41000Q,34,84,118,0,11,11,8,22,30
UDMM84503R,9,26,35,0,4,4,6,24,30
TREE82201D,5,59,64,1,16,17,4,21,25
PDEE82403A,0,43,43,0,8,8,4,26,30
SAEE866047,4,25,29,0,3,3,10,11,21
BOSL02000A,49,145,194,8,43,51,15,26,41
GERI020503,32,30,62,2,6,8,14,16,30
LEEE816027,3,47,50,1,10,11,9,18,27
MIEE8D001X,9,88,97,4,21,25,3,30,33
ARRI01750E,16,52,68,4,17,21,0,0,0
LEMM823018,10,30,40,1,6,7,10,16,26
GEMM82901A,6,14,20,1,5,6,4,19,23
GEEE817015,1,52,53,0,18,18,5,27,32
AREE842037,5,56,61,2,15,17,2,28,30
SVMM82201L,13,31,44,2,7,9,7,23,30
GEMM84301L,6,23,29,3,4,7,3,26,29
CZMM84002E,8,21,29,0,3,3,9,18,27
LUEE81101R,5,53,58,0,18,18,6,26,32
TOEE8A803R,2,62,64,0,15,15,7,32,39
CSEE810042,0,16,16,0,2,2,7,5,12
PSEE81504A,2,27,29,1,3,4,7,17,24
VETL02101N,68,80,148,11,21,32,18,30,48
MIMM8AF012,8,24,32,4,9,13,7,10,17
CTSD05000A,8,24,32,4,9,13,7,10,17
RMEE8BK04A,8,24,32,4,9,13,7,10,17
BOMM817015,5,40,45,3,8,11,9,16,25
FITA00750X,55,84,139,13,32,45,0,0,0
REMM83101P,8,34,42,2,6,8,6,28,34
LEPS034018,56,62,118,0,4,4,13,21,34
TPMM81901B,5,30,35,0,6,6,3,19,22
TOEE8A201Q,3,67,70,1,25,26,15,20,35
BNMM82901P,15,35,50,2,6,8,8,21,29
ANEE835027,3,37,40,0,15,15,3,19,22
CSEE8AU027,1,37,38,0,7,7,10,14,24
RMEE83101N,3,45,48,1,14,15,3,20,23
VEEE82301E,2,80,82,1,20,21,2,35,37
PVMM82602B,19,67,86,10,29,39,10,46,56
TVEE83102E,1,36,37,0,7,7,4,16,20
MOMM810018,9,27,36,4,2,6,7,29,36
BNTD022019,61,71,132,5,14,19,15,15,30
TOEE8CH021,8,81,89,4,20,24,5,30,35
FGEE106046,1,41,42,0,11,11,6,11,17
BAEE897014,0,62,62,0,16,16,8,19,27
PARH021028,47,110,157,18,54,72,29,9,38
TPEE01202Q,2,68,70,0,23,23,9,16,25
RGMM82001V,9,23,32,2,3,5,8,21,29
CHMM817027,8,20,28,3,6,9,2,22,24
BSEE8AK04R,5,105,110,1,22,23,8,26,34
UDEE81204G,3,60,63,1,10,11,5,29,34
ROPM01000Q,30,82,112,2,7,9,11,20,31
CBMM85302T,10,14,24,2,2,4,4,18,22
SAMM8AA01V,11,26,37,2,2,4,9,12,21
BGEE80801D,2,41,43,0,12,12,5,11,16
TSPS010006,11,34,45,0,0,0,6,8,14
PTEE82103Q,3,34,37,1,10,11,4,22,26
AVMM842019,4,25,29,0,8,8,6,12,18
SAMM8AG01T,9,15,24,3,1,4,12,6,18
BGEE868048,3,62,65,1,10,11,4,25,29
BGEE854017,2,51,53,0,11,11,6,12,18
SREE82102N,3,51,54,3,15,18,8,22,30
CAMM84101X,10,25,35,6,6,12,10,9,19
RMMM8E301D,7,47,54,0,12,12,3,27,30
VEEE855034,0,63,63,0,15,15,9,28,37
MERH024509,49,95,144,6,30,36,0,0,0
LOPM010008,19,82,101,1,9,10,6,16,22
CRMM81501D,7,19,26,3,5,8,5,19,24
BNEE849033,3,31,34,1,7,8,7,17,24
FRMM80402E,6,15,21,2,4,6,4,15,19
GOEE80201X,0,41,41,0,11,11,3,17,20
NAEE8BF028,2,30,32,0,6,6,11,10,21
RIRI007508,58,65,123,5,6,11,0,0,0
CSEE89205G,3,58,61,0,13,13,13,11,24
AGPM017011,56,73,129,3,13,16,21,14,35
TAMM815017,6,13,19,0,2,2,4,12,16
CSEE8AH01D,4,92,96,0,27,27,13,17,30
TAEE840022,6,85,91,3,27,30,11,18,29
BAPS064019,54,72,126,0,4,4,12,21,33
MEPC060017,17,67,84,3,12,15,11,14,25
ANSD01001R,43,100,143,10,33,43,13,23,36
SVEE811028,3,59,62,1,15,16,7,24,31
RMMM8D901T,11,51,62,2,12,14,9,19,28
SSMM813025,13,32,45,1,10,11,4,31,35
LTPC006017,49,118,167,11,33,44,13,23,36
CEMM8BE06N,14,28,42,5,3,8,15,18,33
BRPS00301X,23,73,96,4,14,18,9,12,21
GREE81806T,3,54,57,0,14,14,5,25,30
AVEE851015,1,31,32,0,7,7,3,12,15
SATF07401N,59,72,131,6,12,18,28,16,44
CAEE845018,3,49,52,0,10,10,6,17,23
VITL013012,51,68,119,6,18,24,14,19,33
APEE804059,9,59,68,1,20,21,9,34,43
SIEE806027,3,36,39,0,9,9,3,15,18
FITF010003,64,75,139,1,5,6,10,23,33
BGRC033017,45,79,124,8,17,25,14,19,33
SAEE81901E,1,29,30,1,6,7,7,12,19
NUEE83202Q,3,27,30,1,3,4,4,17,21
PDTD01701D,35,58,93,3,3,6,7,22,29
PAPS10002A,35,58,93,3,3,6,7,22,29
RCEE84304X,1,48,49,1,10,11,9,18,27
BLRI001024,41,46,87,4,4,8,10,16,26
BASD039013,31,67,98,3,14,17,7,19,26
NAEE069016,5,58,63,3,24,27,6,14,20
NAEE10102T,8,83,91,5,36,41,15,11,26
MTEE82702D,3,90,93,0,14,14,7,31,38
RMEE8ER01D,4,58,62,1,15,16,5,15,20
COMM81902P,12,26,38,4,6,10,1,31,32
BRMM81601C,7,30,37,2,12,14,12,12,24
GREE822029,2,25,27,1,6,7,5,11,16
ATEE808029,0,43,43,0,10,10,4,25,29
UDTD02101G,26,48,74,1,5,6,6,15,21
CEMM8AK01A,8,20,28,3,5,8,11,10,21
LIMM81601C,6,23,29,1,9,10,4,18,22
POEE812026,4,62,66,1,12,13,3,26,29
MIRC074014,42,67,109,6,23,29,11,13,24
MNMM820027,10,33,43,2,6,8,10,25,35
BGMM888019,7,20,27,1,4,5,3,21,24
CBMM836013,6,19,25,0,3,3,17,42,59
VIEE81305B,2,60,62,0,14,14,6,28,34
NARI09650G,53,101,154,12,33,45,0,0,0
PVEE80302Q,1,57,58,0,15,15,7,25,32
COPM02000B,38,87,125,1,6,7,4,25,29
BOEE86902X,2,29,31,0,7,7,8,18,26
PAEE85804P,5,53,58,1,14,15,14,14,28
SSMM835033,10,17,27,1,2,3,6,11,17
VREE831015,1,43,44,0,10,10,2,15,17
CTEE8BA02D,2,53,55,1,23,24,5,17,22
CBMM82401R,9,16,25,1,4,5,0,0,0
RAMM811013,15,46,61,6,11,17,4,30,34
ANEE83801N,2,27,29,0,6,6,1,17,18
PTPS03000X,20,63,83,0,13,13,5,21,26
CSMM85301Q,5,13,18,0,3,3,5,12,17
BLMM824022,7,24,31,1,2,3,4,19,23
PAEE077067,2,71,73,1,25,26,18,5,23
CSEE81206Q,4,78,82,0,19,19,12,18,30
BAEE81902X,1,69,70,0,26,26,7,15,22
FREE83402B,1,43,44,0,17,17,2,16,18
LUEE82705E,1,43,44,0,17,17,2,16,18
TOMM894039,20,42,62,4,10,14,16,31,47
FIPS01801L,37,91,128,7,22,29,7,21,28
AQSD01801L,26,97,123,2,12,14,3,24,27
TPPM00201L,41,65,106,17,11,28,20,12,32
RMEE8A3025,4,104,108,3,27,30,4,32,36
ENEE817036,2,42,44,0,10,10,14,10,24
BAEE87901E,1,46,47,0,15,15,10,11,21
PAEE8AX04C,3,61,64,1,23,24,16,10,26
MSEE82002G,4,70,74,2,20,22,2,29,31
BARI050523,63,67,130,5,33,38,24,14,38
NARI137029,102,152,254,21,59,80,22,31,53
APMM82203Q,10,28,38,2,7,9,6,33,39
FGMM84701A,8,16,24,1,1,2,11,7,18
FIEE854017,5,66,71,1,18,19,8,23,31
CEMM849011,13,27,40,4,10,14,11,11,22
RMEE893011,2,75,77,0,34,34,8,18,26
MIMM895013,16,47,63,7,15,22,6,20,26
CTTD18050T,45,100,145,4,26,30,13,14,27
CASL01350E,23,49,72,6,10,16,0,0,0
CSEE872016,3,76,79,0,18,18,17,15,32
FRMM851013,8,33,41,0,8,8,2,18,20
TVEE83702D,6,64,70,1,17,18,3,27,30
VRMM85502N,7,39,46,1,6,7,7,31,38
RMRF113515,37,123,160,6,31,37,0,0,0
LTMM80801C,10,17,27,6,5,11,3,17,20
APEE826089,1,57,58,0,16,16,6,34,40
MNMM80802L,13,44,57,5,15,20,7,27,34
RMMM8FR013,4,35,39,1,7,8,5,25,30
LIRC002501,36,102,138,9,33,42,0,0,0
NAMM87501B,10,36,46,5,9,14,12,16,28
UDMM821016,12,18,30,4,3,7,3,23,26
RCMM85704R,8,16,24,4,3,7,5,12,17
SAEE8B602P,4,63,67,2,22,24,13,6,19
SIEE81204L,1,67,68,0,18,18,4,34,38
PZRC02401V,25,86,111,0,17,17,14,21,35
VEPS07000G,26,74,100,1,9,10,9,26,35
APMM83501Q,9,47,56,1,10,11,3,34,37
TPPM050001,32,74,106,6,15,21,10,10,20
CEEE87401P,3,67,70,2,16,18,19,9,28
MBEE84802C,10,75,85,4,18,22,2,23,25
KREE80305P,4,46,50,2,14,16,17,10,27
PAMM8AB015,12,20,32,7,6,13,11,13,24
BLTF00801P,70,76,146,6,8,14,12,24,36
RMEE8E301E,2,96,98,0,31,31,3,27,30
BIEE81901L,10,64,74,5,16,21,16,39,55
APEE82801N,3,62,65,2,12,14,5,30,35
TAEE824013,3,38,41,0,9,9,2,15,17
RMEE8FQ029,3,60,63,1,19,20,4,24,28
NAMM535009,17,82,99,2,21,23,10,11,21
MCEE806076,2,29,31,0,3,3,5,13,18
TVEE818057,4,59,63,1,14,15,6,22,28
VEEE859019,2,61,63,0,14,14,6,20,26
LTEE826013,1,23,24,0,6,6,4,9,13
VAMM865026,15,34,49,1,12,13,2,26,28
PCEE81202C,5,107,112,0,28,28,9,37,46
CNEE85402A,2,81,83,0,23,23,9,22,31
SVMM817026,11,36,47,1,13,14,10,26,36
TVEE86704B,5,104,109,0,21,21,7,23,30
MSRC00602A,5,104,109,0,21,21,7,23,30
BAEE026079,5,104,109,0,21,21,7,23,30
SOEE81101V,3,23,26,1,3,4,7,14,21
NAEE8EP01V,3,23,26,1,3,4,7,14,21
PIEE834051,3,23,26,1,3,4,7,14,21
AVEE844012,3,23,26,1,3,4,7,14,21
IMEE80201V,1,63,64,0,12,12,7,22,29
MIPS026016,46,95,141,5,5,10,19,19,38
RCMM839014,18,32,50,4,6,10,19,15,34
TVEE825016,1,50,51,0,9,9,9,25,34
PAMM83702E,19,19,38,8,6,14,12,12,24
VCEE810039,6,83,89,3,19,22,7,26,33
MTMM82002N,6,83,89,3,19,22,7,26,33
PNMM83201L,6,21,27,2,3,5,4,24,28
NAEE8B503D,0,12,12,0,4,4,9,9,18
KREE83002X,3,47,50,1,17,18,12,16,28
PZEE82105E,2,64,66,0,9,9,7,26,33
PNEE815054,2,81,83,1,15,16,1,27,28
NAPS06201V,50,110,160,15,29,44,22,16,38
SSMM82503C,8,20,28,2,8,10,2,22,24
CNMM862028,26,67,93,11,20,31,12,46,58
PARI010029,26,67,93,11,20,31,12,46,58
CBEE828026,3,43,46,1,15,16,3,20,23
POEE80601T,6,60,66,1,7,8,5,31,36
MBEE8AL01R,4,57,61,0,15,15,4,17,21
NOEE81703D,0,55,55,0,17,17,10,21,31
FIEE87609C,5,102,107,2,21,23,7,48,55
NAEE839019,1,19,20,0,7,7,5,11,16
VVEE81502D,2,26,28,0,5,5,9,14,23
MSEE80904V,4,76,80,0,22,22,6,27,33
VREE84302C,5,71,76,3,16,19,8,18,26
SAMM809042,15,13,28,1,4,5,5,15,20
PIMM817023,10,39,49,5,12,17,4,22,26
NAEE00300E,10,39,49,5,12,17,4,22,26
RMEE8AB029,4,49,53,1,16,17,5,15,20
MOEE85102L,6,106,112,2,35,37,10,25,35
MITN09401E,52,89,141,8,25,33,18,15,33
LETD04751G,37,87,124,3,11,14,0,0,0
SPMM81901A,4,47,51,0,13,13,3,26,29
RGPC018019,27,111,138,1,10,11,10,34,44
RCMM85001V,11,19,30,1,8,9,15,7,22
RERH008509,48,104,152,13,27,40,0,0,0
PAEE81702A,2,45,47,0,7,7,20,8,28
TVMM846027,9,28,37,1,4,5,4,24,28
TVTL019513,49,69,118,3,8,11,0,0,0
PREE81006T,2,33,35,0,6,6,6,18,24
PAEE88804E,3,57,60,2,9,11,18,9,27
GEEE85801B,4,77,81,0,17,17,14,28,42
FREE83901D,2,90,92,1,29,30,8,20,28
PIEE82201E,3,56,59,0,16,16,4,30,34
CATF031011,103,88,191,10,25,35,21,23,44
BARH05801Q,52,101,153,7,35,42,17,14,31
RMMM8GN01A,6,38,44,3,10,13,4,22,26
TSEE81701D,0,31,31,0,2,2,3,15,18
PTEE81401E,2,80,82,2,26,28,3,26,29
MEMM86601Q,3,30,33,1,7,8,6,23,29
SRMM81301L,9,25,34,0,6,6,5,17,22
PGSD03601P,11,32,43,6,13,19,3,10,13
ENEE81503E,1,59,60,0,19,19,10,20,30
TPEE83901N,3,59,62,2,19,21,16,12,28
RCMM806051,12,31,43,4,12,16,11,14,25
VIMM849011,13,26,39,1,4,5,6,18,24
MOEE817069,12,95,107,5,29,34,8,27,35
COEE853038,9,94,103,7,23,30,10,30,40
BNMM86201A,9,94,103,7,23,30,10,30,40
FEMM81901G,4,14,18,1,2,3,6,24,30
ATEE00102G,3,82,85,1,27,28,9,17,26
RIMM82502Q,13,45,58,4,10,14,5,32,37
VEEE841047,4,60,64,1,12,13,7,24,31
FIEE81002E,4,40,44,1,8,9,2,20,22
BREE022041,2,65,67,1,14,15,6,19,25
GRTL01101L,70,51,121,10,12,22,12,21,33
RMEE8A3014,4,104,108,3,27,30,4,32,36
PGSD03001Q,4,104,108,3,27,30,4,32,36
VRPS00101T,27,54,81,3,12,15,5,14,19
FIEE85001X,4,62,66,3,12,15,7,23,30
MIEE8A301G,6,80,86,2,15,17,4,29,33
NURI01401V,57,61,118,3,12,15,14,16,30
TOEE8AQ04T,5,60,65,2,16,18,7,30,37
VIEE857044,2,89,91,0,24,24,7,22,29
PAMM8AG029,32,55,87,17,22,39,18,12,30
TOEE80706D,3,42,45,2,5,7,10,17,27
MIEE8AP02C,9,72,81,5,18,23,4,26,30
SAPC05801E,38,96,134,6,11,17,15,13,28
RMMM8EG01R,8,73,81,3,26,29,3,27,30
MNEE822031,4,30,34,2,5,7,1,23,24
ATEE812021,4,56,60,3,11,14,7,31,38
CSMM81101N,14,21,35,3,5,8,9,10,19
BORI02450B,49,68,117,8,17,25,0,0,0
MIEE8AX01Q,0,43,43,0,9,9,2,20,22
BSEE87202A,2,44,46,0,8,8,6,14,20
RMEE8FT015,4,61,65,0,16,16,13,11,24
UDEE827038,5,45,50,3,9,12,5,19,24
FIEE834012,3,80,83,2,22,24,7,26,33
RMMM8AM02X,10,21,31,6,8,14,5,19,24
CHMM840017,14,35,49,2,12,14,7,19,26
NAEE8DE01L,2,47,49,1,14,15,16,14,30
CAEE870033,2,47,49,1,14,15,16,14,30
MNEE81504V,4,65,69,1,23,24,7,25,32
NUEE86703Q,3,26,29,0,4,4,2,15,17
CSTE05151A,43,159,202,4,35,39,0,0,0
NAMM8BN01A,8,49,57,0,13,13,11,17,28
UDEE828034,0,52,52,0,9,9,2,18,20
MCEE812017,1,28,29,1,6,7,4,15,19
RAEE804022,3,61,64,0,13,13,4,27,31
NAMM8AN014,6,18,24,3,4,7,8,13,21
NAEE11401V,2,59,61,0,16,16,11,8,19
VIEE88404C,3,88,91,1,13,14,8,27,35
CHEE03409A,3,43,46,0,11,11,0,0,0
SAMM8A202Q,14,20,34,1,4,5,6,15,21
VIEE873031,3,51,54,2,13,15,6,25,31
TOEE86303P,1,68,69,0,15,15,11,28,39
APMM805054,5,16,21,0,1,1,0,0,0
VEEE82905N,2,43,45,0,10,10,5,18,23
SOMM816022,3,14,17,0,3,3,2,22,24
PREE833019,5,82,87,3,17,20,6,25,31
APEE82902E,1,64,65,0,15,15,8,29,37
PAEE8AR022,3,56,59,1,10,11,12,14,26
VCMM810016,11,36,47,6,6,12,7,26,33
UDMM819027,17,54,71,4,13,17,7,28,35
NASL03201X,32,70,102,3,20,23,13,9,22
SVEE82202P,3,56,59,1,15,16,7,23,30
LOEE81502X,7,83,90,2,23,25,3,29,32
SOTD00201C,27,63,90,3,13,16,8,27,35
MBMM8CP01C,11,33,44,2,5,7,4,29,33
PIEE83901X,1,65,66,0,24,24,3,27,30
PZEE88508L,0,54,54,0,7,7,8,20,28
NAEE172053,2,72,74,1,18,19,14,9,23
PARH01850Q,41,34,75,2,4,6,0,0,0
AQMM84001T,7,43,50,1,17,18,11,21,32
SAMM8AM02B,7,43,50,1,17,18,11,21,32
BGMM85902A,16,36,52,5,10,15,6,19,25
MNMM804018,14,28,42,2,9,11,8,23,31
FGEE106024,1,41,42,0,11,11,6,11,17
FITA00701G,55,84,139,13,32,45,17,30,47
SVEE81002C,3,39,42,2,8,10,3,22,25
NAEE147414,2,86,88,0,27,27,10,15,25
FOEE813038,3,33,36,1,10,11,7,19,26
PAMM89901R,8,38,46,2,13,15,15,12,27
GEEE86402Q,2,56,58,1,10,11,4,22,26
MIEE8GH02B,15,96,111,7,27,34,9,22,31
BGMM80701L,11,32,43,2,11,13,9,20,29
PCMM80402C,8,15,23,3,0,3,7,16,23
AGEE863037,11,76,87,4,9,13,15,13,28
CAMM840025,10,23,33,2,6,8,3,20,23
AVRH01802R,34,72,106,4,16,20,15,11,26
CSEE8AN012,2,35,37,1,9,10,11,8,19
TPPS02401C,12,51,63,1,5,6,17,9,26
PVEE806016,2,64,66,0,13,13,7,20,27
TEEE82902N,1,34,35,0,8,8,4,16,20
FERI001015,46,57,103,8,17,25,7,26,33
LCEE81803P,6,69,75,1,18,19,12,19,31
CZMM865041,9,29,38,3,7,10,15,14,29
BOMM83401V,12,39,51,2,8,10,5,32,37
SSMM80701R,8,23,31,1,6,7,4,16,20
CETD02351G,45,111,156,6,25,31,0,0,0
MIEE8DZ03C,14,93,107,4,24,28,11,20,31
VBEE813047,6,57,63,2,10,12,5,25,30
GEPM007014,22,65,87,3,10,13,4,19,23
CAMM84804T,19,46,65,5,14,19,11,38,49
PSMM83404P,11,31,42,1,6,7,7,31,38
VBTD00401N,39,80,119,7,21,28,11,18,29
VAEE83402G,2,40,42,1,7,8,10,14,24
BAEE168012,2,59,61,0,18,18,14,7,21
BGEE81601C,5,33,38,2,8,10,7,12,19
LOEE80203V,5,68,73,4,17,21,1,22,23
OREE82803L,3,67,70,2,18,20,9,27,36
ANRI016543,101,145,246,12,31,43,0,0,0
CZEE85202T,2,63,65,0,25,25,9,18,27
PIMM82305D,14,32,46,6,8,14,6,18,24
CTRI00950X,39,67,106,6,16,22,0,0,0
FGRH06051D,58,59,117,12,13,25,0,0,0
PDMM89901L,9,30,39,1,8,9,2,26,28
FIEE818025,2,53,55,0,9,9,3,22,25
NUMM821039,9,20,29,1,4,5,1,22,23
RETD02000L,39,62,101,2,6,8,13,24,37
CLSD014017,34,85,119,10,24,34,13,13,26
SRRH040018,34,85,119,10,24,34,13,13,26
ENEE825024,3,71,74,1,30,31,15,15,30
VTEE80404E,1,52,53,0,19,19,5,17,22
NOSL01050A,46,99,145,11,27,38,13,20,33
PEEE831023,3,66,69,3,27,30,6,25,31
FGEE843014,1,28,29,1,6,7,12,7,19
CBEE85401N,0,47,47,0,8,8,4,17,21
CSMM864016,3,14,17,0,2,2,12,7,19
VIEE850038,2,48,50,0,11,11,5,16,21
TOEE88003C,5,41,46,2,10,12,2,28,30
PNEE81103P,3,76,79,1,14,15,7,23,30
VREE88001A,1,34,35,1,4,5,4,16,20
NARC078011,76,146,222,11,47,58,25,20,45
TOEE8BN041,2,73,75,1,17,18,8,31,39
CSMM85802X,7,20,27,0,5,5,21,7,28
CAEE039012,3,69,72,2,27,29,5,16,21
CTEE8AL01D,2,61,63,1,17,18,7,20,27
CTEE85502L,3,63,66,0,15,15,9,22,31
MBTD430001,44,58,102,1,5,6,9,19,28
CTEE06801P,2,56,58,1,25,26,2,15,17
FGEE83102V,1,32,33,0,7,7,10,7,17
RIRI007032,1,32,33,0,7,7,10,7,17
VIEE85802T,3,80,83,1,22,23,4,26,30
FIEE86403X,6,84,90,2,19,21,3,31,34
RMRC00401A,26,67,93,6,20,26,10,26,36
ISMM82602L,10,29,39,2,5,7,6,22,28
CREE82701R,3,72,75,3,21,24,3,23,26
FEMM810015,9,42,51,2,6,8,4,23,27
ANEE81303B,9,42,51,2,6,8,4,23,27
MNEE82201V,4,30,34,2,5,7,1,23,24
VREE066004,0,29,29,0,6,6,0,0,0
AQEE026115,2,41,43,0,14,14,0,16,16
GERI02000N,32,30,62,2,6,8,14,16,30
VRMM879015,19,52,71,1,6,7,7,20,27
LEEE816038,3,47,50,1,10,11,9,18,27
TEEE83001R,1,79,80,0,25,25,8,27,35
ARSD01750Q,16,52,68,4,17,21,0,0,0
ARMM842014,7,27,34,1,8,9,2,28,30
FIEE841026,5,70,75,2,16,18,12,15,27
CZRA007011,31,53,84,4,5,9,9,14,23
GEEE84305T,2,50,52,0,11,11,3,26,29
BNEE83801E,2,48,50,0,12,12,8,17,25
IMEE806027,4,49,53,2,14,16,4,20,24
MNEE82803X,12,85,97,6,27,33,6,28,34
LUEE82204A,1,26,27,0,4,4,4,18,22
LUEE81103V,5,53,58,0,18,18,6,26,32
RMEE89206A,1,26,27,0,8,8,7,13,20
CSMM81001T,10,11,21,1,1,2,7,5,12
ENEE091013,4,48,52,0,5,5,9,9,18
MIEE8AG01V,9,81,90,3,27,30,9,21,30
BNEE813027,1,32,33,0,6,6,5,15,20
LETE010002,34,111,145,1,34,35,10,21,31
RMEE8ER02E,4,58,62,1,15,16,5,15,20
CTSL01000A,50,130,180,11,47,58,20,27,47
TRRI002012,51,94,145,5,30,35,9,24,33
MEEE819028,3,48,51,0,13,13,2,23,25
NAEE8AD011,1,40,41,1,11,12,9,12,21
BOMM817026,1,40,41,1,11,12,9,12,21
LEPC012018,1,40,41,1,11,12,9,12,21
TOMM89601V,7,29,36,5,12,17,5,24,29
RMEE8AP021,2,62,64,0,17,17,3,25,28
LETF03401A,56,62,118,0,4,4,13,21,34
TOMM8A202Q,56,62,118,0,4,4,13,21,34
BOTA03000D,47,74,121,8,13,21,12,24,36
PSMM816012,6,22,28,2,3,5,4,18,22
GOTD006511,53,79,132,3,15,18,0,0,0
ARMM821013,10,29,39,3,10,13,3,23,26
PZEE815013,1,22,23,1,2,3,3,11,14
MIMM8D001V,15,49,64,9,18,27,3,30,33
RMMM8G201V,17,61,78,7,20,27,0,27,27
COMM80101C,11,19,30,3,3,6,11,15,26
ALMM81903P,12,22,34,2,4,6,11,18,29
REMM82301Q,11,33,44,4,10,14,5,24,29
RAEE80603P,11,104,115,5,30,35,10,23,33
VTRC00650C,44,63,107,5,12,17,0,0,0
SAMM8A201P,14,20,34,1,4,5,6,15,21
TOEE8CH01X,8,81,89,4,20,24,5,30,35
RMMM81701A,9,46,55,5,14,19,5,18,23
CZEE84001E,2,50,52,0,16,16,9,18,27
CSRH017508,51,116,167,7,43,50,0,0,0
NAEE8FR015,4,61,65,1,20,21,12,10,22
PREE839018,1,46,47,0,7,7,10,27,37
VIMM880011,19,50,69,4,15,19,10,29,39
TOEE8A801P,2,62,64,0,15,15,7,32,39
RAEE811047,4,105,109,1,39,40,4,30,34
VERI02102N,68,80,148,11,21,32,18,30,48
LTEE80101P,3,50,53,2,22,24,6,22,28
CSPS01401P,45,75,120,8,14,22,24,16,40
RMEE83001T,2,83,85,0,17,17,11,24,35
CNEE849052,2,44,46,0,9,9,7,20,27
BAEE81901V,1,69,70,0,26,26,7,15,22
BSEE8AK05T,5,105,110,1,22,23,8,26,34
TOTD090008,28,61,89,3,2,5,9,18,27
RMMM83101L,14,32,46,6,11,17,3,20,23
CERH020512,14,32,46,6,11,17,3,20,23
PDEE891035,1,73,74,1,15,16,11,16,27
SIEE807045,5,71,76,3,13,16,6,27,33
CHRI016015,23,49,72,6,18,24,5,12,17
BGEE868037,3,62,65,1,10,11,4,25,29
VEEE855012,0,63,63,0,15,15,9,28,37
CNEE843086,2,78,80,0,20,20,7,28,35
MERA02401R,49,95,144,6,30,36,26,13,39
LOPS010007,28,70,98,1,1,2,9,17,26
NAEE8BK01X,4,54,58,4,21,25,8,16,24
SIMM81701G,5,23,28,0,7,7,5,16,21
SAMM8AM01A,3,16,19,0,1,1,6,12,18
AGMM819023,23,35,58,4,3,7,27,15,42
CHMM81602B,2,22,24,1,6,7,10,16,26
RMMM8DY012,2,15,17,2,6,8,5,17,22
MBMM8E2012,7,43,50,1,16,17,4,26,30
MTEE81401A,1,23,24,0,4,4,3,12,15
AGPC01701R,56,73,129,3,13,16,21,14,35
RMEE8FE02T,2,90,92,1,28,29,8,18,26
PZEE87807C,0,37,37,0,4,4,12,10,22
ROPS01000P,25,38,63,0,0,0,4,18,22
FREE86101P,2,54,56,1,20,21,6,24,30
MOEE83501N,3,90,93,0,28,28,6,31,37
SAEE8AA01X,0,31,31,0,7,7,9,12,21
BRMM82301G,9,44,53,4,17,21,13,9,22
SAEE8AF024,1,38,39,0,11,11,2,15,17
MEEE844076,4,46,50,0,9,9,10,19,29
GREE81804Q,3,54,57,0,14,14,5,25,30
CAEE846025,2,35,37,0,10,10,2,16,18
BSEE882032,0,56,56,0,6,6,12,20,32
APMM804058,7,29,36,1,7,8,9,34,43
PNPC00101B,36,106,142,1,12,13,6,35,41
NUMM86201D,9,23,32,1,3,4,8,18,26
UDTD007019,57,70,127,8,19,27,25,29,54
PDPS01701N,35,58,93,3,3,6,7,22,29
SSEE80702V,1,31,32,0,13,13,4,16,20
MTMM82701B,11,54,65,4,10,14,7,31,38
CSEE8AJ02Q,4,47,51,1,11,12,16,14,30
NATD11251X,35,47,82,7,10,17,0,0,0
NOEE83205N,4,40,44,3,12,15,14,19,33
BAEE85001V,0,58,58,0,17,17,9,15,24
SAEE83302T,7,28,35,1,9,10,8,10,18
SSEE851021,2,75,77,0,27,27,9,28,37
MITD02201P,27,67,94,0,8,8,7,20,27
AVEE88202T,4,45,49,0,12,12,3,22,25
COMM81901N,12,26,38,4,6,10,1,31,32
ENTD006012,12,26,38,4,6,10,1,31,32
RGEE825035,3,86,89,0,30,30,17,18,35
MIEE823027,14,70,84,5,18,23,8,14,22
CTEE8AJ03X,4,80,84,1,31,32,9,22,31
CSMM89201A,8,23,31,0,2,2,13,11,24
CAEE86303X,4,66,70,0,27,27,14,16,30
TPPS10000Q,18,47,65,0,0,0,14,16,30
BAPS06301D,90,137,227,4,28,32,21,30,51
CEEE8AK03D,2,41,43,0,9,9,11,10,21
ENEE825035,3,71,74,1,30,31,15,15,30
TEEE82402E,5,79,84,1,26,27,11,28,39
RMEE8D901V,3,79,82,0,19,19,9,19,28
SSEE813037,5,59,64,0,14,14,4,31,35
FGTD00401T,18,27,45,2,1,3,6,10,16
NATF096014,53,101,154,12,33,45,19,23,42
PSEE84001X,2,87,89,1,19,20,4,31,35
COPM030002,12,59,71,1,14,15,2,20,22
LCEE80402Q,2,40,42,0,9,9,1,18,19
CZMM86001P,10,33,43,5,9,14,6,22,28
VREE88903V,4,53,57,1,16,17,3,22,25
CBEE82401T,0,27,27,0,6,6,0,0,0
UDMM84504T,9,26,35,0,4,4,6,24,30
PTRA01050N,81,122,203,16,65,81,15,30,45
TOMM8BM011,8,25,33,1,5,6,4,32,36
BLMM824011,7,24,31,1,2,3,4,19,23
PAEE077034,2,71,73,1,25,26,18,5,23
SAEE866025,4,25,29,0,3,3,10,11,21
PZMM82403V,10,20,30,0,4,4,8,15,23
SAEE882023,10,20,30,0,4,4,8,15,23
NAEE31900P,1,55,56,0,17,17,9,8,17
MIRI07401R,42,67,109,6,23,29,11,13,24
SSEE82902Q,2,60,62,1,20,21,9,16,25
FITD019018,22,91,113,4,19,23,7,17,24
AQRA017021,31,68,99,9,30,39,20,15,35
TPTD00202C,41,65,106,17,11,28,20,12,32
AVTL02801V,41,65,106,17,11,28,20,12,32
RMEE8A9046,2,75,77,1,28,29,4,26,30
LIEE01338R,2,75,77,1,28,29,4,26,30
ENEE817014,2,42,44,0,10,10,14,10,24
UDEE84105L,2,64,66,1,15,16,5,24,29
CSMM877029,10,25,35,2,3,5,7,13,20
BOEE81104A,2,47,49,0,6,6,6,23,29
BARI05000G,63,67,130,5,33,38,24,14,38
LETF038513,63,67,130,5,33,38,24,14,38
APEE82206X,3,54,57,0,12,12,6,33,39
ANMM83801L,3,17,20,0,4,4,1,17,18
REEE83203N,1,39,40,0,14,14,7,16,23
BOEE87701T,3,70,73,0,20,20,4,19,23
MCEE83601Q,3,62,65,0,16,16,6,26,32
BNMM81203B,9,32,41,1,4,5,10,12,22
PGPS002015,31,64,95,4,20,24,2,19,21
CTTD18000C,45,100,145,4,26,30,13,14,27
CZMM872011,12,26,38,1,4,5,11,18,29
IMEE81303B,1,67,68,0,12,12,12,23,35
BOEE818023,4,59,63,1,16,17,3,26,29
TVMM838028,11,37,48,1,10,11,2,28,30
PSEE82201A,3,42,45,1,14,15,3,26,29
TOMM8A0013,20,77,97,3,13,16,7,28,35
CSEE19007X,4,41,45,1,12,13,13,11,24
RMTD099029,34,71,105,7,16,23,13,16,29
LEPM04701B,37,87,124,3,11,14,15,13,28
TOEE85004N,2,66,68,0,8,8,6,29,35
TOEE84801E,0,35,35,0,8,8,3,17,20
LTMM842021,3,20,23,0,11,11,5,21,26
CAEE017037,3,20,23,0,11,11,5,21,26
LITD00201X,36,102,138,9,33,42,9,25,34
VRTA01203Q,110,152,262,23,55,78,21,43,64
RCEE85703R,110,152,262,23,55,78,21,43,64
TOEE8AR01E,4,67,71,2,10,12,9,29,38
MTPC011018,46,65,111,6,10,16,20,14,34
CSTD01401E,45,75,120,8,14,22,24,16,40
FGEE84701B,3,36,39,2,8,10,11,7,18
FIMM854016,5,23,28,1,2,3,8,23,31
LTMM84901P,6,15,21,2,7,9,7,18,25
RAMM81301P,3,19,22,0,6,6,4,17,21
RCEE80615D,2,57,59,1,17,18,11,14,25
NAEE33500L,2,43,45,0,13,13,9,9,18
CEEE8BD01N,0,43,43,0,9,9,10,14,24
TOEE8CA037,8,49,57,5,10,15,15,22,37
VREE85505T,5,89,94,3,20,23,7,31,38
FEEE81902N,2,45,47,0,8,8,6,24,30
LTEE80803G,1,43,44,0,17,17,3,17,20
CREE821041,8,88,96,1,23,24,10,24,34
CHMM811017,13,46,59,4,15,19,7,28,35
FRRC027018,30,50,80,9,17,26,4,19,23
LTEE83103L,4,64,68,1,23,24,5,20,25
TVEE818068,4,59,63,1,14,15,6,22,28
CRMM81502E,7,19,26,3,5,8,5,19,24
MSRC01101R,50,85,135,7,21,28,18,25,43
SAPS06101D,10,45,55,0,2,2,10,12,22
SIEE81202E,1,67,68,0,18,18,4,34,38
LOEE801033,1,51,52,0,12,12,9,22,31
PZTD024027,25,86,111,0,17,17,14,21,35
PAEE84004D,3,28,31,2,3,5,14,8,22
IMEE802042,1,63,64,0,12,12,7,22,29
RMEE80103X,0,38,38,0,5,5,2,16,18
TSEE800025,2,29,31,0,2,2,2,23,25
APPC00303R,25,60,85,3,15,18,5,20,25
TAMM83901Q,6,40,46,1,13,14,10,15,25
GEMM18400Q,6,40,46,1,13,14,10,15,25
NATH086011,31,42,73,1,2,3,11,13,24
BNMM842015,6,35,41,0,3,3,7,14,21
MEMM81605V,10,22,32,2,4,6,8,23,31
BGMM832019,18,29,47,4,4,8,2,25,27
PREE821035,18,29,47,4,4,8,2,25,27
PNEE83202P,3,67,70,2,11,13,4,24,28
SSRC029515,3,67,70,2,11,13,4,24,28
NAEE8B402L,4,25,29,1,7,8,11,9,20
PDMM88101B,10,26,36,3,6,9,4,15,19
CAMM885126,17,24,41,3,4,7,7,22,29
BOTD02401N,49,68,117,8,17,25,12,21,33
KRTD004503,49,68,117,8,17,25,12,21,33
TVMM87301E,9,42,51,0,6,6,6,27,33
PZMM82106E,13,23,36,2,2,4,7,26,33
NAMM50900R,16,68,84,3,14,17,8,5,13
MIMM8CJ01P,5,23,28,3,5,8,5,17,22
NAEE8EE017,1,51,52,0,15,15,11,13,24
PNTF004014,54,75,129,4,16,20,16,25,41
BSRC034511,48,117,165,11,28,39,0,0,0
FGEE87003E,0,39,39,0,14,14,11,14,25
NATA062018,50,110,160,15,29,44,22,16,38
SVEE817049,5,59,64,3,16,19,10,26,36
TVMM867017,13,26,39,3,14,17,7,23,30
PARI010007,13,26,39,3,14,17,7,23,30
BSEE803031,1,65,66,0,12,12,7,24,31
SSTD016022,70,84,154,15,22,37,20,31,51
PVEE822014,2,67,69,1,18,19,8,26,34
BAEE026035,2,67,69,1,18,19,8,26,34
NAEE81202A,2,64,66,0,16,16,8,22,30
CREE80801B,1,53,54,0,14,14,5,27,32
SOMM81101T,3,14,17,1,3,4,7,14,21
ROEE81505E,2,52,54,0,10,10,5,21,26
VTEE83104V,0,30,30,0,8,8,6,17,23
RCEE82903L,2,65,67,0,14,14,15,14,29
BAEE84801V,2,24,26,0,9,9,4,20,24
MITD026012,46,95,141,5,5,10,19,19,38
CNEE828062,2,65,67,1,18,19,8,26,34
MEEE891133,2,28,30,0,3,3,11,10,21
UDTD021511,26,48,74,1,5,6,0,0,0
MSEE80901Q,4,76,80,0,22,22,6,27,33
VREE84301B,5,71,76,3,16,19,8,18,26
SAMM80901V,5,71,76,3,16,19,8,18,26
RCEE83701D,1,34,35,0,7,7,10,8,18
MOMM85101E,13,57,70,2,13,15,10,25,35
AVEE87503Q,9,43,52,0,10,10,13,15,28
FREE857024,1,41,42,0,10,10,6,19,25
MEMM813028,8,23,31,0,3,3,11,12,23
VIMM87302V,13,28,41,2,4,6,6,25,31
PNEE815021,2,81,83,1,15,16,1,27,28
PAEE88802C,3,57,60,2,9,11,18,9,27
NAEE206073,6,59,65,2,21,23,8,11,19
GEMM85803C,7,39,46,2,11,13,14,28,42
PDRI02251Q,37,114,151,7,19,26,0,0,0
CSEE85302T,3,21,24,2,6,8,5,12,17
AGEE856023,2,49,51,0,19,19,16,9,25
FIEE876025,5,102,107,2,21,23,7,48,55
AGMM848012,15,23,38,6,4,10,11,19,30
CSEE81201E,4,78,82,0,19,19,12,18,30
TVMM85601R,9,27,36,2,6,8,4,17,21
FIMM820024,10,32,42,3,5,8,12,28,40
BGEE805045,4,31,35,1,5,6,6,16,22
VIEE849034,1,47,48,0,6,6,6,18,24
BAEE12204Q,4,73,77,1,30,31,3,20,23
PGMM817019,6,23,29,2,4,6,5,17,22
PIEE82703Q,4,63,67,0,20,20,4,30,34
MIRI21000E,40,48,88,6,15,21,8,20,28
MIEE8DG03R,5,94,99,3,21,24,7,19,26
COEE853016,9,94,103,7,23,30,10,30,40
VTEE80803R,5,58,63,3,13,16,6,32,38
CAEE839011,4,65,69,1,16,17,4,31,35
PSEE830019,0,22,22,0,6,6,2,22,24
MIRC09451P,52,89,141,8,25,33,0,0,0
NUEE87901X,4,35,39,2,9,11,3,11,14
CSEE85004C,3,29,32,1,7,8,8,15,23
TPRA008014,43,73,116,11,21,32,22,19,41
GRTL011512,70,51,121,10,12,22,0,0,0
SSEE849054,70,51,121,10,12,22,0,0,0
BATD05801T,52,101,153,7,35,42,17,14,31
SSEE83802E,5,83,88,0,26,26,9,29,38
FGTF053019,5,83,88,0,26,26,9,29,38
MIEE8BA02G,6,71,77,1,16,17,7,23,30
RMEE893022,2,75,77,0,34,34,8,18,26
CSEE87206B,3,76,79,0,18,18,17,15,32
BOMM818011,10,29,39,3,8,11,3,26,29
APEE838029,1,61,62,1,14,15,8,27,35
SAEE85504R,3,20,23,1,3,4,2,14,16
REEE84501N,5,55,60,1,14,15,4,26,30
CTRI02401N,35,46,81,5,15,20,16,14,30
SAEE06201T,35,46,81,5,15,20,16,14,30
APEE826023,1,57,58,0,16,16,6,34,40
MNMM82201T,11,27,38,2,9,11,1,23,24
PCMM80401B,8,15,23,3,0,3,7,16,23
FEEE80205B,5,52,57,2,16,18,9,23,32
ATEE812043,4,56,60,3,11,14,7,31,38
VRRA01254A,110,152,262,23,55,78,0,0,0
CERC02251C,38,87,125,6,19,25,0,0,0
TVMM84801T,6,36,42,3,9,12,5,17,22
FIEE834034,3,80,83,2,22,24,7,26,33
VBRI00452D,39,80,119,7,21,28,0,0,0
TVRH010503,60,124,184,7,50,57,15,52,67
FGRI020059,60,124,184,7,50,57,15,52,67
FIMM81601B,7,12,19,1,2,3,1,12,13
VERH020008,40,61,101,8,17,25,11,17,28
ALEE82312T,3,39,42,2,7,9,8,23,31
UDEE828012,0,52,52,0,9,9,2,18,20
RMEE8EG02V,2,72,74,0,21,21,3,27,30
VIEE884019,3,88,91,1,13,14,8,27,35
TOEE86305R,1,68,69,0,15,15,11,28,39
MNEE81401X,0,40,40,0,9,9,4,15,19
PAMM825017,9,17,26,2,1,3,10,12,22
CTEE8AQ03P,3,40,43,0,14,14,10,11,21
MBTD49000L,19,72,91,2,10,12,6,20,26
RMEE8AM032,1,46,47,0,14,14,5,19,24
BSMM89703P,7,35,42,4,5,9,8,22,30
CREE82702T,3,72,75,3,21,24,3,23,26
AQEE02600L,2,41,43,0,14,14,0,16,16
NAEE8BN01B,1,53,54,0,10,10,11,17,28
NAEE74401X,1,53,54,0,10,10,11,17,28
MCMM813012,10,26,36,3,7,10,6,12,18
BNRC027015,47,60,107,2,14,16,14,21,35
GEMM817014,8,27,35,0,8,8,5,27,32
TSMM80101V,8,23,31,2,3,5,4,18,22
TPMM82401V,13,33,46,2,11,13,10,17,27
TOEE8BF04R,2,59,61,0,14,14,5,30,35
SOMM80301V,7,22,29,4,5,9,9,9,18
PIMM83901V,8,32,40,2,9,11,3,27,30
PAEE720018,8,32,40,2,9,11,3,27,30
CTEE04701N,3,32,35,1,7,8,6,10,16
IMEE806016,4,49,53,2,14,16,4,20,24
ROEE80601G,3,51,54,0,12,12,7,23,30
ROEE810039,5,39,44,1,15,16,2,15,17
MIEE8FU02D,7,81,88,4,21,25,5,16,21
PRMM839028,12,31,43,3,7,10,10,27,37
LUTH018513,83,95,178,7,31,38,0,0,0
BGMM859019,16,36,52,5,10,15,6,19,25
MIMM8CZ01G,8,32,40,3,14,17,11,17,28
AVEE86801E,3,31,34,1,6,7,9,12,21
BAEE88601N,1,68,69,0,28,28,5,18,23
FIRA00701Q,55,84,139,13,32,45,17,30,47
RCMM82901D,16,25,41,4,3,7,15,14,29
SOTD00801B,59,68,127,6,12,18,7,23,30
PVEE81903A,13,74,87,11,19,30,11,24,35
FOEE813027,3,33,36,1,10,11,7,19,26
PNEE82302X,1,49,50,0,10,10,4,21,25
NUEE86904C,2,56,58,0,15,15,3,23,26
FGMM86001R,13,51,64,4,12,16,6,12,18
BSTD024018,33,122,155,1,1,2,17,27,44
RGEE035071,33,122,155,1,1,2,17,27,44
SORH00203C,27,63,90,3,13,16,8,27,35
PVEE82605G,27,63,90,3,13,16,8,27,35
NOEE80901C,1,62,63,0,15,15,8,26,34
VVRC00951G,54,52,106,9,12,21,0,0,0
RETN008011,48,104,152,13,27,40,20,24,44
CREE813042,4,62,66,2,14,16,6,32,38
FGEE87901V,3,53,56,0,16,16,18,5,23
METD023017,52,100,152,8,36,44,19,24,43
NAEE8GN03E,0,38,38,0,12,12,5,11,16
BAEE17801L,1,65,66,0,25,25,1,20,21
VRMM84801D,2,19,21,0,6,6,3,21,24
PIEE82203L,3,56,59,0,16,16,4,30,34
CBTA02401Q,32,48,80,3,14,17,6,5,11
PATF01801Q,41,34,75,2,4,6,12,13,25
VIEE880012,4,54,58,2,9,11,10,29,39
PTEE81404N,2,80,82,2,26,28,3,26,29
CAEE848094,2,71,73,0,15,15,11,38,49
VAEE83303R,3,61,64,2,18,20,5,24,29
CTTD01151G,42,69,111,3,16,19,0,0,0
RETD09000V,31,79,110,2,10,12,11,32,43
CLMM83201R,13,45,58,3,8,11,10,11,21
FREE81702N,1,46,47,0,14,14,6,24,30
SRRH040007,50,73,123,8,23,31,26,23,49
APTF01051C,85,96,181,4,8,12,0,0,0
FREE80404N,1,39,40,1,11,12,4,15,19
MIEE8DK021,3,67,70,1,15,16,3,22,25
FIEE820047,6,65,71,2,9,11,12,28,40
VAEE82106N,1,93,94,0,24,24,9,28,37
BGEE80703Q,12,70,82,7,23,30,9,20,29
ANMM82501E,1,25,26,0,11,11,2,17,19
PTEE82002V,1,76,77,0,33,33,3,25,28
RCTF01701V,52,78,130,6,27,33,21,12,33
PGTA020003,11,18,29,1,5,6,1,9,10
NATN078016,76,146,222,11,47,58,25,20,45
TVEE86501L,2,87,89,0,22,22,7,29,36
NUTA014013,57,61,118,3,12,15,14,16,30
TOMM8BN01R,8,44,52,2,15,17,8,31,39
CAEE039001,3,69,72,2,27,29,5,16,21
MIMM822019,12,27,39,5,8,13,5,22,27
BAEE046007,2,75,77,1,17,18,4,20,24
BNEE84806A,0,41,41,0,6,6,3,20,23
MOMM824016,11,27,38,3,7,10,7,23,30
NAEE863016,1,31,32,0,6,6,11,12,23
PSEE83502D,0,32,32,0,5,5,7,22,29
NAEE32300A,6,94,100,3,31,34,13,18,31
BARC04651N,48,148,196,9,70,79,0,0,0
MTMM816022,48,148,196,9,70,79,0,0,0
VREE066015,0,29,29,0,6,6,0,0,0
BATF06701V,64,83,147,5,18,23,24,19,43
MIMM8BV01N,15,39,54,8,13,21,1,30,31
VREE865018,3,64,67,1,13,14,3,29,32
AQEE831025,2,48,50,0,11,11,5,17,22
VREE88002B,1,34,35,1,4,5,4,16,20
BGPM03401G,39,87,126,3,4,7,5,29,34
GEMM80501T,10,24,34,0,5,5,7,26,33
LUEE822017,1,26,27,0,4,4,4,18,22
RMMM8FT014,7,57,64,1,7,8,13,11,24
APPC01000R,12,58,70,1,3,4,7,21,28
ENEE09113L,4,48,52,0,5,5,9,9,18
RMEE8ES02Q,6,56,62,2,14,16,3,15,18
CAMM81801V,14,28,42,3,9,12,4,24,28
LEPS01201B,14,28,42,3,9,12,4,24,28
ISMM82603N,10,29,39,2,5,7,6,22,28
TOEE896021,3,68,71,1,22,23,5,24,29
CAEE896037,1,50,51,1,17,18,4,18,22
CZMM84603E,7,20,27,1,3,4,10,10,20
BOTD06000Q,7,20,27,1,3,4,10,10,20
LEMM816015,8,24,32,1,1,2,9,18,27
MIEE8D0032,9,88,97,4,21,25,3,30,33
TSEE80901E,3,44,47,1,9,10,6,16,22
MNEE820017,2,52,54,0,11,11,10,25,35
VEEE87403D,5,87,92,2,22,24,3,36,39
GRMM831012,9,32,41,3,5,8,6,27,33
RMEE8F202A,7,77,84,0,27,27,6,24,30
FIMM841014,10,27,37,4,6,10,12,15,27
BSEE8AD07G,2,66,68,0,12,12,9,24,33
VTPS00701B,2,66,68,0,12,12,9,24,33
LCMM80403Q,2,30,32,0,7,7,1,18,19
PAEE85801G,5,53,58,1,14,15,14,14,28
RMMM821012,8,33,41,4,2,6,6,17,23
BGEE8AE02N,2,75,77,0,18,18,10,24,34
VERI02101L,68,80,148,11,21,32,18,30,48
TOEE857019,3,40,43,2,7,9,4,23,27
TRRI00251B,51,94,145,5,30,35,0,0,0
CNEE84902V,2,44,46,0,9,9,7,20,27
TVEE884045,2,90,92,2,31,33,6,33,39
TPEE82003P,2,67,69,1,14,15,11,11,22
SAEE89703T,1,54,55,0,11,11,10,13,23
TOTD05000T,50,110,160,6,38,44,12,24,36
TOMM85602D,2,37,39,0,6,6,9,21,30
SSMM82901N,15,52,67,6,23,29,9,16,25
RMEE8A9035,2,75,77,1,28,29,4,26,30
CHEE820013,1,50,51,0,13,13,0,0,0
RAMM80601G,9,48,57,3,13,16,10,23,33
BAEE87902G,1,46,47,0,15,15,10,11,21
PDMM84901G,18,39,57,1,9,10,3,13,16
ALEE812042,3,39,42,1,13,14,11,16,27
VTEE822055,3,79,82,1,27,28,13,33,46
BARI05001L,63,67,130,5,33,38,24,14,38
SIMM81801B,8,24,32,2,4,6,0,20,20
IMEE80802V,5,44,49,2,6,8,3,23,26
CHEE81607N,3,31,34,0,5,5,10,16,26
RMEE8DY057,2,63,65,0,24,24,5,17,22
ROEE81905T,3,41,44,1,9,10,3,20,23
CTTD20000C,3,41,44,1,9,10,3,20,23
RMEE8FE01R,2,90,92,1,28,29,8,18,26
CASL013016,23,49,72,6,10,16,6,14,20
SORI00801R,59,68,127,6,12,18,7,23,30
PVMM819028,17,32,49,8,13,21,11,24,35
VEEE85301A,1,40,41,0,10,10,7,16,23
BOEE86602C,6,74,80,2,14,16,6,28,34
CERH010001,6,74,80,2,14,16,6,28,34
MIEE8GH01A,15,96,111,7,27,34,9,22,31
RMEE8FN01R,2,72,74,1,22,23,4,25,29
SPEE822039,1,100,101,1,28,29,6,39,45
FIMM809029,4,24,28,1,5,6,1,18,19
VEMM855022,10,30,40,5,3,8,9,28,37
SSMM80806T,12,32,44,4,9,13,4,27,31
NAPM11201Q,12,32,44,4,9,13,4,27,31
NAEE8GF029,1,64,65,1,19,20,14,10,24
VAMM83301N,10,34,44,2,13,15,5,24,29
BGMM817017,8,19,27,2,4,6,2,18,20
BAEE168001,2,59,61,0,18,18,14,7,21
CAEE863063,4,66,70,0,27,27,14,16,30
MEEE87601B,2,61,63,1,16,17,13,17,30
TPRH040003,56,68,124,17,23,40,25,15,40
IMTA00651D,36,64,100,2,12,14,0,0,0
MSEE70001C,36,64,100,2,12,14,0,0,0
CEMM81503X,11,15,26,3,1,4,8,16,24
CEEE8BE06P,3,72,75,0,15,15,15,18,33
CRMM803028,8,21,29,2,7,9,5,18,23
VBEE81602L,0,39,39,0,9,9,15,18,33
PSEE840043,2,87,89,1,19,20,4,31,35
RGEE833023,3,27,30,0,9,9,10,14,24
NUMM86202E,9,23,32,1,3,4,8,18,26
TASL03101G,9,23,32,1,3,4,8,18,26
LIEE80802G,1,44,45,0,15,15,7,16,23
SAEE81801P,0,37,37,0,9,9,11,10,21
NAMM62600B,18,48,66,1,12,13,5,11,16
BLTD00101N,41,46,87,4,4,8,10,16,26
TVEE81704A,2,65,67,1,14,15,4,31,35
LUEE84102N,3,54,57,1,9,10,4,23,27
TOEE873017,7,99,106,5,28,33,5,28,33
LEEE8AC02Q,0,45,45,0,12,12,5,20,25
FGEE821017,0,40,40,0,9,9,10,10,20
NAEE8GT02T,4,53,57,2,14,16,12,11,23
TOEE8BM034,5,64,69,2,11,13,4,32,36
FIEE826024,7,58,65,2,7,9,8,21,29
ENRF00601C,7,58,65,2,7,9,8,21,29
RMPC180004,30,60,90,1,3,4,9,16,25
MIEE824023,4,83,87,0,13,13,12,16,28
RAEE70001R,4,83,87,0,13,13,12,16,28
PGEE81401V,2,24,26,0,5,5,1,11,12
CAEE870044,2,24,26,0,5,5,1,11,12
RMMM804018,11,25,36,2,5,7,4,20,24
NAEE31901Q,1,55,56,0,17,17,9,8,17
TOMM8BG01C,6,13,19,1,2,3,3,22,25
PAEE83703L,2,42,44,1,13,14,12,12,24
CAEE825035,3,21,24,0,6,6,6,11,17
MNMM82802T,3,21,24,0,6,6,6,11,17
CTEE881025,5,74,79,2,28,30,10,25,35
LERC037018,39,49,88,4,13,17,14,10,24
COEE82301A,3,53,56,0,14,14,2,22,24
BOMM824018,11,24,35,0,3,3,10,28,38
BLEE824023,4,40,44,2,6,8,4,19,23
BOEE817049,4,40,44,2,6,8,4,19,23
BOEE87702V,3,70,73,0,20,20,4,19,23
RMEE8ET01E,4,86,90,4,23,27,3,24,27
SSMM84301X,10,46,56,3,18,21,8,21,29
CZEE872023,2,46,48,0,8,8,11,18,29
NATD011506,58,146,204,9,43,52,0,0,0
PSEE816013,3,42,45,0,6,6,4,18,22
LEEE860018,2,45,47,2,16,18,8,15,23
AREE821025,1,56,57,0,21,21,3,23,26
ISEE82503V,2,29,31,1,4,5,8,19,27
AREE81306A,8,76,84,3,23,26,4,32,36
PSEE82802A,1,49,50,0,11,11,5,25,30
AVTL02802X,41,48,89,3,11,14,25,25,50
ENMM817013,11,26,37,2,4,6,14,10,24
CSEE19006V,4,41,45,1,12,13,13,11,24
MSMM806028,4,41,45,1,12,13,13,11,24
VVMM803015,12,34,46,1,4,5,17,13,30
NAEE8DV02N,0,39,39,0,9,9,15,13,28
SRRA021525,53,51,104,10,11,21,0,0,0
BOEE811039,2,47,49,0,6,6,6,23,29
TVTF01901D,49,69,118,3,8,11,12,22,34
TREE82003X,3,52,55,0,15,15,2,25,27
TOEE8AT02L,2,40,42,0,11,11,7,25,32
TOMM8AQ01N,8,25,33,2,7,9,7,30,37
MIEE874013,3,51,54,2,14,16,8,15,23
MTTA011516,46,65,111,6,10,16,0,0,0
TSEE81805D,4,29,33,0,2,2,7,25,32
PGEE023082,4,74,78,2,15,17,6,28,34
FGEE84702C,4,74,78,2,15,17,6,28,34
RMEE83003X,2,83,85,0,17,17,11,24,35
LTEE84901Q,0,79,79,0,39,39,7,18,25
BSEE8AK03Q,5,105,110,1,22,23,8,26,34
TOEE8BU056,5,82,87,3,21,24,6,30,36
TOMM8CA014,10,39,49,2,4,6,15,22,37
MOEE817036,12,95,107,5,29,34,8,27,35
TVMM838017,11,37,48,1,10,11,2,28,30
PREE81001L,2,33,35,0,6,6,6,18,24
TVPC01701L,20,81,101,5,19,24,7,23,30
TOEE8A0014,1,51,52,0,9,9,7,28,35
TOMM85001D,13,31,44,5,9,14,6,29,35
TOTD06401R,49,127,176,9,24,33,20,34,54
BREE02200R,2,65,67,1,14,15,6,19,25
LITA00201D,36,102,138,9,33,42,9,25,34
GRTF01150R,70,51,121,10,12,22,0,0,0
LUEE84801B,3,51,54,0,11,11,2,32,34
LOPS02000T,16,53,69,0,0,0,3,18,21
BSEE87101D,4,45,49,1,4,5,8,21,29
RMTD01351T,26,45,71,3,7,10,0,0,0
PCEE80404G,2,33,35,0,5,5,7,16,23
SREE837049,0,54,54,0,16,16,12,11,23
KRMM80301D,12,31,43,1,7,8,17,10,27
CZMM849021,15,22,37,3,2,5,18,14,32
BSMM83201T,14,21,35,3,4,7,8,8,16
CNRH02602C,71,127,198,27,38,65,16,33,49
MIEE83301R,3,74,77,0,21,21,7,26,33
PZTD02452L,25,86,111,0,17,17,0,0,0
PSRF001014,25,42,67,4,10,14,10,25,35
CEEE87402Q,3,67,70,2,16,18,19,9,28
KREE80303L,4,46,50,2,14,16,17,10,27
SAMM8B101D,6,14,20,2,2,4,11,8,19
BGEE833027,1,48,49,0,12,12,6,14,20
PAEE8AB038,3,64,67,0,18,18,11,13,24
SAEE06200R,3,64,67,0,18,18,11,13,24
CZEE843056,0,31,31,0,3,3,10,15,25
VVEE825013,5,29,34,2,8,10,9,8,17
CHEE811029,3,95,98,1,35,36,7,28,35
FEEE802017,5,52,57,2,16,18,9,23,32
CAEE885127,3,42,45,0,9,9,7,22,29
FRRH02701D,30,50,80,9,17,26,4,19,23
RMMM8FQ017,8,38,46,2,7,9,4,24,28
LTEE83202B,1,43,44,0,17,17,2,23,25
PNTA00401B,54,75,129,4,16,20,16,25,41
MBEE87101C,3,25,28,3,4,7,3,17,20
VEEE85902A,2,61,63,0,14,14,6,20,26
MIMM8EQ014,5,30,35,0,7,7,12,23,35
MOEE84301L,4,110,114,1,33,34,7,29,36
MSRA011506,4,110,114,1,33,34,7,29,36
NAEE8BF017,2,30,32,0,6,6,11,10,21
BAEE026013,2,30,32,0,6,6,11,10,21
VTEE83203N,0,31,31,0,12,12,3,17,20
PIEE83404X,4,63,67,3,24,27,3,24,27
TAMM86901G,4,63,67,3,24,27,3,24,27
BAEE847013,2,52,54,1,14,15,4,22,26
RGMM832015,11,22,33,2,3,5,10,17,27
LIMM817018,3,24,27,2,2,4,4,20,24
UDMM827026,8,27,35,1,8,9,5,19,24
CSEE89004V,2,68,70,0,20,20,8,21,29
TVEE825038,1,50,51,0,9,9,9,25,34
NARA09601G,53,101,154,12,33,45,19,23,42
NAEE8G003B,3,75,78,1,22,23,7,16,23
BLEE809054,3,49,52,0,10,10,5,16,21
AVMM87501L,16,33,49,1,3,4,13,15,28
MEEE813029,6,41,47,1,3,4,11,12,23
VIEE88408L,3,88,91,1,13,14,8,27,35
KRMM82301P,5,21,26,0,4,4,8,13,21
SOMM80401P,10,24,34,0,4,4,5,21,26
GEEE84301N,2,50,52,0,11,11,3,26,29
KRRH004501,2,50,52,0,11,11,3,26,29
TOMM86302L,19,33,52,5,11,16,11,28,39
PZEE82104D,2,64,66,0,9,9,7,26,33
RCEE868026,5,58,63,2,14,16,10,21,31
PAEE034069,5,84,89,3,26,29,10,15,25
CTMM8AQ01G,5,19,24,2,5,7,10,11,21
CHMM818023,14,29,43,4,11,15,7,34,41
BSRC03401G,48,117,165,11,28,39,14,24,38
APEE82904L,1,64,65,0,15,15,8,29,37
BAEE070048,2,68,70,1,19,20,8,15,23
CSEE85301R,3,21,24,2,6,8,5,12,17
FIEE87607A,5,102,107,2,21,23,7,48,55
PDEE82803N,4,65,69,0,12,12,6,20,26
TORC008015,59,107,166,12,24,36,14,32,46
LCEE81203Q,1,50,51,1,15,16,5,24,29
PGEE81701A,5,35,40,1,8,9,5,17,22
MISL01000C,43,108,151,1,13,14,12,21,33
VTEE80902G,0,30,30,0,8,8,4,14,18
CAMM839021,14,48,62,2,18,20,4,31,35
LIEE013002,14,48,62,2,18,20,4,31,35
MITF09601E,51,112,163,3,19,22,14,26,40
MBEE8CN01N,3,48,51,0,9,9,7,14,21
PRMM81004P,11,20,31,2,3,5,6,18,24
PEMM83801Q,7,42,49,1,14,15,7,24,31
BATD057012,30,63,93,8,24,32,10,10,20
ANEE81703P,4,67,71,1,17,18,2,36,38
ISMM81207X,8,18,26,0,5,5,7,18,25
MEMM86701G,9,38,47,1,11,12,16,15,31
PATA00801C,69,84,153,14,36,50,25,16,41
CTMM899018,9,40,49,3,23,26,5,16,21
MIPC110009,12,31,43,0,0,0,0,0,0
RMMM89401Q,4,24,28,1,7,8,4,20,24
NUEE878014,1,32,33,0,9,9,4,12,16
COMM853015,14,47,61,4,15,19,10,30,40
CSEE831065,4,57,61,3,11,14,14,9,23
IMEE814026,3,75,78,1,25,26,5,23,28
RGEE80601N,2,32,34,0,5,5,7,11,18
TOMM84701N,9,17,26,1,2,3,2,19,21
CSEE8AE056,1,53,54,0,18,18,13,13,26
PGMM83701E,12,34,46,0,8,8,3,14,17
VRRA012517,110,152,262,23,55,78,0,0,0
SSEE849032,110,152,262,23,55,78,0,0,0
TOEE8AQ02Q,5,60,65,2,16,18,7,30,37
RMEE205032,0,48,48,0,12,12,3,14,17
VBTD004502,39,80,119,7,21,28,0,0,0
TVRH01005V,60,124,184,7,50,57,15,52,67
TORC037015,50,98,148,8,14,22,23,21,44
REEE83906G,1,66,67,0,21,21,5,24,29
CTSL00801B,35,82,117,10,27,37,15,14,29
FGRI020004,54,86,140,11,39,50,12,17,29
VREE86201R,3,94,97,1,20,21,9,26,35
FIEE81703A,4,52,56,1,10,11,7,21,28
VERH02050N,40,61,101,8,17,25,11,17,28
MIEE8AQ02Q,7,69,76,4,14,18,8,27,35
SRRH04050L,50,73,123,8,23,31,26,23,49
ROMM052008,50,73,123,8,23,31,26,23,49
VTMM80403C,6,23,29,1,8,9,5,17,22
APEE839025,2,70,72,0,26,26,4,28,32
REEE84503Q,5,55,60,1,14,15,4,26,30
LTTD00401E,93,139,232,20,49,69,18,31,49
LEMM85401X,3,20,23,0,4,4,8,7,15
BGMM87202R,13,22,35,5,3,8,3,28,31
RCRI017012,52,78,130,6,27,33,21,12,33
MIMM845023,9,30,39,4,5,9,4,24,28
RCMM84403N,9,18,27,1,4,5,8,14,22
BSEE87102E,4,45,49,1,4,5,8,21,29
PAEE825029,1,30,31,0,7,7,10,12,22
MBTF05050A,47,59,106,1,11,12,10,17,27
PCMM807031,6,31,37,1,4,5,0,29,29
BIRI007014,97,131,228,30,53,83,17,39,56
NAMM8DE01G,4,22,26,2,7,9,16,14,30
CRMM82801G,10,33,43,2,13,15,2,28,30
LEEE89101X,3,64,67,0,16,16,9,19,28
LOMM80701V,5,26,31,0,5,5,4,24,28
RAMM80401X,3,34,37,0,7,7,4,27,31
RMEE877013,1,54,55,0,16,16,2,17,19
CZMM843033,11,27,38,3,3,6,10,15,25
NAEE8B401G,4,25,29,1,7,8,11,9,20
SAEE8B9015,1,10,11,0,3,3,6,12,18
CSMM849047,13,34,47,3,5,8,14,14,28
CZPM009014,23,69,92,1,16,17,11,15,26
VBMM804018,7,21,28,2,6,8,5,26,31
TVEE87305Q,6,75,81,2,22,24,6,27,33
PAEE84903V,1,62,63,0,25,25,5,14,19
KRMM82901N,12,25,37,1,5,6,14,8,22
IMEE806038,4,49,53,2,14,16,4,20,24
PSTF01000N,78,60,138,2,3,5,12,28,40
NAEE084029,78,60,138,2,3,5,12,28,40
NAEE8ED01B,4,43,47,0,16,16,14,8,22
TATF02402P,69,70,139,12,28,40,18,24,42
BNEE80401B,1,31,32,0,5,5,7,13,20
ENEE091046,4,48,52,0,5,5,9,9,18
LUTF01851G,83,95,178,7,31,38,0,0,0
LTEE83702E,5,55,60,3,21,24,10,17,27
PAEE8AR033,3,56,59,1,10,11,12,14,26
LTEE827031,0,50,50,0,19,19,4,27,31
KREE81702D,1,37,38,0,3,3,12,14,26
CAEE896015,1,50,51,1,17,18,4,18,22
ANEE835016,3,37,40,0,15,15,3,19,22
MOTF01851X,89,116,205,8,16,24,0,0,0
MIEE8D101Q,14,97,111,8,29,37,8,25,33
NAMM8E5016,28,62,90,13,20,33,8,18,26
TSEE80101X,3,66,69,2,15,17,4,18,22
COEE80108R,5,39,44,0,6,6,11,15,26
UDEE82004E,7,83,90,0,13,13,5,25,30
FGEE86001T,1,31,32,1,12,13,6,12,18
RIMM81701Q,11,24,35,5,7,12,3,32,35
BSRH027502,72,95,167,5,20,25,0,0,0
CNPS05000D,29,75,104,3,10,13,7,21,28
BATL070507,67,70,137,3,11,14,18,18,36
TPEE824032,6,54,60,4,20,24,10,17,27
RERH008011,48,104,152,13,27,40,20,24,44
PIEE839021,1,65,66,0,24,24,3,27,30
FGEE11000N,5,91,96,3,30,33,5,22,27
SAEE158002,2,38,40,1,3,4,11,6,17
RMMM8CH01B,14,38,52,3,12,15,10,16,26
VIEE88402A,3,88,91,1,13,14,8,27,35
PREE83903A,1,46,47,0,7,7,10,27,37
CBSL02301B,71,82,153,4,20,24,14,30,44
PAPM01801P,41,34,75,2,4,6,12,13,25
NAPS13901P,49,72,121,4,25,29,23,10,33
TOEE85702A,3,40,43,2,7,9,4,23,27
VCEE80602L,3,48,51,1,16,17,6,24,30
COEE84401B,6,63,69,0,14,14,4,23,27
PVRC01202G,6,63,69,0,14,14,4,23,27
BAEE12202N,4,73,77,1,30,31,3,20,23
PIEE82701N,4,63,67,0,20,20,4,30,34
MIMM8DK02X,10,42,52,5,7,12,3,22,25
PNEE82301V,1,49,50,0,10,10,4,21,25
AQRI007011,65,94,159,15,41,56,16,25,41
CAEE87704V,0,72,72,0,24,24,12,34,46
PGEE05101V,2,87,89,0,24,24,5,26,31
MITD52000A,56,82,138,10,9,19,11,18,29
VVRI00901V,54,52,106,9,12,21,20,17,37
CAMM840014,10,23,33,2,6,8,3,20,23
TPRA00850C,43,73,116,11,21,32,0,0,0
METD02351L,52,100,152,8,36,44,0,0,0
LCEE81801L,6,69,75,1,18,19,12,19,31
TEMM834013,10,31,41,3,12,15,2,26,28
SSMM806022,10,29,39,1,10,11,3,23,26
BAEE046018,2,75,77,1,17,18,4,20,24
MIEE8DZ04D,2,75,77,1,17,18,4,20,24
CAMM86301R,12,32,44,1,11,12,14,16,30
ANEE81102P,2,56,58,1,16,17,7,20,27
AGMM819012,23,35,58,4,3,7,27,15,42
ANRI01603L,101,145,246,12,31,43,25,36,61
ANEE82403T,2,34,36,1,14,15,5,16,21
MTMM816011,2,34,36,1,14,15,5,16,21
MEEE872069,3,93,96,1,37,38,16,15,31
CLEE83201T,1,16,17,0,6,6,10,11,21
RMMM8FE01Q,10,29,39,1,9,10,8,18,26
BARC06752Q,64,83,147,5,18,23,0,0,0
ALEE80601G,3,44,47,1,7,8,1,27,28
OREE812077,0,62,62,0,21,21,2,32,34
FOMM82301Q,5,24,29,2,5,7,4,19,23
PEEE831012,3,66,69,3,27,30,6,25,31
FIEE820036,6,65,71,2,9,11,12,28,40
VIEE850049,2,48,50,0,11,11,5,16,21
NAMM87401G,5,13,18,1,4,5,7,10,17
UDPS004012,39,57,96,4,9,13,5,19,24
VIEE81408A,3,72,75,2,13,15,7,34,41
TOEE829037,6,50,56,1,7,8,9,31,40
CSEE8A001V,2,42,44,2,9,11,9,16,25
TOMM84101P,6,24,30,4,6,10,1,27,28
APPS030005,21,79,100,0,1,1,7,19,26
CSEE8AJ04T,4,47,51,1,11,12,16,14,30
RMPC06401A,39,68,107,6,5,11,6,25,31
CAEE818032,0,48,48,0,8,8,4,24,28
LEMM84101T,2,20,22,0,5,5,8,11,19
RMEE863015,4,46,50,1,17,18,2,15,17
CLEE02401X,3,65,68,2,13,15,12,12,24
ISEE826103,3,65,68,2,13,15,12,12,24
MNMM82202V,11,27,38,2,9,11,1,23,24
VETD06000R,25,43,68,2,5,7,5,17,22
CBMM823011,7,26,33,3,9,12,6,12,18
POEE811019,4,29,33,1,6,7,3,21,24
CEEE8BE03G,3,72,75,0,15,15,15,18,33
CRMM803017,8,21,29,2,7,9,5,18,23
VBEE81603N,0,39,39,0,9,9,15,18,33
BOMM868012,9,37,46,2,7,9,4,33,37
TORC024013,43,72,115,9,18,27,7,22,29
LCEE80401P,2,40,42,0,9,9,1,18,19
PNEE81204G,4,46,50,0,11,11,3,29,32
AREE81601L,4,58,62,1,21,22,5,20,25
ALEE81905T,2,56,58,0,17,17,11,18,29
RMEE821013,3,59,62,2,15,17,6,17,23
ANEE83701T,0,62,62,0,17,17,7,28,35
BLEE81801P,2,38,40,0,7,7,8,10,18
ORTL00601C,48,72,120,1,9,10,14,19,33
RMEE8AP01X,2,62,64,0,17,17,3,25,28
GEEE85001R,7,89,96,3,24,27,10,35,45
TOEE85602E,0,58,58,0,15,15,9,21,30
RMEE84602C,4,73,77,1,26,27,2,17,19
SSEE82901P,2,60,62,1,20,21,9,16,25
PAEE83701E,2,42,44,1,13,14,12,12,24
RMMM8F2018,8,35,43,2,11,13,6,24,30
BSEE81805R,1,43,44,0,2,2,5,24,29
PVMM80301N,18,32,50,8,11,19,7,25,32
RAEE80602N,11,104,115,5,30,35,10,23,33
PDEE84901L,0,12,12,0,1,1,3,13,16
BNTF02301B,23,59,82,4,14,18,13,14,27
BAPS39000B,3,15,18,1,3,4,0,0,0
GEEE83701A,3,77,80,2,21,23,1,25,26
ROMM811034,9,32,41,3,6,9,2,24,26
NAEE8A4011,4,46,50,4,17,21,6,13,19
ROEE81906V,3,41,44,1,9,10,3,20,23
SAEE89704V,1,54,55,0,11,11,10,13,23
SSEE843022,1,71,72,1,28,29,8,21,29
CTTD20050T,1,71,72,1,28,29,8,21,29
CZEE872012,2,46,48,0,8,8,11,18,29
CAPS013019,23,49,72,6,10,16,6,14,20
SOTD00601Q,26,43,69,0,0,0,4,18,22
TOTD050507,50,110,160,6,38,44,12,24,36
MEEE82601A,1,38,39,0,6,6,16,7,23
NAEE14400N,1,39,40,0,9,9,6,15,21
TOEE8B702E,6,67,73,5,21,26,11,32,43
BOEE86603D,6,74,80,2,14,16,6,28,34
VREE85403X,2,89,91,2,21,23,6,24,30
CERH01050A,2,89,91,2,21,23,6,24,30
CEMM8A803B,8,15,23,1,3,4,12,10,22
LCPS00201G,27,67,94,0,1,1,7,21,28
CHPC014015,33,103,136,8,32,40,9,20,29
MSEE806018,33,103,136,8,32,40,9,20,29
CNPS030008,15,43,58,0,0,0,5,17,22
TOEE71401E,15,43,58,0,0,0,5,17,22
LEEE80001L,1,49,50,0,16,16,9,20,29
SPEE82204A,1,100,101,1,28,29,6,39,45
MOEE809015,3,71,74,2,18,20,9,30,39
PZTA04000L,19,19,38,4,7,11,4,0,4
MEEE82706B,3,51,54,2,14,16,12,13,25
SAMM8AV027,3,12,15,1,4,5,5,9,14
RCEE85801E,2,46,48,1,12,13,21,9,30
TRMM82001R,5,34,39,1,8,9,2,25,27
RERI01151N,104,104,208,11,15,26,0,0,0
CATD02901P,24,62,86,8,16,24,7,15,22
MTTA01101R,46,65,111,6,10,16,20,14,34
TEEE84401P,2,85,87,1,34,35,6,28,34
COEE84804T,1,45,46,0,11,11,12,15,27
PTEE81901N,1,35,36,0,7,7,3,15,18
CEEE8BE08R,3,72,75,0,15,15,15,18,33
PAMM87801Q,19,42,61,7,11,18,12,8,20
IMTD00602G,36,64,100,2,12,14,9,20,29
MBEE84601Q,5,86,91,1,15,16,4,28,32
SAEE8BH05D,1,35,36,0,10,10,11,12,23
VAEE82107P,1,93,94,0,24,24,9,28,37
CSEE86404A,1,18,19,1,3,4,12,7,19
PTEE82003X,1,76,77,0,33,33,3,25,28
TARC03901T,70,117,187,13,50,63,26,24,50
TASL03104P,70,117,187,13,50,63,26,24,50
NUEE86204N,2,42,44,1,6,7,8,18,26
MOEE040016,10,120,130,6,37,43,11,30,41
TVMM817027,8,34,42,1,6,7,4,31,35
MTEE82803A,8,34,42,1,6,7,4,31,35
NARI11201X,8,34,42,1,6,7,4,31,35
LUEE84103P,3,54,57,1,9,10,4,23,27
MIEE8DZ05E,14,93,107,4,24,28,11,20,31
TAMM128006,14,93,107,4,24,28,11,20,31
FGEE83101T,1,32,33,0,7,7,10,7,17
FGMM82003C,6,19,25,0,7,7,7,7,14
NAEE8GF018,1,64,65,1,19,20,14,10,24
BGEE81705C,3,40,43,1,9,10,2,18,20
FIEE826013,7,58,65,2,7,9,8,21,29
ENTF007014,66,76,142,9,8,17,25,17,42
VIEE85801R,3,80,83,1,22,23,4,26,30
FIMM86401R,15,40,55,5,11,16,3,31,34
MIMM824011,7,31,38,2,5,7,12,16,28
AVEE81803G,4,68,72,2,15,17,16,20,36
SOMM81201N,4,13,17,2,1,3,2,16,18
LCEE830028,3,53,56,1,10,11,9,17,26
MEEE84908A,1,39,40,1,6,7,13,12,25
GREE82105L,1,39,40,1,6,7,13,12,25
CAEE86302V,4,66,70,0,27,27,14,16,30
RMEE804019,3,41,44,1,7,8,4,20,24
APPC00302Q,25,60,85,3,15,18,5,20,25
PDRI07000P,73,47,120,3,7,10,22,19,41
RCEE87503A,2,40,42,0,11,11,7,16,23
UDRC019018,37,81,118,7,9,16,8,23,31
PSTD003019,54,116,170,8,31,39,12,34,46
ORMM81201X,8,32,40,1,8,9,2,32,34
ANPS040005,33,63,96,0,1,1,4,25,29
TOEE87204E,3,72,75,2,20,22,7,34,41
VREE879016,2,32,34,0,6,6,7,20,27
MSMM70001B,2,32,34,0,6,6,7,20,27
TOEE824045,10,51,61,4,13,17,2,34,36
SSEE813026,5,59,64,0,14,14,4,31,35
CLRH00350C,38,67,105,8,17,25,0,0,0
BSEE8AN048,5,53,58,3,10,13,4,22,26
MIEE71901N,5,53,58,3,10,13,4,22,26
MNEE82801T,12,85,97,6,27,33,6,28,34
VIEE814024,3,72,75,2,13,15,7,34,41
OREE820021,1,45,46,0,12,12,1,19,20
CZEE86001Q,4,69,73,2,22,24,6,22,28
RIEE808034,4,69,73,2,22,24,6,22,28
MOEE84203V,5,94,99,4,20,24,6,27,33
CNEE862018,3,123,126,0,46,46,12,46,58
PARH01004X,3,123,126,0,46,46,12,46,58
VIEE82001A,4,53,57,1,11,12,6,17,23
SSRI011017,59,54,113,10,32,42,6,21,27
TOEE8BM012,5,64,69,2,11,13,4,32,36
BOEE82403B,2,53,55,1,9,10,10,28,38
RMPC200004,26,92,118,0,7,7,4,24,28
BSEE845022,3,48,51,1,9,10,4,22,26
TOEE83402N,5,66,71,4,20,24,7,28,35
NAMM83601R,4,19,23,0,3,3,6,6,12
CNEE828073,2,65,67,1,18,19,8,26,34
MNEE83602T,4,77,81,1,23,24,8,25,33
FITF01701V,137,148,285,13,34,47,15,32,47
PIRI00851B,67,103,170,5,31,36,0,0,0
AVTA028012,41,48,89,3,11,14,25,25,50
BOEE82202P,41,48,89,3,11,14,25,25,50
CNEE821034,2,36,38,0,6,6,3,18,21
CSMM877018,10,25,35,2,3,5,7,13,20
BOMM811016,8,21,29,1,3,4,6,23,29
PNEE81501X,2,81,83,1,15,16,1,27,28
MIEE87601P,3,52,55,0,8,8,4,20,24
LEPS03701Q,39,49,88,4,13,17,14,10,24
TSEE81803B,4,29,33,0,2,2,7,25,32
MIEE8B802A,9,81,90,3,18,21,3,22,25
PGEE023105,4,74,78,2,15,17,6,28,34
AREE813015,8,76,84,3,23,26,4,32,36
PGMM82901G,6,13,19,4,2,6,2,15,17
RMMM893021,11,50,61,2,14,16,8,18,26
BOMM87701R,7,18,25,1,3,4,4,19,23
TVEE85601T,1,41,42,0,8,8,4,17,21
BGMM86002E,10,34,44,3,10,13,5,23,28
BRMM07800Q,17,83,100,5,20,25,4,14,18
VISL00151Q,17,83,100,5,20,25,4,14,18
ATEE00500R,1,85,86,0,23,23,3,25,28
RMEE8A102D,3,84,87,1,35,36,7,21,28
RMEE847017,9,80,89,2,25,27,8,16,24
ANEE843015,3,71,74,1,16,17,3,29,32
NAMM8DU01Q,14,39,53,3,13,16,10,15,25
MBMM8CN02N,3,41,44,1,6,7,7,14,21
RAMM80602L,9,48,57,3,13,16,10,23,33
LIRC00201L,36,102,138,9,33,42,9,25,34
VRPC03000N,26,66,92,0,1,1,0,0,0
VREE8AD02C,3,60,63,1,13,14,1,26,27
LORC01000Q,19,75,94,4,23,27,5,14,19
TOEE8AT01G,2,40,42,0,11,11,7,25,32
PDMM854046,8,35,43,4,3,7,5,24,29
TOMM8AX01T,4,25,29,3,6,9,8,18,26
RMPM01301N,26,45,71,3,7,10,11,11,22
PCEE80403E,2,33,35,0,5,5,7,16,23
SSMM83802D,2,33,35,0,5,5,7,16,23
ROEE811013,3,54,57,1,16,17,2,24,26
BATD069018,3,54,57,1,16,17,2,24,26
CHEE81608P,3,31,34,0,5,5,10,16,26
CEEE87403R,3,67,70,2,16,18,19,9,28
CEMM8A3016,8,30,38,2,4,6,6,17,23
LTEE80802E,1,43,44,0,17,17,3,17,20
TOMM32300Q,1,43,44,0,17,17,3,17,20
CNMM80601V,8,30,38,1,6,7,8,32,40
VVEE83507X,2,60,62,0,9,9,19,15,34
CREE821052,8,88,96,1,23,24,10,24,34
PNPS00101E,36,106,142,1,12,13,6,35,41
UDEE821039,0,41,41,0,9,9,3,23,26
VAMM70001D,0,41,41,0,9,9,3,23,26
SATD061019,10,45,55,0,2,2,10,12,22
RMEE8CW01R,4,79,83,2,20,22,4,24,28
FGRI02050D,54,86,140,11,39,50,12,17,29
TAEE86901L,54,86,140,11,39,50,12,17,29
TSEE806046,8,43,51,1,10,11,5,37,42
PAMM840019,15,20,35,3,5,8,14,8,22
NAEE03800D,2,107,109,1,20,21,13,19,32
TSEE800036,2,29,31,0,2,2,2,23,25
CHMM833014,19,62,81,7,27,34,6,21,27
RNEE01500N,8,114,122,3,36,39,9,29,38
SAEE8B101E,1,49,50,0,17,17,11,8,19
TPMM80901R,9,21,30,2,4,6,6,15,21
RGEE833012,3,27,30,0,9,9,10,14,24
KREE82301Q,1,41,42,0,15,15,8,13,21
CAMM88501N,17,24,41,3,4,7,7,22,29
TASD031015,17,24,41,3,4,7,7,22,29
GEEE84307X,2,50,52,0,11,11,3,26,29
KRRC002515,31,36,67,4,5,9,0,0,0
FOEE802061,9,38,47,0,8,8,2,35,37
PZEE82107L,2,64,66,0,9,9,7,26,33
NAMM622004,17,57,74,4,13,17,7,7,14
TAMM82501T,17,28,45,2,11,13,7,12,19
SPEE802045,2,31,33,0,10,10,2,24,26
CTEE8AQ01L,3,40,43,0,14,14,10,11,21
MBEE87502R,4,66,70,1,15,16,2,25,27
BNMM81004R,9,21,30,2,2,4,8,24,32
SVEE81508T,3,83,86,1,21,22,6,29,35
MBRC06050B,49,98,147,6,34,40,13,19,32
MIEE8AB01Q,5,79,84,2,14,16,6,24,30
BAEE88701D,0,46,46,0,14,14,11,13,24
CRMM80802B,11,30,41,2,10,12,5,27,32
PAEE8AQ015,2,58,60,1,14,15,13,12,25
AVMM84602N,7,27,34,2,4,6,14,10,24
BOMM85501X,13,38,51,4,8,12,10,20,30
PDEE82801G,4,65,69,0,12,12,6,20,26
TOTD00801C,59,107,166,12,24,36,14,32,46
PDEE889013,1,45,46,0,11,11,5,17,22
AGEE82903Q,4,46,50,3,14,17,17,12,29
RGEE832016,4,41,45,1,8,9,10,17,27
SAEE809032,3,24,27,1,4,5,5,15,20
FRTL01702C,3,24,27,1,4,5,5,15,20
VIEE872013,8,47,55,3,10,13,8,14,22
SPEE81403A,1,76,77,0,19,19,6,27,33
PTMM809012,11,26,37,3,9,12,2,20,22
MOMM80602N,4,11,15,2,1,3,4,9,13
TVMM825026,8,29,37,2,6,8,9,25,34
GEMM82701P,13,42,55,5,9,14,8,31,39
PAEE8AZ022,2,55,57,1,27,28,5,16,21
MERC019018,44,136,180,10,58,68,13,27,40
MOEE85001Q,5,92,97,1,21,22,12,24,36
AVMM87504Q,16,33,49,1,3,4,13,15,28
TOEE8BE02V,8,82,90,1,31,32,7,21,28
MEEE813018,6,41,47,1,3,4,11,12,23
CLMM82101A,13,35,48,4,10,14,11,12,23
CSEE849037,2,39,41,0,9,9,14,14,28
GREE829013,0,50,50,0,9,9,8,22,30
SAEE16215A,0,50,50,0,9,9,8,22,30
RCMM868014,16,42,58,5,15,20,10,21,31
NAEE191018,0,63,63,0,17,17,7,10,17
VREE84701P,3,87,90,1,15,16,4,24,28
CSEE81002X,0,16,16,0,2,2,7,5,12
MIPC13000E,28,59,87,3,9,12,5,19,24
VIEE82004D,4,53,57,1,11,12,6,17,23
CSEE852099,3,25,28,1,4,5,6,16,22
LTMM82703X,20,47,67,8,13,21,4,27,31
RIMM81601X,12,41,53,0,8,8,8,21,29
FREE814048,2,50,52,1,12,13,7,21,28
PEMM82501N,4,18,22,1,3,4,6,13,19
MEEE83403B,6,46,52,4,4,8,11,13,24
LIEE01336P,6,46,52,4,4,8,11,13,24
CATD03201E,23,49,72,3,7,10,10,19,29
TPTD02203P,39,106,145,12,44,56,15,17,32
NAEE8GY01X,0,34,34,0,10,10,8,8,16
MCEE835021,7,70,77,3,24,27,6,23,29
CEEE82901R,2,50,52,0,14,14,11,14,25
BIEE802039,0,46,46,0,6,6,6,22,28
REMM83801D,10,29,39,1,9,10,5,25,30
MCEE826015,2,35,37,0,5,5,2,19,21
BNEE849022,3,31,34,1,7,8,7,17,24
MCEE83001R,5,73,78,1,19,20,5,24,29
ISEE81205V,2,41,43,0,8,8,7,18,25
RMEE8C601R,3,50,53,1,21,22,5,22,27
RMEE8DX039,5,68,73,4,15,19,4,25,29
AGEE805037,0,15,15,0,2,2,12,13,25
PGEE84705A,1,74,75,1,23,24,4,30,34
CTPS00901A,39,67,106,6,16,22,15,14,29
SVMM803017,4,26,30,2,6,8,5,28,33
VIMM80901E,9,35,44,3,7,10,4,20,24
CSEE831021,4,57,61,3,11,14,14,9,23
TOEE8AK01Q,4,42,46,1,12,13,9,21,30
NAMM8GN01B,11,15,26,3,4,7,5,11,16
MIMM887014,19,32,51,4,10,14,4,18,22
CTRI024502,35,46,81,5,15,20,0,0,0
RMEE847039,9,80,89,2,25,27,8,16,24
PGEE83701G,0,30,30,0,11,11,3,14,17
RCPS01701R,52,78,130,6,27,33,21,12,33
PGRH02000B,29,113,142,7,53,60,9,31,40
BSMM82502Q,15,39,54,3,7,10,6,27,33
CSPM070003,32,63,95,4,14,18,10,12,22
VRRA012041,110,152,262,23,55,78,21,43,64
BSEE87104L,4,45,49,1,4,5,8,21,29
NAMM863015,14,32,46,5,7,12,11,12,23
TVRH01004T,60,124,184,7,50,57,15,52,67
CSTL06602P,57,67,124,8,27,35,18,13,31
TOTL03701V,50,98,148,8,14,22,23,21,44
BIEE81801R,4,72,76,2,23,25,8,22,30
CSEE70001B,4,72,76,2,23,25,8,22,30
BASL04601L,48,148,196,9,70,79,20,11,31
PCEE80802R,6,40,46,2,7,9,2,24,26
NAMM8DE02L,4,22,26,2,7,9,16,14,30
RCEE83912N,3,73,76,1,19,20,19,15,34
BARA06751Q,64,83,147,5,18,23,0,0,0
CEEE87301V,1,66,67,0,23,23,12,15,27
FOEE82402N,3,85,88,0,29,29,4,27,31
NAEE13602R,3,57,60,0,27,27,11,8,19
CHEE07204X,6,78,84,0,28,28,4,24,28
LTTD00450V,93,139,232,20,49,69,0,0,0
AQMM831024,6,25,31,2,12,14,5,17,22
CRMM80202C,5,23,28,1,6,7,1,22,23
VBEE81601G,0,39,39,0,9,9,15,18,33
BGEE872084,4,60,64,2,14,16,3,28,31
RMEE8D601B,2,23,25,1,9,10,4,13,17
SOEE82004R,3,87,90,0,13,13,10,25,35
MIEE845013,4,63,67,1,9,10,4,24,28
TVEE87302L,6,75,81,2,22,24,6,27,33
GEMM83001E,10,22,32,1,9,10,8,15,23
LCMM82701A,8,44,52,3,9,12,3,32,35
RNEE81704C,4,78,82,1,19,20,11,24,35
SAPC05901A,41,102,143,9,20,29,6,21,27
SREE86402G,1,26,27,0,6,6,6,14,20
CLEE024054,3,65,68,2,13,15,12,12,24
CREE82802N,8,65,73,4,17,21,2,28,30
TOMM89701P,16,51,67,8,14,22,5,39,44
CLTD090027,16,51,67,8,14,22,5,39,44
LOEE807032,4,52,56,2,7,9,4,24,28
BNRC02650N,40,75,115,8,30,38,0,0,0
UDEE82001B,7,83,90,0,13,13,5,25,30
NAMM8CC019,3,21,24,1,6,7,8,14,22
PVMM80302P,18,32,50,8,11,19,7,25,32
BSEE8AD04C,2,66,68,0,12,12,9,24,33
TAMM861011,7,20,27,0,3,3,3,19,22
PAEE84902T,1,62,63,0,25,25,5,14,19
KREE82903R,2,46,48,0,16,16,14,8,22
PRPS008015,66,83,149,15,18,33,12,22,34
PREE83201D,1,50,51,0,10,10,4,19,23
PREE83904B,1,46,47,0,7,7,10,27,37
PDRI02201A,37,114,151,7,19,26,11,26,37
ISMM829013,7,20,27,2,6,8,10,17,27
NOMM81701A,6,41,47,2,9,11,10,21,31
TRPC00201N,51,94,145,5,30,35,9,24,33
BSEE86101V,7,92,99,0,22,22,1,31,32
PAEE8AQ026,2,58,60,1,14,15,13,12,25
MBMM879012,11,43,54,6,9,15,0,27,27
VAMM85002C,7,30,37,1,6,7,3,23,26
ORTD006012,48,72,120,1,9,10,14,19,33
PDMM82801E,13,26,39,4,5,9,6,20,26
SAEE86201R,1,58,59,0,16,16,11,20,31
PVTF012014,62,174,236,17,70,87,12,33,45
CTSL01050Q,50,130,180,11,47,58,20,27,47
RMMM8AP01V,10,30,40,4,9,13,3,25,28
CATD01151V,48,48,96,9,16,25,0,0,0
GEEE850051,7,89,96,3,24,27,10,35,45
CTEE8AK01N,2,45,47,0,9,9,11,15,26
LUEE82704D,2,45,47,1,8,9,5,27,32
CTEE8AU06E,4,44,48,0,10,10,5,17,22
RMEE8E101V,4,61,65,1,20,21,3,24,27
BOMM80701E,9,29,38,2,2,4,7,19,26
COEE80103G,5,39,44,0,6,6,11,15,26
BAPS270009,29,92,121,3,12,15,9,15,24
SAMM807017,8,12,20,0,3,3,1,13,14
NOMM80601X,10,31,41,4,5,9,7,23,30
BATL07000T,67,70,137,3,11,14,18,18,36
CHEE826012,1,16,17,0,2,2,1,16,17
BAMM88001N,7,39,46,2,9,11,5,19,24
VAEE84102P,6,75,81,2,17,19,10,25,35
MERH024011,49,95,144,6,30,36,26,13,39
GOMM801024,7,25,32,1,8,9,4,22,26
MIEE8EA01A,2,69,71,1,17,18,3,18,21
CSEE848019,1,16,17,0,2,2,13,11,24
LEEE00101D,1,38,39,0,7,7,12,8,20
CBTF023512,71,82,153,4,20,24,0,0,0
NATD13801P,79,113,192,10,36,46,24,13,37
PTMM815019,9,53,62,2,23,25,1,31,32
AGEE819013,4,55,59,0,14,14,27,15,42
COMM84401A,7,36,43,0,4,4,4,23,27
ANTD016015,101,145,246,12,31,43,25,36,61
MBEE8E1028,7,92,99,3,21,24,8,29,37
FRMM814047,7,27,34,1,10,11,7,21,28
FREE81706T,1,46,47,0,14,14,6,24,30
BAEE121062,2,54,56,2,12,14,1,19,20
MIMM8DK01V,10,42,52,5,7,12,3,22,25
VREE85507X,5,89,94,3,20,23,7,31,38
CAMM87702Q,11,37,48,4,14,18,12,34,46
FIEE82101X,5,87,92,1,21,22,8,27,35
CZMM19300V,5,87,92,1,21,22,8,27,35
VIMM850015,6,35,41,2,8,10,5,16,21
MITD52050Q,56,82,138,10,9,19,11,18,29
PZSD030003,54,88,142,9,23,32,7,18,25
SREE83302X,0,60,60,0,13,13,11,18,29
TPRC02250N,39,106,145,12,44,56,0,0,0
UDTF004014,39,57,96,4,9,13,5,19,24
NURA014017,57,61,118,3,12,15,14,16,30
TOMM829014,9,28,37,4,5,9,9,31,40
PEEE81704V,4,60,64,0,22,22,7,18,25
BREE82303P,0,43,43,0,13,13,13,9,22
MCEE830051,5,73,78,1,19,20,5,24,29
CSEE822059,6,34,40,1,8,9,7,12,19
GERC00601Q,6,34,40,1,8,9,7,12,19
TOEE8AL02L,4,93,97,0,21,21,8,26,34
RMPC001017,28,64,92,3,10,13,5,20,25
APEE83501R,5,79,84,2,15,17,3,34,37
VETF04000T,50,54,104,2,4,6,13,25,38
TPEE708015,50,54,104,2,4,6,13,25,38
OREE80306B,1,31,32,0,9,9,7,16,23
TREE009069,2,61,63,0,21,21,4,19,23
TOMM8AK01P,11,44,55,4,8,12,9,21,30
CEEE81502X,0,50,50,0,9,9,8,16,24
TPEE00402R,2,75,77,0,28,28,7,11,18
TOEE13710C,6,43,49,0,8,8,7,23,30
BNEE843012,1,35,36,0,8,8,7,17,24
RMTL00801B,34,96,130,1,14,15,13,19,32
TOEE881016,7,86,93,2,32,34,10,22,32
TORH02350R,49,88,137,12,24,36,0,0,0
PGEE85303G,4,79,83,2,31,33,5,22,27
CTRC03401G,25,73,98,8,24,32,10,15,25
VREE83002A,7,78,85,3,14,17,3,26,29
TVEE81707D,2,65,67,1,14,15,4,31,35
APRI020505,51,70,121,8,25,33,17,19,36
VCEE817034,3,33,36,1,4,5,3,22,25
RMRI06650P,42,55,97,6,6,12,0,0,0
PSEE03904X,8,85,93,3,22,25,7,23,30
RCMM875039,6,16,22,2,6,8,7,16,23
NAEE8BN03D,1,53,54,0,10,10,11,17,28
CSPS07301E,52,80,132,8,30,38,24,15,39
RMEE8G1014,3,57,60,0,19,19,5,19,24
CZTF00701D,31,53,84,4,5,9,9,14,23
AQEE829014,3,49,52,0,13,13,1,26,27
MIMM71902N,3,49,52,0,13,13,1,26,27
ALEE81903Q,3,49,52,0,13,13,1,26,27
VEEE82304N,2,80,82,1,20,21,2,35,37
TPMM836015,16,22,38,4,10,14,5,22,27
PARH010505,48,82,130,5,35,40,28,17,45
CBEE830048,3,53,56,1,17,18,6,20,26
SSRA011511,59,54,113,10,32,42,0,0,0
COEE82302B,3,53,56,0,14,14,2,22,24
SPMM81101Q,7,21,28,2,3,5,2,17,19
MBMM8AJ01A,13,44,57,2,9,11,7,16,23
SRMM86404L,5,15,20,0,3,3,6,14,20
SREE85501Q,3,30,33,1,8,9,10,8,18
ATEE804044,2,35,37,0,9,9,3,17,20
TPEE81904G,3,39,42,0,12,12,3,19,22
SAMM89702Q,6,24,30,2,4,6,10,13,23
PVMM82501E,17,51,68,6,18,24,9,32,41
NATD01101T,58,146,204,9,43,52,24,17,41
PSEE815028,2,27,29,1,3,4,7,17,24
TVEE87802Q,4,78,82,1,14,15,3,34,37
PDEE847011,1,52,53,0,8,8,8,15,23
TOEE8B601N,5,89,94,1,18,19,7,35,42
VEEE83702D,1,66,67,0,15,15,3,27,30
TAMM86201R,12,21,33,6,5,11,8,13,21
CSMM8AU026,5,20,25,1,3,4,10,14,24
BGMM84902Q,15,31,46,5,9,14,5,17,22
ISMM82501Q,12,37,49,3,8,11,8,19,27
PIRI008012,67,103,170,5,31,36,21,33,54
NAEE8CC02B,0,48,48,0,11,11,8,14,22
POEE818036,4,49,53,1,7,8,4,25,29
VVMM80306A,12,34,46,1,4,5,17,13,30
PVMM82601A,19,67,86,10,29,39,10,46,56
MOMM809014,13,32,45,3,7,10,9,30,39
NOEE80903E,1,62,63,0,15,15,8,26,34
BSMM86905L,12,32,44,4,4,8,19,18,37
PAMM81602D,13,36,49,5,5,10,19,8,27
BNSL02201A,61,71,132,5,14,19,15,15,30
CNMM84501D,4,21,25,1,6,7,3,20,23
FGEE11001P,5,91,96,3,30,33,5,22,27
BOMM811038,8,21,29,1,3,4,6,23,29
TPEE82503T,0,53,53,0,21,21,10,20,30
CZMM835034,6,17,23,1,3,4,10,9,19
NAEE8FM023,2,45,47,1,17,18,7,13,20
MIMM87601N,8,23,31,1,5,6,4,20,24
CATD029514,24,62,86,8,16,24,0,0,0
CTTH00750L,68,74,142,7,18,25,0,0,0
MTRH011015,46,65,111,6,10,16,20,14,34
PATD01801D,41,34,75,2,4,6,12,13,25
MIEE8FG021,1,51,52,0,15,15,5,18,23
IMMM80901L,4,15,19,1,3,4,3,12,15
LTEE800031,2,87,89,1,39,40,8,26,34
NAEE8C101P,2,32,34,1,6,7,5,10,15
SRMM81201R,8,18,26,2,5,7,6,21,27
LOTA01000L,34,48,82,4,16,20,15,47,62
UDEE849013,3,108,111,1,20,21,7,41,48
PAEE87903P,2,70,72,0,25,25,9,14,23
UDMM81202C,4,26,30,0,4,4,5,29,34
BREE82801Q,2,37,39,0,8,8,5,14,19
BRMM07700X,19,81,100,2,22,24,5,13,18
AQRI00201T,24,56,80,1,9,10,8,16,24
CBMM85401L,8,18,26,0,3,3,4,17,21
VAMM82102C,10,41,51,1,7,8,9,28,37
PTEE82001T,1,76,77,0,33,33,3,25,28
LCEE823058,5,106,111,2,28,30,6,43,49
MEEE84401X,4,46,50,0,9,9,10,19,29
LEMM80001G,4,33,37,0,8,8,9,20,29
RCEE84604B,4,46,50,0,7,7,18,11,29
CAEE840037,3,45,48,1,9,10,3,20,23
CTEE8AX03V,2,44,46,1,15,16,7,14,21
RMEE8E202Q,3,43,46,2,16,18,3,12,15
CZMM813015,5,22,27,1,2,3,7,15,22
VREE8AD03D,3,60,63,1,13,14,1,26,27
SAEE83902R,7,63,70,4,19,23,8,16,24
FETD004017,49,69,118,6,16,22,6,19,25
MSPC00101E,19,76,95,2,5,7,4,21,25
VEEE80802D,1,60,61,0,8,8,3,22,25
BATD21000D,38,109,147,11,32,43,5,23,28
RETN014018,55,69,124,10,18,28,24,20,44
MIMM8E3011,10,17,27,2,4,6,8,21,29
FREE80403L,1,39,40,1,11,12,4,15,19
NAMM8GF017,10,30,40,4,3,7,14,10,24
MIPS021013,32,59,91,3,7,10,6,19,25
NAMM8BG012,5,32,37,1,6,7,9,11,20
RGEE825013,3,86,89,0,30,30,17,18,35
GOEE81302B,5,48,53,0,19,19,4,20,24
CAMM866029,14,32,46,3,7,10,6,20,26
ANMM813018,16,36,52,3,7,10,4,25,29
MIEE8AN03N,4,76,80,3,19,22,9,19,28
PDRI070515,73,47,120,3,7,10,22,19,41
TAEE840011,6,85,91,3,27,30,11,18,29
ORMM812021,8,32,40,1,8,9,2,32,34
ANPS05000Q,19,29,48,0,2,2,5,13,18
PSRC003012,54,116,170,8,31,39,12,34,46
VREE879027,2,32,34,0,6,6,7,20,27
GOEE808031,4,46,50,1,9,10,2,19,21
SVEE81001B,3,39,42,2,8,10,3,22,25
CLRH003014,38,67,105,8,17,25,20,15,35
SAEE8A5039,3,44,47,1,14,15,12,11,23
ANMM82601A,15,45,60,4,17,21,4,25,29
PVEE81105T,4,57,61,3,18,21,4,21,25
CAEE84503A,3,49,52,0,10,10,6,17,23
MEMM83705X,10,56,66,0,13,13,11,24,35
SIEE80501A,1,51,52,0,16,16,8,17,25
TATD03952G,70,117,187,13,50,63,0,0,0
GEEE805031,3,48,51,1,10,11,7,26,33
PTMM82801B,13,44,57,4,17,21,4,33,37
CZEE86004V,4,69,73,2,22,24,6,22,28
VCPS01703L,25,56,81,2,9,11,7,15,22
RMPS27000D,36,68,104,0,3,3,11,22,33
TOEE82803B,5,52,57,2,7,9,8,29,37
RMPC21000P,31,77,108,6,23,29,5,22,27
CAMM89401C,14,59,73,4,19,23,6,20,26
VTEE82901Q,1,33,34,1,11,12,8,17,25
GREE82101C,3,42,45,0,10,10,6,29,35
CAMM870021,3,42,45,0,10,10,6,29,35
SOMM814019,2,12,14,0,2,2,4,15,19
TOMM824022,17,36,53,7,8,15,2,34,36
VIEE813028,2,60,62,0,14,14,6,28,34
CTMM86101T,4,29,33,2,5,7,3,19,22
BSMM85404T,13,35,48,2,4,6,6,33,39
KRRC00204V,13,35,48,2,4,6,6,33,39
APEE805011,3,22,25,0,2,2,0,0,0
VREE831026,1,43,44,0,10,10,2,15,17
SOEE81701T,4,36,40,2,6,8,6,14,20
TORA00850E,4,36,40,2,6,8,6,14,20
RMMM8ET01D,9,46,55,3,18,21,3,24,27
BIEE812041,4,35,39,1,9,10,6,23,29
VAEE873015,2,67,69,1,16,17,6,25,31
ANEE844044,5,69,74,2,14,16,6,31,37
TOEE8BF02P,2,59,61,0,14,14,5,30,35
RAEE80604Q,11,104,115,5,30,35,10,23,33
CAEE033057,4,74,78,1,25,26,2,20,22
VRPM01000L,54,116,170,4,18,22,8,26,34
VAEE87203B,4,47,51,3,14,17,4,25,29
CTMM82601E,6,24,30,2,8,10,2,25,27
LUEE83201T,3,39,42,0,6,6,2,21,23
MIPC140005,41,84,125,4,4,8,8,24,32
RMEE83002V,2,83,85,0,17,17,11,24,35
RMEE893033,2,75,77,0,34,34,8,18,26
PDEE84802T,2,39,41,0,8,8,2,18,20
PNEE822046,2,78,80,1,13,14,2,29,31
CEPS210001,2,78,80,1,13,14,2,29,31
PRMM81001G,11,20,31,2,3,5,6,18,24
LTEE80801D,1,43,44,0,17,17,3,17,20
SPSL00201B,51,90,141,4,17,21,11,25,36
TVEE81503N,2,91,93,0,19,19,8,29,37
SRMM82501V,6,19,25,2,6,8,7,13,20
ATEE81201X,4,56,60,3,11,14,7,31,38
NAEE87901Q,3,27,30,0,7,7,8,12,20
BAMM29800L,3,27,30,0,7,7,8,12,20
PVEE80901N,2,47,49,0,14,14,6,15,21
TVMM862014,17,35,52,3,4,7,6,21,27
PVEE830035,2,90,92,1,22,23,4,29,33
NAEE8GX014,2,60,62,0,27,27,12,7,19
PDEE854014,2,61,63,1,7,8,5,24,29
NAEE8EU01B,2,77,79,0,32,32,10,17,27
MOEE82301B,5,71,76,1,19,20,7,27,34
CTEE067042,5,62,67,2,19,21,4,15,19
LOMM80101X,3,53,56,2,12,14,9,22,31
RMEE8CW02T,4,79,83,2,20,22,4,24,28
CTRI00901G,39,67,106,6,16,22,15,14,29
FGRH100008,57,58,115,13,22,35,0,0,0
RCMM841014,12,49,61,4,7,11,12,11,23
PZRC02402X,12,49,61,4,7,11,12,11,23
FIMM817017,5,21,26,1,1,2,7,21,28
VEPM02000G,38,89,127,5,8,13,12,20,32
CEEE8BE02E,3,72,75,0,15,15,15,18,33
COEE85003R,1,33,34,0,6,6,4,25,29
NAEE88101Q,2,47,49,1,16,17,7,15,22
ROMM82001R,8,28,36,2,5,7,6,24,30
CZTL019519,77,87,164,4,6,10,0,0,0
VIMM849033,13,26,39,1,4,5,6,18,24
LEEE854022,3,22,25,0,5,5,8,7,15
TPMM80902T,9,21,30,2,4,6,6,15,21
BLPC00701N,22,53,75,0,1,1,7,17,24
VVMM83501L,15,30,45,3,6,9,19,15,34
TASL03102L,15,30,45,3,6,9,19,15,34
NAMM619008,11,58,69,2,18,20,9,8,17
SPEE808011,0,44,44,0,14,14,2,19,21
SPEE802012,2,31,33,0,10,10,2,24,26
LUMM84202C,6,19,25,1,3,4,0,20,20
MBSL12000R,25,84,109,4,6,10,5,25,30
MSRI00650A,72,133,205,19,53,72,0,0,0
AVEE88201R,4,45,49,0,12,12,3,22,25
BNMM83703Q,9,27,36,2,5,7,13,11,24
AVMM844033,9,27,36,2,5,7,13,11,24
NAEE03601V,1,129,130,0,42,42,7,19,26
TPEE066013,2,41,43,0,13,13,4,9,13
FEMM810026,2,41,43,0,13,13,4,9,13
RMMM8EC01D,13,53,66,4,11,15,8,20,28
BORH05050C,43,76,119,10,32,42,12,20,32
FRTE018018,45,76,121,2,18,20,7,27,34
VEEE818046,1,44,45,0,7,7,3,22,25
CEEE887051,0,63,63,0,16,16,15,11,26
ARSD01703D,16,52,68,4,17,21,4,19,23
AREE842048,5,56,61,2,15,17,2,28,30
TAEE82601P,3,63,66,2,19,21,14,12,26
NAMM8FZ014,1,19,20,0,5,5,9,6,15
RMTA06001G,63,110,173,29,49,78,24,19,43
BLMM80902X,7,23,30,2,7,9,5,16,21
FREE856017,1,67,68,0,23,23,6,24,30
MEEE81304B,6,41,47,1,3,4,11,12,23
RGEE833034,3,27,30,0,9,9,10,14,24
BREE80802G,2,37,39,0,8,8,10,12,22
MEEE857078,5,59,64,1,11,12,11,22,33
GEEE84304R,5,59,64,1,11,12,11,22,33
MIMM8B3015,23,30,53,5,7,12,5,29,34
PZEE829011,2,33,35,0,7,7,11,12,23
CTEE8AQ05R,3,40,43,0,14,14,10,11,21
BNMM81003Q,9,21,30,2,2,4,8,24,32
FGEE87004G,0,39,39,0,14,14,11,14,25
ENEE062013,4,41,45,0,14,14,7,13,20
GEMM80601N,7,15,22,2,1,3,2,16,18
MIMM8AB01P,12,42,54,3,5,8,6,24,30
VIMM820019,7,44,51,2,16,18,6,17,23
TRTL001017,27,79,106,3,10,13,4,20,24
PVMM81601Q,5,18,23,1,4,5,3,18,21
RMEE871025,3,62,65,2,22,24,6,23,29
CAEE8AC01R,2,49,51,0,4,4,13,19,32
VRMM84201E,12,34,46,2,10,12,8,21,29
PAEE8AZ011,2,55,57,1,27,28,5,16,21
GEEE813041,7,57,64,5,21,26,4,29,33
TEMM813012,9,37,46,3,14,17,6,23,29
CRMM812023,12,35,47,5,13,18,7,27,34
BSEE8AD05D,2,66,68,0,12,12,9,24,33
VIMM82801X,8,17,25,0,4,4,6,21,27
RMRC121011,91,114,205,15,23,38,16,26,42
RMMM8C601Q,10,35,45,4,6,10,5,22,27
CZEE82106A,1,62,63,0,10,10,8,17,25
AGMM847016,6,17,23,1,4,5,20,7,27
MCMM83601P,5,32,37,2,5,7,6,26,32
ALTF00801T,42,78,120,10,27,37,8,22,30
SVEE803018,2,50,52,0,11,11,5,28,33
MSMM81201E,6,30,36,2,15,17,2,20,22
BIEE81202V,4,35,39,1,9,10,6,23,29
CSEE831054,4,57,61,3,11,14,14,9,23
MEEE834019,6,46,52,4,4,8,11,13,24
ATEE00502V,1,85,86,0,23,23,3,25,28
TVRA018015,55,58,113,11,20,31,18,25,43
CTTF026016,45,112,157,4,23,27,9,26,35
NUEE82402R,2,29,31,1,7,8,3,15,18
CSMM85003A,8,18,26,1,3,4,8,15,23
TPTD004013,9,22,31,3,5,8,8,13,21
PGRI24000T,31,76,107,3,23,26,6,20,26
BSEE82502R,4,56,60,0,16,16,6,27,33
MERA024505,49,95,144,6,30,36,0,0,0
TEEE835054,0,61,61,0,24,24,4,26,30
CEMM82901Q,6,36,42,2,11,13,11,14,25
LTMM85201E,13,39,52,4,11,15,8,21,29
TOMM807017,11,22,33,1,5,6,10,17,27
TVRH030508,51,120,171,10,45,55,16,34,50
RNMM81102A,11,32,43,3,8,11,5,34,39
TORC03750D,50,98,148,8,14,22,0,0,0
PGEE847049,1,74,75,1,23,24,4,30,34
MBEE8E1039,7,92,99,3,21,24,8,29,37
PZMM878015,10,14,24,1,0,1,12,10,22
ROMM70101E,10,14,24,1,0,1,12,10,22
NAEE13601Q,3,57,60,0,27,27,11,8,19
LTRH00650C,49,118,167,11,33,44,0,0,0
CTMM837011,12,35,47,1,14,15,11,15,26
BGEE872073,4,60,64,2,14,16,3,28,31
GREE81801L,3,54,57,0,14,14,5,25,30
CNEE806054,3,57,60,1,14,15,8,32,40
MIMM85601C,13,44,57,6,8,14,8,26,34
ATEE812032,4,56,60,3,11,14,7,31,38
UDTF00601Q,47,55,102,4,15,19,17,12,29
PVEE80902P,2,47,49,0,14,14,6,15,21
CSPC190012,15,68,83,2,7,9,12,12,24
RCEE84406T,3,41,44,3,5,8,8,14,22
BSEE87105N,4,45,49,1,4,5,8,21,29
PNTN00401Q,54,75,129,4,16,20,16,25,41
NATD11202G,54,75,129,4,16,20,16,25,41
TAEE703015,54,75,129,4,16,20,16,25,41
RNEE81703B,4,78,82,1,19,20,11,24,35
BSMM80301T,6,30,36,2,4,6,7,24,31
TPEE81802N,11,60,71,7,23,30,15,15,30
NAEE8DE03P,2,47,49,1,14,15,16,14,30
BIRH00702N,97,131,228,30,53,83,17,39,56
CLTD090016,97,131,228,30,53,83,17,39,56
CBEE823012,2,43,45,2,18,20,6,12,18
LOMM807031,5,26,31,0,5,5,4,24,28
MBEE8BQ02Q,6,67,73,3,7,10,4,26,30
RMEE8DE01G,2,81,83,1,23,24,9,20,29
AQEE831036,2,48,50,0,11,11,5,17,22
CREE80204G,5,52,57,3,11,14,1,22,23
SAEE8A203T,5,28,33,0,8,8,6,15,21
TAEE861023,5,28,33,0,8,8,6,15,21
TPEE81102V,3,53,56,1,15,16,4,16,20
PNMM81201B,7,21,28,0,5,5,3,29,32
VEMM82801L,14,25,39,6,5,11,5,23,28
CSPC01801V,12,34,46,0,2,2,13,9,22
PREE83202E,1,50,51,0,10,10,4,19,23
CBEE825104,5,47,52,1,18,19,10,13,23
POEE81102A,4,29,33,1,6,7,3,21,24
SSMM855016,20,56,76,2,15,17,10,29,39
BAEE070004,2,68,70,1,19,20,8,15,23
PTPC01000G,42,91,133,4,17,21,8,23,31
VIEE863018,2,71,73,0,15,15,11,25,36
BAMM88701C,7,37,44,2,9,11,11,13,24
BSMM86103X,27,53,80,2,13,15,1,31,32
MBEE879013,2,63,65,2,16,18,0,27,27
ORTD00651B,48,72,120,1,9,10,0,0,0
PDEE83006R,5,81,86,1,24,25,7,20,27
SSMM842025,10,38,48,1,10,11,6,23,29
CTEE803031,3,41,44,1,11,12,12,11,23
NAEE32304E,6,94,100,3,31,34,13,18,31
IMMM813018,10,23,33,4,3,7,12,23,35
NAEE722013,10,23,33,4,3,7,12,23,35
LUEE82701A,2,45,47,1,8,9,5,27,32
GEEE816019,4,45,49,1,13,14,2,19,21
CEEE8AT028,1,51,52,0,16,16,14,9,23
AVMM007002,3,21,24,0,5,5,0,0,0
BAPS24000D,17,89,106,3,15,18,10,13,23
SVEE82102V,1,64,65,1,14,15,4,29,33
ENEE817025,2,42,44,0,10,10,14,10,24
SRMM85501P,4,21,25,1,7,8,10,8,18
PVEE80301P,1,57,58,0,15,15,7,25,32
BATH040009,52,56,108,2,7,9,15,16,31
CHEE826034,1,16,17,0,2,2,1,16,17
BAEE88001P,0,48,48,0,14,14,5,19,24
PAEE8AX019,3,61,64,1,23,24,16,10,26
MNEE83101N,2,32,34,0,11,11,2,21,23
VIEE885037,4,67,71,1,13,14,5,23,28
PVTF013021,30,49,79,8,12,20,12,13,25
GEEE85003V,7,89,96,3,24,27,10,35,45
GREE830017,0,61,61,0,18,18,3,26,29
GEMM838015,10,32,42,2,9,11,6,22,28
VCMM80602G,10,27,37,4,8,12,6,24,30
PDTF022017,37,114,151,7,19,26,11,26,37
ISEE829036,0,34,34,0,13,13,10,17,27
PIMM81403L,0,34,34,0,13,13,10,17,27
VAEE85002D,2,55,57,1,13,14,3,23,26
CTSL020001,28,44,72,3,14,17,1,0,1
CAEE8AC062,2,49,51,0,4,4,13,19,32
CARA011028,48,48,96,9,16,25,18,22,40
VIEE83801G,2,68,70,1,13,14,5,22,27
PAMM898011,3,23,26,0,7,7,10,15,25
VREE85506V,5,89,94,3,20,23,7,31,38
TOMM89301B,9,22,31,6,5,11,4,28,32
COEE804022,7,57,64,1,10,11,6,17,23
RMRI099502,34,71,105,7,16,23,0,0,0
CAEE017059,34,71,105,7,16,23,0,0,0
LIPS001018,34,71,105,7,16,23,0,0,0
MIEE8EA03C,2,69,71,1,17,18,3,18,21
SSEE80701T,1,31,32,0,13,13,4,16,20
PEEE81702R,4,60,64,0,22,22,7,18,25
BSMM8AH01G,19,42,61,7,5,12,4,30,34
GERC006526,49,138,187,9,44,53,0,0,0
FGMM848016,6,19,25,2,3,5,9,8,17
OREE82702Q,6,19,25,2,3,5,9,8,17
ANTF01602C,101,145,246,12,31,43,25,36,61
FIEE85301B,6,63,69,0,13,13,11,21,32
PIEE82205P,3,56,59,0,16,16,4,30,34
REEE84002G,5,94,99,1,35,36,4,33,37
RERI090008,45,99,144,9,27,36,11,26,37
CREE817016,3,59,62,2,18,20,10,23,33
MTEE82501R,2,30,32,0,6,6,3,16,19
ALEE037029,2,76,78,1,14,15,4,24,28
NATD130003,43,65,108,2,10,12,16,12,28
APEE839036,2,70,72,0,26,26,4,28,32
FREE84803A,2,63,65,1,20,21,4,24,28
VTMM818018,7,16,23,3,5,8,2,8,10
TOEE137067,6,43,49,0,8,8,7,23,30
RMTD00851A,34,96,130,1,14,15,0,0,0
AVMM849047,10,31,41,3,7,10,3,25,28
RMMM8E201N,5,9,14,1,2,3,3,12,15
CTTA038504,77,104,181,12,42,54,0,0,0
CZMM813037,5,22,27,1,2,3,7,15,22
NAPM079019,47,89,136,8,16,24,16,18,34
FETF01251T,101,140,241,8,28,36,0,0,0
ALEE83601B,4,51,55,3,18,21,7,19,26
VEEE80803E,1,60,61,0,8,8,3,22,25
RMEE8FP01C,2,65,67,0,23,23,6,22,28
BOEE84004A,2,52,54,0,10,10,4,29,33
TVMM817038,8,34,42,1,6,7,4,31,35
VCEE817023,3,33,36,1,4,5,3,22,25
CTEE85504P,3,63,66,0,15,15,9,22,31
CSMM822014,9,26,35,2,9,11,7,12,19
PSMM80301X,2,14,16,0,4,4,6,8,14
NAEE8BG013,1,23,24,0,3,3,9,11,20
RITA006018,40,94,134,3,27,30,16,38,54
SOEE81102X,3,23,26,1,3,4,7,14,21
RMPM00101B,28,64,92,3,10,13,5,20,25
VETF040518,50,54,104,2,4,6,13,25,38
REEE818019,6,48,54,1,11,12,4,22,26
RMEE8GF028,5,81,86,2,25,27,11,22,33
TEEE83003V,1,79,80,0,25,25,8,27,35
TPEE00400P,2,75,77,0,28,28,7,11,18
SAMM8A402B,1,6,7,0,1,1,6,19,25
RMMM81101B,6,14,20,1,5,6,6,17,23
VREE845068,6,66,72,3,13,16,4,38,42
CNEE863025,5,81,86,3,25,28,4,38,42
CZRA007509,31,53,84,4,5,9,0,0,0
BGTF032011,53,95,148,1,2,3,16,30,46
ALMM81901L,12,22,34,2,4,6,11,18,29
NAEE10200G,6,86,92,3,36,39,11,13,24
RMEE892059,1,26,27,0,8,8,7,13,20
MOEE84201R,5,94,99,4,20,24,6,27,33
TPEE836016,3,83,86,2,36,38,5,22,27
VCTF01601R,51,54,105,9,21,30,10,18,28
CNEE862029,3,123,126,0,46,46,12,46,58
PARH010062,3,123,126,0,46,46,12,46,58
SSRA01101G,59,54,113,10,32,42,6,21,27
COEE824027,4,78,82,1,12,13,4,28,32
CREE80802C,1,53,54,0,14,14,5,27,32
LEPS013017,1,53,54,0,14,14,5,27,32
NAEE843011,1,25,26,0,10,10,7,12,19
BSEE88902Q,5,72,77,0,13,13,11,20,31
SOEE81403C,2,39,41,1,5,6,4,15,19
RNEE818037,1,94,95,0,28,28,7,30,37
ATMM804021,7,19,26,1,4,5,3,17,20
RIEE82205C,0,71,71,0,27,27,4,28,32
PSEE81505B,2,27,29,1,3,4,7,17,24
VEMM83701B,8,34,42,1,5,6,3,27,30
RCEE83911L,3,73,76,1,19,20,19,15,34
RMEE8DE02L,2,81,83,1,23,24,9,20,29
RMEE8G201X,1,63,64,0,23,23,0,27,27
TSMM80201P,12,28,40,1,7,8,6,14,20
PITF00801V,67,103,170,5,31,36,21,33,54
CBEE816042,2,52,54,1,6,7,0,0,0
PGEE70101X,2,52,54,1,6,7,0,0,0
POEE818014,4,49,53,1,7,8,4,25,29
RAEE80502T,7,67,74,0,17,17,1,25,26
RCMM81301X,17,24,41,3,11,14,12,16,28
BNTF02202L,61,71,132,5,14,19,15,15,30
RMMM87901N,5,16,21,0,3,3,1,16,17
AQMM829013,3,18,21,1,5,6,1,26,27
ALMM09700T,3,18,21,1,5,6,1,26,27
LOEE81203D,3,82,85,1,16,17,7,28,35
PREE83905C,1,46,47,0,7,7,10,27,37
RIEE82102D,4,55,59,2,20,22,3,20,23
TAEE85402X,2,70,72,0,30,30,10,18,28
MEEE86601R,5,68,73,0,27,27,6,23,29
MIEE8B8019,9,81,90,3,18,21,3,22,25
ARMM81703D,6,26,32,1,9,10,2,17,19
NAEE8C103R,2,32,34,1,6,7,5,10,15
SREE81301N,1,30,31,1,4,5,5,17,22
NAMM8A401X,5,32,37,2,10,12,6,13,19
ROMM81901L,7,23,30,1,5,6,3,20,23
PGRI03401T,70,115,185,9,35,44,13,36,49
TVEE855023,3,37,40,1,10,11,4,14,18
CTEE80302X,3,41,44,1,11,12,12,11,23
BSMM8AK01L,16,63,79,3,12,15,8,26,34
SAEE89701Q,1,54,55,0,11,11,10,13,23
NAPS011012,58,146,204,9,43,52,24,17,41
MIEE8FJ011,4,41,45,2,13,15,2,18,20
MEEE827016,3,51,54,2,14,16,12,13,25
PVEE819018,13,74,87,11,19,30,11,24,35
LTMM805011,7,18,25,3,4,7,6,21,27
MIRC30050D,41,98,139,15,31,46,13,18,31
CSEE8AU038,1,37,38,0,7,7,10,14,24
BRMM06500N,26,70,96,4,21,25,5,11,16
BGMM84901P,15,31,46,5,9,14,5,17,22
CERH02003P,15,31,46,5,9,14,5,17,22
AQTD00201C,24,56,80,1,9,10,8,16,24
BGTD006016,25,58,83,3,12,15,11,17,28
CHPS01701Q,15,58,73,2,9,11,7,13,20
SAEE807018,2,19,21,0,5,5,1,13,14
LCEE82308B,5,106,111,2,28,30,6,43,49
ANEE844022,5,69,74,2,14,16,6,31,37
NARC14151L,5,69,74,2,14,16,6,31,37
RCEE846029,4,46,50,0,7,7,18,11,29
BSEE86903G,6,62,68,1,9,10,19,18,37
VAMM84101L,11,33,44,4,6,10,10,25,35
VRPS020006,35,68,103,2,3,5,5,27,32
LUEE849028,4,53,57,0,12,12,1,33,34
SAEE83901Q,7,63,70,4,19,23,8,16,24
SSEE848025,9,82,91,0,20,20,5,33,38
BATD21001E,38,109,147,11,32,43,5,23,28
PREE81004Q,2,33,35,0,6,6,6,18,24
CAPS02901V,24,62,86,8,16,24,7,15,22
RMPM016015,18,90,108,7,19,26,6,20,26
LUEE83203X,3,39,42,0,6,6,2,21,23
RMEE8B404N,8,136,144,1,43,44,5,28,33
TPEE058025,3,57,60,1,15,16,13,7,20
GRTF01101C,70,51,121,10,12,22,12,21,33
AGMM819034,23,35,58,4,3,7,27,15,42
LOTD01050C,41,91,132,1,3,4,4,34,38
MIEE83303V,3,74,77,0,21,21,7,26,33
MTEE816012,3,74,77,0,21,21,7,26,33
TAEE815018,1,30,31,0,9,9,4,12,16
MIMM8AP01A,10,39,49,5,9,14,4,26,30
UDMM81201B,4,26,30,0,4,4,5,29,34
SVEE81004E,3,39,42,2,8,10,3,22,25
SAMM85501L,14,11,25,3,2,5,2,14,16
AVEE84309E,3,34,37,1,1,2,9,12,21
MEEE844054,4,46,50,0,9,9,10,19,29
CAEE845029,3,49,52,0,10,10,6,17,23
TATD039026,70,117,187,13,50,63,26,24,50
GEMM805041,10,24,34,0,5,5,7,26,33
PTEE82806N,4,90,94,1,26,27,4,33,37
TOMM829036,9,28,37,4,5,9,9,31,40
MOEE04009E,10,120,130,6,37,43,11,30,41
CAEE81603A,1,27,28,0,8,8,4,14,18
MTEE83403N,2,25,27,1,1,2,8,12,20
RMPS280004,36,62,98,1,0,1,14,17,31
MITD02101V,36,62,98,1,0,1,14,17,31
MSEE81906G,3,47,50,1,15,16,2,27,29
MIEE82201A,3,56,59,0,14,14,5,22,27
BREE81601D,3,57,60,0,22,22,12,12,24
GRMM82101B,13,30,43,1,5,6,6,29,35
VEPM030006,28,71,99,2,8,10,4,27,31
UDPS01901Q,37,81,118,7,9,16,8,23,31
TPEE707019,37,81,118,7,9,16,8,23,31
ANPS05001R,19,29,48,0,2,2,5,13,18
SSEE813048,5,59,64,0,14,14,4,31,35
VTPS00101C,38,95,133,5,30,35,11,18,29
FGRI00701P,42,59,101,6,16,22,15,9,24
NARI096028,53,101,154,12,33,45,19,23,42
PAMM00700N,13,47,60,4,8,12,4,9,13
BSEE85405X,13,47,60,4,8,12,4,9,13
CTEE86701T,9,79,88,3,39,42,11,15,26
AVMM877029,9,10,19,0,3,3,2,6,8
CEEE813017,0,30,30,0,7,7,9,9,18
VTEE819059,1,30,31,0,10,10,3,20,23
BNEE83701P,2,48,50,1,13,14,13,11,24
APEE805033,3,22,25,0,2,2,0,0,0
VRMM831025,8,21,29,1,4,5,2,15,17
CZEE86102L,0,57,57,0,22,22,11,18,29
NAPS43002X,33,96,129,1,15,16,17,13,30
VREE88901R,4,53,57,1,16,17,3,22,25
PGEE84003D,2,56,58,1,20,21,5,23,28
APMM82901C,10,36,46,3,6,9,8,29,37
BNEE837071,2,48,50,1,13,14,13,11,24
RATF007013,71,38,109,3,6,9,15,23,38
PGMM813045,4,8,12,0,1,1,2,13,15
BSEE89701N,7,60,67,1,8,9,8,22,30
CAEE875036,1,46,47,0,8,8,3,24,27
RGEE832027,4,41,45,1,8,9,10,17,27
CEMM88701Q,8,32,40,3,8,11,15,11,26
LTEE83701D,5,55,60,3,21,24,10,17,27
VCEE811013,2,51,53,0,12,12,4,28,32
BGEE83701D,3,52,55,0,7,7,5,24,29
PZEE874064,1,62,63,1,11,12,3,27,30
SOEE80404V,3,45,48,2,4,6,5,21,26
VAMM872018,10,48,58,2,10,12,4,25,29
RMEE8DX028,5,68,73,4,15,19,4,25,29
MIPC170001,30,56,86,0,0,0,9,12,21
BSEE807027,2,41,43,0,9,9,5,20,25
CNEE85704X,3,60,63,1,16,17,5,26,31
VVEE81503E,2,26,28,0,5,5,9,14,23
CZMM872022,12,26,38,1,4,5,11,18,29
CTEE8A5015,6,76,82,5,38,43,6,20,26
CTEE894038,3,72,75,0,28,28,10,18,28
GEEE863042,2,62,64,1,11,12,8,23,31
BNRI00801C,55,91,146,8,9,17,14,14,28
SIEE80903Q,4,41,45,2,7,9,6,18,24
RMEE8A101C,3,84,87,1,35,36,7,21,28
CEMM8A701D,4,19,23,1,5,6,8,11,19
PSMM822019,7,21,28,1,9,10,3,26,29
TEEE056012,0,11,11,0,4,4,0,0,0
CREE812035,5,74,79,3,19,22,7,27,34
RCEE807159,0,43,43,0,12,12,11,16,27
PAEE877011,0,32,32,0,12,12,15,19,34
VEEE846017,1,41,42,0,10,10,7,16,23
TVEE847024,2,47,49,1,9,10,0,19,19
TSEE82002A,2,36,38,0,3,3,3,20,23
BNEE85701X,1,43,44,0,10,10,10,19,29
RNEE80901A,5,64,69,2,25,27,3,28,31
PGEE036051,5,49,54,0,12,12,6,18,24
NAMM8C102P,5,15,20,1,4,5,5,10,15
MEMM834018,3,27,30,0,5,5,11,13,24
BSEE830028,5,44,49,0,9,9,4,16,20
POPS00301V,69,177,246,14,40,54,8,37,45
NAMM8FE01R,14,59,73,5,19,24,7,21,28
CTRA00901X,39,67,106,6,16,22,15,14,29
VREE86202T,3,94,97,1,20,21,9,26,35
RCEE807115,0,43,43,0,12,12,11,16,27
CEMM8BE04G,14,28,42,5,3,8,15,18,33
TOEE8CB011,1,38,39,0,17,17,6,15,21
VTMM80401A,6,23,29,1,8,9,5,17,22
NAMM88101P,8,32,40,3,9,12,7,15,22
ROEE82001T,1,37,38,0,15,15,6,24,30
CSMM83101V,4,28,32,1,8,9,14,9,23
RGMM80601L,4,15,19,0,1,1,7,11,18
BREE83202C,2,52,54,0,14,14,6,20,26
NAEE87902R,3,27,30,0,7,7,8,12,20
AVRH012505,38,43,81,3,9,12,0,0,0
RCPC019019,33,99,132,3,19,22,21,17,38
CEMM8AR015,8,42,50,2,10,12,13,14,27
PGRI240518,31,76,107,3,23,26,6,20,26
MEPS03401T,23,58,81,2,4,6,18,16,34
UDEE82104A,0,41,41,0,9,9,3,23,26
MOMM838014,3,23,26,1,6,7,6,15,21
TVEE862048,3,54,57,0,11,11,6,21,27
BATD130507,25,51,76,6,7,13,7,11,18
SPEE808033,0,44,44,0,14,14,2,19,21
TEMM83502X,8,19,27,3,5,8,4,26,30
VIEE856026,7,57,64,3,15,18,9,18,27
SSEE05201R,6,87,93,3,26,29,5,22,27
BREE83101G,3,74,77,1,32,33,14,17,31
MSRC00653R,3,74,77,1,32,33,14,17,31
LIMM811019,9,40,49,1,17,18,16,17,33
PDEE83001G,5,81,86,1,24,25,7,20,27
LCEE830017,3,53,56,1,10,11,9,17,26
RAEE81802X,5,74,79,2,20,22,5,36,41
PAEE839038,1,53,54,0,14,14,13,15,28
TPEE066002,2,41,43,0,13,13,4,9,13
RMEE8EC01E,3,65,68,1,13,14,8,20,28
CEEE8AH02B,1,67,68,0,17,17,15,12,27
SASL026013,36,60,96,3,11,14,18,12,30
CEEE869017,2,55,57,0,17,17,13,9,22
CBEE83301L,3,36,39,0,12,12,7,14,21
CZTL01901X,77,87,164,4,6,10,22,19,41
TAEE82605V,3,63,66,2,19,21,14,12,26
RMEE8BD01E,1,45,46,1,9,10,3,20,23
COTF007013,52,129,181,4,15,19,25,20,45
GEEE85501X,1,73,74,1,17,18,6,28,34
BORI023017,103,98,201,6,17,23,27,28,55
TAMM80401R,7,36,43,0,7,7,4,13,17
FRPS040005,12,47,59,0,0,0,3,17,20
NAMM60800T,12,47,59,0,0,0,3,17,20
MIMM8CH01V,13,36,49,6,11,17,9,17,26
TAEE82501V,1,41,42,1,13,14,7,12,19
RMEE8FS019,5,116,121,4,30,34,9,29,38
LITF030009,89,115,204,2,15,17,15,56,71
SVEE81505P,3,83,86,1,21,22,6,29,35
ENEE062223,4,41,45,0,14,14,7,13,20
MIEE8AF024,16,48,64,9,16,25,7,10,17
RMPS29000P,22,87,109,0,4,4,7,27,34
MIEE8CY02T,9,90,99,3,16,19,10,20,30
RMPC220009,16,63,79,1,7,8,6,14,20
TOMM83402L,16,25,41,3,5,8,7,28,35
RMEE871014,3,62,65,2,22,24,6,23,29
VTMM83101P,8,58,66,3,15,18,6,17,23
BOEE855022,9,63,72,1,15,16,10,20,30
BORH050014,43,76,119,10,32,42,12,20,32
VREE84203N,1,80,81,0,14,14,8,21,29
IMEE80005B,4,45,49,0,4,4,5,21,26
MITF08201L,109,65,174,13,9,22,17,23,40
CAEE89802T,2,49,51,1,16,17,5,16,21
MIEE8CZ01L,12,88,100,4,23,27,11,17,28
MOEE80604R,1,21,22,0,2,2,4,9,13
PAMM8AZ01X,6,31,37,1,14,15,5,16,21
BREE04001B,1,78,79,0,28,28,6,20,26
RMMM87801T,5,28,33,0,8,8,10,21,31
GRPC004014,35,64,99,0,4,4,10,15,25
NOEE82503C,1,92,93,1,24,25,9,29,38
RMTA06002L,1,92,93,1,24,25,9,29,38
BARI01650D,47,73,120,4,17,21,0,0,0
MEEE81303A,6,41,47,1,3,4,11,12,23
BREE80801E,2,37,39,0,8,8,10,12,22
SAMM8A203R,14,20,34,1,4,5,6,15,21
VTPS00601G,44,63,107,5,12,17,9,19,28
BSMM8AD03A,17,35,52,6,4,10,9,24,33
SAEE88301T,0,29,29,0,5,5,11,7,18
GREE829024,0,50,50,0,9,9,8,22,30
CTEE88004B,3,66,69,2,30,32,10,11,21
VIEE828055,3,65,68,1,12,13,6,21,27
CSTA01701G,51,116,167,7,43,50,34,38,72
VREE84704T,3,87,90,1,15,16,4,24,28
TOEE89801G,3,73,76,2,17,19,10,29,39
BSEE861031,7,92,99,0,22,22,1,31,32
RIEE816011,0,58,58,0,21,21,8,21,29
MSEE81204P,0,48,48,0,19,19,2,20,22
PGMM81501N,4,10,14,0,0,0,1,4,5
APEE82403C,2,57,59,0,18,18,8,21,29
VVEE82904D,4,33,37,0,6,6,1,0,1
VRMM896031,23,43,66,6,10,16,7,33,40
RMMM8E101T,6,27,33,3,9,12,3,24,27
FRPM02101T,23,82,105,5,15,20,8,19,27
CAPS03201P,23,49,72,3,7,10,10,19,29
CHMM826033,10,12,22,3,2,5,1,16,17
CSEE85008L,3,29,32,1,7,8,8,15,23
AGEE864011,2,37,39,1,5,6,11,11,22
TPRI00801Q,43,73,116,11,21,32,22,19,41
VCMM80701A,10,24,34,2,6,8,6,23,29
MCEE83501X,7,70,77,3,24,27,6,23,29
FREE83903G,2,90,92,1,29,30,8,20,28
BIMM802016,9,19,28,2,3,5,6,22,28
LTEE85201G,1,57,58,0,24,24,8,21,29
TOEE80705C,3,42,45,2,5,7,10,17,27
ANEE81704Q,4,67,71,1,17,18,2,36,38
RMEE17200R,3,20,23,0,3,3,0,0,0
PGEE847038,1,74,75,1,23,24,4,30,34
ALTD00801G,42,78,120,10,27,37,8,22,30
PZEE864018,2,48,50,2,13,15,6,21,27
APMM838028,12,49,61,3,17,20,8,27,35
MIEE8GG01E,11,62,73,6,18,24,7,20,27
CEEE8A3017,3,41,44,1,12,13,6,17,23
NUMM82401P,3,13,16,0,2,2,3,15,18
SREE83402Q,5,51,56,3,17,20,15,15,30
ATEE812065,4,56,60,3,11,14,7,31,38
CZEE814078,0,42,42,0,7,7,9,8,17
RMMM8A3013,21,50,71,14,15,29,4,32,36
LOEE800015,4,61,65,3,16,19,2,22,24
APEE820024,2,44,46,1,13,14,2,28,30
CSPC190001,15,68,83,2,7,9,12,12,24
CSEE8AE012,1,53,54,0,18,18,13,13,26
CREE81601A,4,65,69,1,18,19,4,26,30
APTD00401D,10,17,27,2,6,8,10,24,34
TAMM703014,10,17,27,2,6,8,10,24,34
TVEE847035,2,47,49,1,9,10,0,19,19
GETD006013,49,138,187,9,44,53,15,25,40
VAEE829035,2,35,37,1,11,12,1,19,20
MNMM834014,7,31,38,2,6,8,8,22,30
PCEE80801Q,6,40,46,2,7,9,2,24,26
PDMM86501D,7,27,34,0,4,4,7,18,25
CSEE89204E,3,58,61,0,13,13,13,11,24
CSMM8AH01C,14,38,52,2,15,17,13,17,30
ALEE82309N,3,39,42,2,7,9,8,23,31
UDMM827015,8,27,35,1,8,9,5,19,24
NATD13050C,43,65,108,2,10,12,16,12,28
MOMM83501L,13,36,49,4,8,12,6,31,37
RCEE10000Q,7,62,69,2,14,16,11,13,24
SVEE804014,2,15,17,0,2,2,5,9,14
VAMM81601X,5,31,36,3,7,10,1,21,22
CREE80203E,5,52,57,3,11,14,1,22,23
ROEE80104G,2,23,25,0,7,7,3,11,14
SOEE82002P,3,87,90,0,13,13,10,25,35
CTTA03801Q,77,104,181,12,42,54,22,25,47
VREE86904P,4,72,76,1,16,17,7,22,29
FERI01201G,101,140,241,8,28,36,26,43,69
VEMM82901C,9,25,34,1,8,9,5,18,23
CBEE825081,5,47,52,1,18,19,10,13,23
POMM811018,2,20,22,0,7,7,3,21,24
MBSL13000B,39,81,120,1,11,12,10,16,26
LEEE8AC01P,0,45,45,0,12,12,5,20,25
UDMM84505V,9,26,35,0,4,4,6,24,30
SSEE855039,2,78,80,1,26,27,10,29,39
VEEE805011,1,47,48,0,14,14,3,22,25
RMEE8BN01P,0,35,35,0,13,13,6,18,24
FIEE86401T,6,84,90,2,19,21,3,31,34
TVEE834033,1,58,59,1,18,19,3,27,30
CREE82704X,3,72,75,3,21,24,3,23,26
RCEE87506D,2,40,42,0,11,11,7,16,23
BARF05251P,46,74,120,8,21,29,0,0,0
PAEE012006,2,55,57,1,22,23,8,11,19
POMM812014,9,37,46,2,11,13,3,26,29
GOEE814038,5,55,60,3,18,21,6,16,22
MBEE8BQ01P,6,67,73,3,7,10,4,26,30
BGEE89003C,1,48,49,0,10,10,3,18,21
SRTD00901A,56,110,166,9,28,37,17,16,33
SREE85502R,3,30,33,1,8,9,10,8,18
MEEE857012,5,59,64,1,11,12,11,22,33
GEEE84306V,2,50,52,0,11,11,3,26,29
IMEE806049,4,49,53,2,14,16,4,20,24
MNEE83102P,2,32,34,0,11,11,2,21,23
CEEE86202D,4,46,50,2,8,10,12,7,19
PRMM83201C,4,28,32,1,4,5,4,19,23
PNMM80801Q,5,19,24,1,2,3,3,25,28
GEEE85002T,7,89,96,3,24,27,10,35,45
CSEE810031,0,16,16,0,2,2,7,5,12
PSEE815039,2,27,29,1,3,4,7,17,24
MIEE8CY01R,9,90,99,3,16,19,10,20,30
VIEE863029,2,71,73,0,15,15,11,25,36
MNMM80403A,14,28,42,2,9,11,8,23,31
BAEE88602P,1,68,69,0,28,28,5,18,23
PIEE81502C,4,65,69,2,19,21,4,30,34
ORTH00601Q,48,72,120,1,9,10,14,19,33
BAEE89401L,2,58,60,0,13,13,4,17,21
ENMM816017,8,19,27,3,3,6,10,10,20
CTTB01000A,31,37,68,0,6,6,14,13,27
CAMM8AC02R,9,25,34,2,5,7,13,19,32
PVPC011013,24,58,82,0,0,0,7,19,26
LERC03751N,39,49,88,4,13,17,0,0,0
CAPM01201E,23,35,58,5,5,10,2,3,5
GEEE85103P,9,100,109,4,33,37,10,29,39
NARI012035,41,56,97,6,13,19,9,18,27
PSEE816024,3,42,45,0,6,6,4,18,22
TVEE877031,1,51,52,0,10,10,4,28,32
IMEE81304C,1,67,68,0,12,12,12,23,35
LEMM80401V,14,27,41,4,9,13,8,14,22
LUEE82703C,2,45,47,1,8,9,5,27,32
ISMM82607T,2,45,47,1,8,9,5,27,32
CZTA02153E,39,55,94,5,23,28,0,0,0
FGEE86103Q,3,49,52,1,23,24,8,19,27
GRPS004017,35,64,99,0,4,4,10,15,25
AVRI02901N,35,64,99,0,4,4,10,15,25
RMTD099018,34,71,105,7,16,23,13,16,29
GEMM81301R,7,40,47,1,11,12,4,29,33
FIEE846029,6,58,64,1,12,13,9,20,29
MEEE8AD069,1,74,75,0,24,24,15,21,36
SOTD006504,1,74,75,0,24,24,15,21,36
RCEE819032,4,54,58,0,10,10,12,11,23
CTMM880017,11,41,52,5,22,27,10,11,21
VRMM84701N,5,29,34,0,3,3,4,24,28
BSMM8AH02L,19,42,61,7,5,12,4,30,34
FGEE87501G,2,18,20,0,6,6,3,15,18
OREE82704T,1,48,49,1,14,15,3,21,24
CZEE85201R,2,63,65,0,25,25,9,18,27
FIMM85301A,14,41,55,4,5,9,11,21,32
AGMM805047,15,26,41,1,4,5,12,13,25
RERI090019,15,26,41,1,4,5,12,13,25
PGMM870016,9,31,40,2,11,13,2,32,34
BSMM8AK03P,16,63,79,3,12,15,8,26,34
MBEE8F5026,7,93,100,4,23,27,6,26,32
VIMM83801E,8,37,45,2,8,10,5,22,27
SSTD01901C,33,61,94,4,17,21,8,14,22
MCMM05300C,33,61,94,4,17,21,8,14,22
VREE85502P,5,89,94,3,20,23,7,31,38
FIEE820014,6,65,71,2,9,11,12,28,40
LIRI00150T,38,70,108,9,18,27,0,0,0
TPTD02202N,39,106,145,12,44,56,15,17,32
NOMM820027,6,41,47,2,14,16,15,23,38
VEMM80801B,8,19,27,0,1,1,3,22,25
AREE835012,0,55,55,0,11,11,4,20,24
PIEE831019,3,52,55,1,16,17,6,23,29
BNMM84901X,9,29,38,2,4,6,7,17,24
RMMM8B401D,4,30,34,1,13,14,5,28,33
CSEE822026,6,34,40,1,8,9,7,12,19
RMEE309003,6,90,96,3,30,33,8,20,28
CZEE849044,3,63,66,0,13,13,18,14,32
PDMM87403A,13,56,69,1,6,7,6,45,51
ANMM81101L,5,16,21,1,5,6,7,20,27
VETF060003,54,59,113,0,8,8,11,24,35
MIEE8BV01P,6,55,61,2,16,18,1,30,31
REMM818018,8,30,38,2,7,9,4,22,26
TEEE83002T,1,79,80,0,25,25,8,27,35
SVEE811039,3,59,62,1,15,16,7,24,31
FGRC04601L,37,94,131,10,37,47,12,22,34
LTRH006014,49,118,167,11,33,44,13,23,36
TOEE137045,6,43,49,0,8,8,7,23,30
BNEE843045,1,35,36,0,8,8,7,17,24
PVEE81102P,4,57,61,3,18,21,4,21,25
RMEE81101C,4,59,63,1,21,22,6,17,23
BSMM893019,15,48,63,8,7,15,7,31,38
BSMM88201V,9,35,44,1,2,3,12,20,32
PZEE831066,4,31,35,0,5,5,6,16,22
VREE88003C,4,31,35,0,5,5,6,16,22
CEMM8A201A,3,24,27,0,8,8,10,11,21
NUEE835038,1,32,33,0,6,6,4,20,24
CSPC060008,7,12,19,2,4,6,15,7,22
LTEE83104N,4,64,68,1,23,24,5,20,25
MOEE04008D,10,120,130,6,37,43,11,30,41
SRMM836019,6,24,30,0,10,10,7,11,18
APMM06900V,6,24,30,0,10,10,7,11,18
NAEE10201L,6,86,92,3,36,39,11,13,24
PCEE814035,1,47,48,0,11,11,5,19,24
VEMM859018,12,27,39,3,4,7,6,20,26
MOEE84303P,4,110,114,1,33,34,7,29,36
VCRI016021,51,54,105,9,21,30,10,18,28
VBMM80302D,6,22,28,1,5,6,8,16,24
CNEE818038,1,36,37,0,8,8,9,19,28
BAEE833026,1,79,80,1,32,33,9,18,27
NAEE814011,1,79,80,1,32,33,9,18,27
GREE822018,2,25,27,1,6,7,5,11,16
LEPM013018,2,25,27,1,6,7,5,11,16
BSEE88901P,5,72,77,0,13,13,11,20,31
PSMM82601L,13,21,34,2,4,6,0,0,0
CSRA064019,13,21,34,2,4,6,0,0,0
UDTD01901G,37,81,118,7,9,16,8,23,31
CHMM825059,7,24,31,1,6,7,3,27,30
CSRI072508,31,52,83,0,11,11,0,0,0
RMEE8F104L,31,52,83,0,11,11,0,0,0
NATA09601B,53,101,154,12,33,45,19,23,42
NAEE105003,2,93,95,0,37,37,5,18,23
MNRC00653D,2,93,95,0,37,37,5,18,23
CNEE863069,5,81,86,3,25,28,4,38,42
CZPS00701B,31,53,84,4,5,9,9,14,23
MCMM82201R,7,27,34,3,8,11,3,22,25
AQEE829047,3,49,52,0,13,13,1,26,27
NAEE8D705C,1,46,47,0,14,14,9,8,17
PNMM81202C,7,21,28,0,5,5,3,29,32
RCEE869011,4,87,91,1,25,26,13,19,32
PNMM81501V,8,40,48,2,10,12,1,27,28
ALEE81904R,2,56,58,0,17,17,11,18,29
PAEE03304B,2,47,49,1,13,14,8,9,17
BGEE8AE03P,2,47,49,1,13,14,8,9,17
RAEE811025,4,105,109,1,39,40,4,30,34
VAEE80603C,3,54,57,1,10,11,5,13,18
AGEE855038,2,53,55,1,8,9,22,8,30
MBEE879024,2,63,65,2,16,18,0,27,27
RNEE819022,3,94,97,1,29,30,6,32,38
CTEE803042,3,41,44,1,11,12,12,11,23
FREE83401A,1,43,44,0,17,17,2,16,18
RMEE84401Q,4,98,102,3,29,32,1,27,28
MIRH010009,47,110,157,6,40,46,13,31,44
BGEE84901Q,2,69,71,1,22,23,5,17,22
FIPM01801N,37,91,128,7,22,29,7,21,28
BGRH006014,25,58,83,3,12,15,11,17,28
NAEE8CA01P,1,45,46,0,14,14,9,12,21
NATN14101C,43,124,167,5,39,44,21,18,39
PAEE81602E,3,47,50,2,8,10,19,8,27
RCEE813011,5,62,67,1,18,19,12,16,28
PAMM8AX018,13,35,48,2,12,14,16,10,26
NATD121019,66,129,195,17,47,64,27,22,49
BATD32050A,65,131,196,4,28,32,28,17,45
BAMM07800N,24,69,93,8,11,19,6,13,19
NATD138514,79,113,192,10,36,46,0,0,0
MIEE8FH02R,7,86,93,3,18,21,4,26,30
ISEE81508D,2,65,67,1,11,12,11,24,35
MIEE8B9015,7,76,83,4,18,22,11,16,27
MIPC01000C,20,65,85,0,1,1,6,18,24
RMMM89301X,11,50,61,2,14,16,8,18,26
UDEE849024,3,108,111,1,20,21,7,41,48
CTTD16050L,22,66,88,5,18,23,9,15,24
UDEE81202D,3,60,63,1,10,11,5,29,34
CSEE872027,3,76,79,0,18,18,17,15,32
CTEE8A5037,6,76,82,5,38,43,6,20,26
ORRA00950G,53,92,145,6,30,36,0,0,0
BRTF01701X,46,88,134,2,9,11,13,24,37
CTEE894027,3,72,75,0,28,28,10,18,28
SAEE85501N,3,20,23,1,3,4,2,14,16
CERH02002N,3,20,23,1,3,4,2,14,16
FEEE816037,2,42,44,0,10,10,5,18,23
PDEE891046,1,73,74,1,15,16,11,16,27
LIEE80302C,3,39,42,2,9,11,3,22,25
PSEE82202B,3,42,45,1,14,15,3,26,29
AVEE84202B,1,39,40,0,14,14,6,12,18
LCMM823024,14,50,64,4,13,17,6,43,49
MEMM84402X,8,25,33,2,5,7,10,19,29
APMM826022,13,33,46,3,10,13,6,34,40
FOEE814023,1,25,26,0,3,3,4,15,19
SPEE82205B,1,100,101,1,28,29,6,39,45
BLMM83201X,14,32,46,1,6,7,11,24,35
MNMM81003N,21,73,94,11,25,36,4,39,43
FGMM851012,5,30,35,0,9,9,3,14,17
FIEE85204P,2,64,66,0,14,14,11,20,31
LEMM84302E,12,28,40,1,4,5,16,11,27
PAMM8AD01R,15,52,67,8,14,22,15,17,32
MTMM83402G,7,16,23,1,1,2,8,12,20
MIRC02101G,7,16,23,1,1,2,8,12,20
COMM811013,12,22,34,3,5,8,5,22,27
PGEE03601R,5,49,54,0,12,12,6,18,24
VREE862062,3,94,97,1,20,21,9,26,35
VEPS04000Q,22,38,60,0,0,0,4,19,23
MIEE8AP01B,9,72,81,5,18,23,4,26,30
LUEE84201C,0,35,35,0,8,8,0,20,20
ANSD010527,43,100,143,10,33,43,0,0,0
SSMM813058,13,32,45,1,10,11,4,31,35
CTMM095001,13,32,45,1,10,11,4,31,35
PAMM01500L,13,32,45,1,10,11,4,31,35
SSTF02201E,39,35,74,5,9,14,8,15,23
VTMM819058,11,25,36,3,7,10,3,20,23
NUMM86203G,9,23,32,1,3,4,8,18,26
LUPM00301B,55,98,153,11,28,39,10,32,42
NAPS36000R,20,49,69,1,3,4,15,11,26
RMTD031012,25,75,100,5,16,21,12,22,34
TOEE874024,4,81,85,1,20,21,1,31,32
APEE82905N,1,64,65,0,15,15,8,29,37
SVMM809016,7,20,27,2,4,6,2,18,20
AVMM88201Q,7,33,40,0,5,5,3,22,25
ENRH004018,41,56,97,10,12,22,17,17,34
MIEE823016,14,70,84,5,18,23,8,14,22
RARI007016,71,38,109,3,6,9,15,23,38
REEE81004T,4,82,86,1,29,30,2,35,37
SSRH02000D,64,107,171,19,37,56,23,44,67
CAMM875024,12,33,45,5,11,16,3,24,27
PZMM82401R,10,20,30,0,4,4,8,15,23
TPEE066068,2,41,43,0,13,13,4,9,13
GEPC020009,17,68,85,1,5,6,4,19,23
CEMM869016,11,28,39,3,8,11,13,9,22
LTEE83703G,5,55,60,3,21,24,10,17,27
TAEE81202T,2,32,34,0,8,8,10,11,21
TAEE82604T,3,63,66,2,19,21,14,12,26
CTMM86201N,8,34,42,3,15,18,12,19,31
TOEE86803T,8,51,59,3,15,18,5,24,29
BSEE85402R,3,71,74,0,12,12,6,33,39
TRMM816026,8,24,32,1,3,4,6,23,29
PDMM88002L,12,30,42,1,2,3,5,26,31
CTEE83902P,2,33,35,0,7,7,8,11,19
FRPS070001,20,46,66,2,0,2,4,18,22
APMM805065,5,16,21,0,1,1,0,0,0
VRMM831014,8,21,29,1,4,5,2,15,17
PSSD04000T,25,55,80,3,8,11,15,14,29
CSMM886013,13,34,47,0,8,8,6,14,20
BSEE807049,2,41,43,0,9,9,5,20,25
LTMM83603P,12,29,41,5,7,12,11,13,24
NAMM839018,10,30,40,3,7,10,5,11,16
RMEE8ES04T,6,56,62,2,14,16,3,15,18
VVEE81505L,6,56,62,2,14,16,3,15,18
PSEE82701D,1,60,61,0,18,18,5,19,24
AQEE82503V,1,36,37,1,7,8,2,18,20
MOEE85003T,5,92,97,1,21,22,12,24,36
TEEE056001,0,11,11,0,4,4,0,0,0
CRMM81301T,14,28,42,7,6,13,6,32,38
NAEE515005,3,48,51,0,14,14,7,12,19
LCEE81702T,8,85,93,4,19,23,3,31,34
TPEE825061,0,53,53,0,21,21,10,20,30
PAEE88803D,3,57,60,2,9,11,18,9,27
SREE81302P,1,30,31,1,4,5,5,17,22
SAEE8BQ03B,4,20,24,1,3,4,11,9,20
CZMM82201X,4,15,19,0,3,3,11,8,19
RCEE807104,0,43,43,0,12,12,11,16,27
PAMM87901G,11,39,50,3,17,20,9,14,23
TOEE8BU012,5,82,87,3,21,24,6,30,36
TOEE8CB033,1,38,39,0,17,17,6,15,21
BAEE12200G,4,73,77,1,30,31,3,20,23
MOEE81603A,1,33,34,0,5,5,6,16,22
PNMM82301T,7,37,44,1,5,6,4,21,25
BNRA00450T,22,37,59,1,5,6,0,0,0
RIEE82504V,5,80,85,2,24,26,5,32,37
NAEE8F201A,0,17,17,0,6,6,10,8,18
MITD33003A,0,17,17,0,6,6,10,8,18
RMEE8FH04B,7,92,99,3,32,35,4,24,28
CSEE85002A,3,29,32,1,7,8,8,15,23
SREE82501X,2,44,46,2,17,19,7,13,20
TPPC00801B,43,73,116,11,21,32,22,19,41
CSEE8AM016,1,84,85,0,21,21,16,12,28
BSMM82401V,10,35,45,6,9,15,2,28,30
TEEE826015,0,66,66,0,30,30,8,27,35
TVEE862026,3,54,57,0,11,11,6,21,27
RCMM85801D,15,59,74,5,19,24,21,9,30
RCEE80702P,0,43,43,0,12,12,11,16,27
NAMM8EU01A,10,36,46,5,12,17,10,17,27
PAMM87701X,17,52,69,9,19,28,15,19,34
MOMM82301A,19,45,64,2,10,12,7,27,34
SSMM841018,9,44,53,4,15,19,7,24,31
PARI01302R,9,44,53,4,15,19,7,24,31
PRMM81601E,5,18,23,2,4,6,5,17,22
PDMM83102B,5,24,29,1,4,5,5,18,23
BSMM830016,10,17,27,2,2,4,4,16,20
PGMM847015,14,37,51,8,11,19,4,30,34
BAPM05601B,26,57,83,1,12,13,10,14,24
MNMM81601E,12,30,42,6,8,14,1,28,29
UDEE849057,3,108,111,1,20,21,7,41,48
BLMM831014,10,39,49,4,8,12,9,21,30
SAPM026017,36,60,96,3,11,14,18,12,30
SASL05901A,41,102,143,9,20,29,6,21,27
CRRI01151A,67,142,209,18,47,65,0,0,0
RMMM8BD01D,7,33,40,2,8,10,3,20,23
VIEE849067,1,47,48,0,6,6,6,18,24
SAEE07408B,4,68,72,2,17,19,11,10,21
IMEE81705R,1,55,56,0,11,11,6,23,29
CTEE8A701R,3,43,46,1,17,18,7,18,25
CZMM843011,11,27,38,3,3,6,10,15,25
CREE82102V,8,88,96,1,23,24,10,24,34
FEEE802039,8,88,96,1,23,24,10,24,34
CEEE8AQ03C,1,61,62,0,21,21,15,12,27
PTEE82801C,4,90,94,1,26,27,4,33,37
SPMM80801X,7,25,32,0,5,5,2,19,21
MIEE8CH01X,7,77,84,4,17,21,9,17,26
SREE01301P,1,62,63,0,14,14,8,16,24
PNRI00301B,37,36,73,3,7,10,5,16,21
RMPS31000P,24,75,99,1,1,2,7,21,28
MSRC006019,72,133,205,19,53,72,15,29,44
MBTD049511,33,51,84,5,2,7,0,0,0
MNMM834025,7,31,38,2,6,8,8,22,30
AVEE81801D,4,68,72,2,15,17,16,20,36
CAMM81802X,14,28,42,3,9,12,4,24,28
LEEE84201P,2,30,32,0,6,6,9,9,18
VTEE83105X,0,30,30,0,8,8,6,17,23
PIMM83401Q,10,35,45,4,12,16,3,24,27
AREE83201E,2,33,35,1,7,8,3,17,20
NUMM86702N,4,20,24,1,3,4,2,15,17
MIRC058027,4,20,24,1,3,4,2,15,17
IMEE80007D,4,45,49,0,4,4,5,21,26
MITD08251Q,109,65,174,13,9,22,0,0,0
MIEE8D0021,9,88,97,4,21,25,3,30,33
ARRI017016,16,52,68,4,17,21,4,19,23
PCMM819037,8,16,24,2,1,3,8,17,25
FREE857057,1,41,42,0,10,10,6,19,25
BARI016015,47,73,120,4,17,21,13,22,35
PAPC12000A,9,33,42,0,8,8,0,0,0
FOEE806057,2,26,28,0,2,2,4,24,28
CEMM8AT016,7,32,39,2,10,12,14,9,23
FGEE87001C,0,39,39,0,14,14,11,14,25
CSEE81805N,1,44,45,0,11,11,8,17,25
GEEE80601P,3,35,38,3,9,12,2,16,18
APEE82901D,1,64,65,0,15,15,8,29,37
CTPS020004,35,99,134,0,7,7,20,20,40
TRPC002502,51,94,145,5,30,35,0,0,0
REEE81101E,4,51,55,2,17,19,5,20,25
SAMM809031,15,13,28,1,4,5,5,15,20
PGEE81501P,1,14,15,0,0,0,1,4,5
APEE82402B,2,57,59,0,18,18,8,21,29
VREE896043,7,98,105,3,25,28,7,33,40
FRPC02101N,23,82,105,5,15,20,8,19,27
CATD03251X,23,49,72,3,7,10,0,0,0
TOEE8BF01N,2,59,61,0,14,14,5,30,35
PZMM874074,12,27,39,2,3,5,3,27,30
BNRH023013,23,59,82,4,14,18,13,14,27
VCMM80601E,10,27,37,4,8,12,6,24,30
PVRI013013,30,49,79,8,12,20,12,13,25
MNEE804019,5,68,73,1,23,24,8,23,31
VAEE85001C,2,55,57,1,13,14,3,23,26
PZMM864028,8,24,32,0,4,4,6,21,27
VAEE873048,2,67,69,1,16,17,6,25,31
NUMM82403R,3,13,16,0,2,2,3,15,18
CSEE8AE045,1,53,54,0,18,18,13,13,26
RMEE8A3047,4,104,108,3,27,30,4,32,36
TPEE844026,4,60,64,1,15,16,12,15,27
CSEE86102R,1,35,36,0,3,3,9,11,20
RETF011015,104,104,208,11,15,26,20,46,66
BIEE80601E,4,63,67,2,21,23,9,29,38
VBEE813058,6,57,63,2,10,12,5,25,30
TVEE847013,2,47,49,1,9,10,0,19,19
RMEE17201T,3,20,23,0,3,3,0,0,0
VBRH006017,46,58,104,10,9,19,16,18,34
PIMM82304C,14,32,46,6,8,14,6,18,24
RERI09050N,45,99,144,9,27,36,11,26,37
CRMM818011,7,33,40,3,10,13,2,25,27
MEMM87403R,12,31,43,2,5,7,11,23,34
UDEE81201C,3,60,63,1,10,11,5,29,34
NATD100007,28,91,119,2,17,19,18,13,31
APEE838018,1,61,62,1,14,15,8,27,35
NAEE13600P,3,57,60,0,27,27,11,8,19
ROMM82101L,11,39,50,2,9,11,5,24,29
TOEE8AL01G,4,93,97,0,21,21,8,26,34
RCEE10001R,7,62,69,2,14,16,11,13,24
REMM84501L,8,44,52,2,6,8,4,26,30
LTRI00401X,93,139,232,20,49,69,18,31,49
PAEE88605X,2,53,55,1,13,14,12,15,27
VBMM80802L,5,35,40,1,9,10,7,24,31
NAMM8F2019,18,42,60,3,6,9,10,8,18
ROEE80101C,2,23,25,0,7,7,3,11,14
VVEE83502P,2,60,62,0,9,9,19,15,34
ATMM81202X,8,21,29,4,1,5,7,31,38
TATF04101B,74,107,181,12,27,39,21,24,45
MEMM88102V,8,25,33,2,7,9,17,10,27
RCSL019019,33,99,132,3,19,22,21,17,38
NATN079012,47,89,136,8,16,24,16,18,34
MEPM03401V,23,58,81,2,4,6,18,16,34
VREE86902L,4,72,76,1,16,17,7,22,29
FERC01301P,47,121,168,11,47,58,9,30,39
NAEE8D2015,3,56,59,0,18,18,11,12,23
BOMM84201T,4,24,28,1,6,7,1,27,28
MOEE03702B,7,79,86,0,16,16,5,21,26
LTMM82301E,6,20,26,3,5,8,9,15,24
NATD11201E,35,47,82,7,10,17,14,10,24
CTEE85506R,3,63,66,0,15,15,9,22,31
MBSL13050R,39,81,120,1,11,12,10,16,26
FGMM821016,10,22,32,3,6,9,10,10,20
VEMM80501X,6,26,32,1,4,5,3,22,25
CNEE83106T,5,69,74,2,12,14,6,30,36
FGMM83101R,6,27,33,1,4,5,10,7,17
NAEE332005,2,58,60,0,17,17,8,15,23
FIEE86402V,6,84,90,2,19,21,3,31,34
BGMM88002Q,11,32,43,2,8,10,1,23,24
MBEE83402E,2,76,78,1,16,17,5,22,27
MBEE8EX046,6,70,76,0,10,10,6,29,35
PDPS030003,23,52,75,0,0,0,8,20,28
LIMM81401R,12,32,44,6,9,15,7,28,35
BSEE83301P,3,43,46,0,8,8,5,20,25
PAEE012017,2,55,57,1,22,23,8,11,19
VREE87801A,8,80,88,5,24,29,1,32,33
TEMM83001Q,13,34,47,5,9,14,8,27,35
SRTD00903C,13,34,47,5,9,14,8,27,35
PIMM810028,9,38,47,3,7,10,5,25,30
PREE82202X,9,38,47,3,7,10,5,25,30
COSL00701T,52,129,181,4,15,19,25,20,45
CHMM83701B,9,37,46,4,11,15,8,20,28
VVMM82202G,17,27,44,1,7,8,18,12,30
LUMM822016,7,14,21,2,6,8,4,18,22
CEEE86201C,4,46,50,2,8,10,12,7,19
PEEE807059,1,39,40,1,10,11,2,24,26
MIEE8AF013,16,48,64,9,16,25,7,10,17
RGTH00601Q,46,44,90,2,14,16,22,7,29
BOEE82402A,2,53,55,1,9,10,10,28,38
RMMM8BP01D,3,29,32,0,6,6,5,13,18
PAMM8AQ014,3,35,38,2,7,9,13,12,25
TVEE834011,1,58,59,1,18,19,3,27,30
CLEE807026,2,31,33,1,6,7,7,13,20
LEPM01201C,2,31,33,1,6,7,7,13,20
SSEE842015,2,61,63,0,21,21,6,23,29
PDEE890017,6,72,78,0,11,11,7,24,31
MORI017517,53,59,112,4,17,21,0,0,0
BGMM84801V,6,26,32,1,6,7,4,16,20
CZTA021046,39,55,94,5,23,28,24,26,50
SSEE82008G,4,54,58,1,10,11,10,25,35
BREE03202D,3,57,60,2,18,20,12,10,22
ANEE80304T,3,54,57,0,11,11,3,34,37
FGMM86101L,24,79,103,11,28,39,8,19,27
SAMM8BY029,7,23,30,1,4,5,9,11,20
AVRC029011,7,23,30,1,4,5,9,11,20
ALEE81902P,7,23,30,1,4,5,9,11,20
PGEE70201Q,7,23,30,1,4,5,9,11,20
VVEE80311N,3,44,47,1,8,9,17,13,30
CNTD04000P,22,55,77,0,2,2,10,14,24
MEEE8AD058,1,74,75,0,24,24,15,21,36
PVMM82502G,17,51,68,6,18,24,9,32,41
MEMM827015,13,26,39,2,4,6,12,13,25
REEE85202T,3,50,53,1,14,15,5,19,24
CAMM825023,6,17,23,2,5,7,6,11,17
MCEE82201T,3,53,56,2,19,21,3,22,25
VTRC006014,44,63,107,5,12,17,9,19,28
PAEE854029,5,67,72,4,20,24,15,13,28
TOMM8CH01V,4,26,30,1,9,10,5,30,35
BOEE811017,2,47,49,0,6,6,6,23,29
VIEE828011,3,65,68,1,12,13,6,21,27
MNMM83101L,16,44,60,9,16,25,2,21,23
TREE820041,3,52,55,0,15,15,2,25,27
NATN14151T,43,124,167,5,39,44,0,0,0
RIMM82101B,10,21,31,0,6,6,3,20,23
PSMM815016,4,14,18,1,3,4,7,17,24
VIMM84602E,8,13,21,2,2,4,6,17,23
TRRI03050E,27,36,63,1,12,13,8,16,24
FOMM813026,6,18,24,0,3,3,7,19,26
SSTD01950R,33,61,94,4,17,21,0,0,0
PAEE898034,2,55,57,0,20,20,10,15,25
RMEE83102P,3,45,48,1,14,15,3,20,23
VIMM89001G,8,30,38,3,8,11,3,22,25
CAEE87703T,0,72,72,0,24,24,12,34,46
TOEE8A1021,0,72,72,0,24,24,12,34,46
RMRI09901N,34,71,105,7,16,23,13,16,29
BSEE82307A,3,53,56,0,10,10,3,20,23
TOMM851019,5,20,25,2,4,6,6,19,25
CAEE017004,5,20,25,2,4,6,6,19,25
LIPC001015,38,70,108,9,18,27,6,15,21
RMSD05201N,54,92,146,14,33,47,16,27,43
LOMM022001,54,92,146,14,33,47,16,27,43
BAEE076014,1,59,60,0,17,17,11,12,23
BSMM8AJ01R,18,56,74,9,15,24,4,34,38
RMMM8B5019,5,24,29,1,11,12,7,17,24
SIEE81701L,2,47,49,0,8,8,5,16,21
RMEE309014,6,90,96,3,30,33,8,20,28
CZEE849055,3,63,66,0,13,13,18,14,32
RMEE8DY046,2,63,65,0,24,24,5,17,22
ANEE82402R,2,34,36,1,14,15,5,16,21
CZMM869015,4,28,32,0,3,3,17,17,34
RMMM8FD01X,11,71,82,3,17,20,9,16,25
OREE812044,0,62,62,0,21,21,2,32,34
FIEE820025,6,65,71,2,9,11,12,28,40
BNMM842026,6,35,41,0,3,3,7,14,21
CZMM700016,6,35,41,0,3,3,7,14,21
PGEE06005T,2,81,83,0,19,19,0,29,29
BSEE882021,0,56,56,0,6,6,12,20,32
VRMM88002A,0,56,56,0,6,6,12,20,32
RMEE8E302G,2,96,98,0,31,31,3,27,30
CEEE8A201B,2,39,41,1,8,9,10,11,21
CSPC010007,27,76,103,1,0,1,8,20,28
RMEE8FP02D,2,65,67,0,23,23,6,22,28
CSEE8A0031,2,42,44,2,9,11,9,16,25
APEE70201L,2,42,44,2,9,11,9,16,25
PCMM814012,10,24,34,4,2,6,5,19,24
NOTD002012,20,70,90,3,13,16,4,17,21
RMMM8AK01G,12,32,44,3,7,10,6,23,29
CTMM8AF01X,8,38,46,3,16,19,7,22,29
BAEE833048,1,79,80,1,32,33,9,18,27
PATD03901E,58,86,144,5,19,24,24,14,38
CSEE89201B,3,58,61,0,13,13,13,11,24
CHMM825037,7,24,31,1,6,7,3,27,30
TOEE8BJ01E,5,69,74,2,16,18,6,29,35
NARI096017,53,101,154,12,33,45,19,23,42
PAMM01900X,53,101,154,12,33,45,19,23,42
CNEE82202V,0,64,64,0,12,12,6,28,34
BSEE853032,2,50,52,1,10,11,6,17,23
CREE803029,4,42,46,0,9,9,5,18,23
VBMM81602G,7,14,21,1,1,2,15,18,33
CEEE813039,0,30,30,0,7,7,9,9,18
VBEE806055,4,52,56,1,14,15,6,29,35
NAMM8D7017,7,16,23,2,5,7,9,8,17
ROMM802017,8,25,33,2,4,6,3,17,20
NAEE10100Q,8,83,91,5,36,41,15,11,26
NARH058509,77,150,227,12,45,57,0,0,0
CNEE818016,1,36,37,0,8,8,9,19,28
AGMM855015,12,34,46,4,8,12,22,8,30
BGMM88001P,11,32,43,2,8,10,1,23,24
TOTF01202B,11,32,43,2,8,10,1,23,24
TPEE81906N,11,32,43,2,8,10,1,23,24
NAEE32001X,0,71,71,0,24,24,10,11,21
MOEE80601N,1,21,22,0,2,2,4,9,13
SSMM82802V,5,13,18,1,1,2,2,13,15
RNMM80202G,3,13,16,0,5,5,5,16,21
RMEE8F103G,3,13,16,0,5,5,5,16,21
PVEE80303R,1,57,58,0,15,15,7,25,32
AQEE831014,2,48,50,0,11,11,5,17,22
TVMM84301P,5,24,29,1,6,7,4,16,20
BAEE20101C,1,46,47,0,8,8,5,11,16
BATD320001,65,131,196,4,28,32,28,17,45
NAEE8DR01X,4,72,76,0,26,26,8,20,28
RAEE811014,4,105,109,1,39,40,4,30,34
IMEE808041,5,44,49,2,6,8,3,23,26
RGEE011016,2,63,65,0,15,15,9,19,28
MIPC03000N,34,60,94,0,1,1,11,17,28
NUTD090002,19,51,70,3,8,11,9,12,21
CEEE855019,2,41,43,1,11,12,15,7,22
CTEE8AR07P,1,51,52,0,11,11,9,19,28
PEEE806019,2,31,33,0,11,11,4,18,22
SAMM86202R,7,41,48,2,11,13,11,20,31
CTTD160007,22,66,88,5,18,23,9,15,24
CATH012013,23,35,58,5,5,10,2,3,5
NARC01202B,41,56,97,6,13,19,9,18,27
RMEE8BR049,2,67,69,1,22,23,6,24,30
MIRH02000X,52,109,161,10,34,44,15,25,40
CEPC03301T,33,98,131,1,6,7,22,11,33
ORRF00901X,53,92,145,6,30,36,26,48,74
BGEE848021,2,38,40,0,9,9,4,16,20
CERH020523,2,38,40,0,9,9,4,16,20
MIMM886018,8,26,34,2,8,10,9,17,26
PSEE82702E,1,60,61,0,18,18,5,19,24
LIEE80301B,3,39,42,2,9,11,3,22,25
CHPS01702R,15,58,73,2,9,11,7,13,20
CATD02802X,45,72,117,5,20,25,14,18,32
TOMM71402E,45,72,117,5,20,25,14,18,32
BLEE832033,3,60,63,1,9,10,11,24,35
BREE03101L,1,65,66,0,21,21,7,12,19
GRTD00750V,21,49,70,3,3,6,0,0,0
NATF11901G,54,70,124,7,18,25,14,15,29
SSEE848036,9,82,91,0,20,20,5,33,38
TREE82002V,3,52,55,0,15,15,2,25,27
TORI04752V,65,55,120,12,13,25,0,0,0
MOTD030507,32,109,141,0,12,12,17,19,36
REEE83802G,4,53,57,2,13,15,5,25,30
CTEE89802E,2,67,69,0,31,31,2,22,24
ANMM80901L,4,20,24,1,4,5,5,20,25
PTEE80701B,2,38,40,0,11,11,3,23,26
PGEE03600Q,5,49,54,0,12,12,6,18,24
CTMM893019,13,47,60,6,16,22,10,11,21
PGEE847016,1,74,75,1,23,24,4,30,34
CNTL022523,34,81,115,4,10,14,0,0,0
VREE86203V,3,94,97,1,20,21,9,26,35
VIEE80904P,2,50,52,0,10,10,4,20,24
TOEE8BU034,5,82,87,3,21,24,6,30,36
CSEE872038,3,76,79,0,18,18,17,15,32
CSEE831043,4,57,61,3,11,14,14,9,23
BORA006506,60,88,148,10,35,45,0,0,0
LEMM8AP022,14,21,35,3,4,7,11,11,22
MBMM8F701Q,8,27,35,4,12,16,8,20,28
AREE827013,2,51,53,1,17,18,4,19,23
SSTF02250V,39,35,74,5,9,14,0,0,0
NUEE86202G,2,42,44,1,6,7,8,18,26
COEE80603P,2,27,29,1,3,4,3,17,20
SPMM807014,7,29,36,2,5,7,1,22,23
CAEE09300N,4,52,56,1,12,13,6,13,19
LEEE84302G,3,60,63,1,15,16,16,11,27
RMTD03150A,25,75,100,5,16,21,0,0,0
VISL01901G,58,116,174,11,21,32,15,28,43
GRMM81101R,15,28,43,3,8,11,4,24,28
COEE811036,3,53,56,0,14,14,5,22,27
ENRF00650R,3,53,56,0,14,14,5,22,27
MIMM823015,8,19,27,5,6,11,8,14,22
LCEE829024,2,59,61,1,15,16,2,20,22
BOEE854037,9,82,91,3,25,28,6,25,31
RAEE81801V,5,74,79,2,20,22,5,36,41
VEPS05000A,30,43,73,0,3,3,6,18,24
RMEE8EC02G,3,65,68,1,13,14,8,20,28
GEPC04000E,25,69,94,7,8,15,4,16,20
LEEE89301G,2,51,53,0,12,12,5,17,22
TOEE873028,7,99,106,5,28,33,5,28,33
MCMM812016,11,29,40,2,7,9,4,15,19
TAEE81203V,2,32,34,0,8,8,10,11,21
FRMM82301V,15,27,42,4,6,10,4,23,27
CTMM099008,22,40,62,4,5,9,7,9,16
FGTD007019,22,40,62,4,5,9,7,9,16
PIEE83605L,0,72,72,0,23,23,4,28,32
TAMM82601N,6,21,27,3,5,8,14,12,26
CTEE86201P,5,63,68,4,26,30,12,19,31
CZEE843045,0,31,31,0,3,3,10,15,25
RMEE8A704E,4,112,116,0,47,47,5,28,33
TVMM87201P,9,42,51,2,10,12,6,31,37
PSSD040507,25,55,80,3,8,11,15,14,29
OREE820032,1,45,46,0,12,12,1,19,20
CZEE86101G,0,57,57,0,22,22,11,18,29
PZEE831011,4,31,35,0,5,5,6,16,22
PNPS003016,37,36,73,3,7,10,5,16,21
GEEE805042,3,48,51,1,10,11,7,26,33
LTMM83701C,12,57,69,5,18,23,10,17,27
TOEE8B9015,12,103,115,7,29,36,15,23,38
RCMM82902E,16,25,41,4,3,7,15,14,29
BSMM88901N,11,32,43,3,6,9,11,20,31
PZMM82402T,10,20,30,0,4,4,8,15,23
KREE81707P,1,37,38,0,3,3,12,14,26
LTEE838019,0,54,54,0,21,21,9,21,30
CSEE89003T,2,68,70,0,20,20,8,21,29
BATD01601Q,47,73,120,4,17,21,13,22,35
NAEE8AS02D,0,32,32,0,9,9,11,8,19
NAEE515016,3,48,51,0,14,14,7,12,19
PAPM010003,29,99,128,5,39,44,11,17,28
VBEE806066,4,52,56,1,14,15,6,29,35
CTMM83901L,4,20,24,0,3,3,8,11,19
BAMM838017,5,19,24,1,5,6,7,15,22
KRMM83001T,15,28,43,6,3,9,12,16,28
PNEE815032,2,81,83,1,15,16,1,27,28
ROEE80706L,4,58,62,0,17,17,6,28,34
CSEE885029,3,42,45,1,8,9,3,13,16
VCEE80604P,3,48,51,1,16,17,6,24,30
BSEE80706B,2,41,43,0,9,9,5,20,25
RMEE8F9014,2,68,70,2,27,29,4,21,25
BSEE860024,3,36,39,0,7,7,2,15,17
TVEE855012,3,37,40,1,10,11,4,14,18
RMEE8ES03R,6,56,62,2,14,16,3,15,18
LCMM81201L,8,29,37,3,8,11,5,24,29
PVRC01201E,62,174,236,17,70,87,12,33,45
ALMM816015,12,31,43,5,8,13,8,25,33
SOTF01000L,52,53,105,0,2,2,14,25,39
BAEE12205R,4,73,77,1,30,31,3,20,23
PIEE82704R,4,63,67,0,20,20,4,30,34
MOEE816029,1,33,34,0,5,5,6,16,22
PNMM82302V,7,37,44,1,5,6,4,21,25
RMEE8C602T,3,50,53,1,21,22,5,22,27
BNRA00401D,22,37,59,1,5,6,15,8,23
VVEE82901A,4,33,37,0,6,6,1,0,1
PREE81003P,2,33,35,0,6,6,6,18,24
CBEE81601V,2,52,54,1,6,7,0,0,0
BGMM80601R,13,23,36,2,2,4,6,20,26
RMMM84601A,2,9,11,1,4,5,2,17,19
RMMM8FH017,12,43,55,6,17,23,4,24,28
CHEE82703X,0,64,64,0,18,18,5,21,26
CSMM85007E,8,18,26,1,3,4,8,15,23
AGPS00101A,23,76,99,0,2,2,20,10,30
AVEE00503E,1,88,89,0,23,23,12,18,30
RETD00601B,34,90,124,5,13,18,13,18,31
PAEE81703B,2,45,47,0,7,7,20,8,28
CLEE824042,3,50,53,0,14,14,13,13,26
LCMM81704V,16,62,78,5,15,20,3,31,34
TPEE82602L,1,41,42,1,12,13,7,14,21
NAEE178085,1,69,70,0,14,14,7,19,26
RMEE8CQ01C,5,71,76,3,21,24,5,22,27
RCEE807137,0,43,43,0,12,12,11,16,27
NAEE83302B,2,49,51,0,14,14,7,12,19
CESD014012,64,98,162,18,34,52,23,17,40
CSEE59100X,5,32,37,4,10,14,7,11,18
TSEE820019,2,36,38,0,3,3,3,20,23
BGMM82201P,15,36,51,5,9,14,2,27,29
NAEE864023,0,43,43,0,14,14,9,12,21
BSEE83004A,5,44,49,0,9,9,4,16,20
BATD056016,26,57,83,1,12,13,10,14,24
MEMM872013,11,37,48,2,10,12,16,15,31
ORRA009017,53,92,145,6,30,36,26,48,74
CRRI011011,67,142,209,18,47,65,15,34,49
NATD001017,33,114,147,4,20,24,23,13,36
MOEE70202E,33,114,147,4,20,24,23,13,36
FIMM85801D,14,34,48,5,10,15,11,17,28
NUEE82401Q,2,29,31,1,7,8,3,15,18
MITD400008,66,127,193,5,14,19,17,27,44
TOTD06650R,62,104,166,15,20,35,0,0,0
BLEE832022,3,60,63,1,9,10,11,24,35
CRMM82101R,13,37,50,5,8,13,10,24,34
NAPS92000G,16,50,66,0,6,6,8,14,22
CHEE811018,3,95,98,1,35,36,7,28,35
FEMM802016,6,29,35,2,6,8,9,23,32
CSEE86105X,1,35,36,0,3,3,9,11,20
TSMM805016,7,28,35,2,1,3,4,16,20
MSEE81703R,1,68,69,0,24,24,3,26,29
MNEE81204B,4,64,68,1,10,11,2,34,36
SSEE841019,3,70,73,0,23,23,7,24,31
SAEE836018,0,27,27,0,7,7,10,10,20
PARH014014,48,60,108,9,16,25,32,9,41
CHEE842021,0,34,34,0,14,14,4,18,22
PDEE83101B,1,46,47,0,8,8,5,18,23
LUMM83301L,14,37,51,3,17,20,4,25,29
PAMM839037,16,24,40,5,6,11,13,15,28
IMEE80202X,1,63,64,0,12,12,7,22,29
MIPS058502,99,153,252,24,42,66,0,0,0
SATD02401A,26,53,79,0,13,13,6,16,22
BORI00601D,60,88,148,10,35,45,16,20,36
PAEE85406D,5,67,72,4,20,24,15,13,28
PGEE85302E,4,79,83,2,31,33,5,22,27
VRMM86901E,10,37,47,1,11,12,7,22,29
VAEE83401E,2,40,42,1,7,8,10,14,24
VIMM814023,17,38,55,5,8,13,7,34,41
CSEE815012,3,32,35,1,7,8,18,11,29
MBTN04901D,33,51,84,5,2,7,9,16,25
PDEE84304R,3,53,56,0,8,8,2,26,28
ARMM83201D,4,22,26,2,5,7,3,17,20
BOMM854014,5,21,26,1,9,10,6,25,31
PDEE82804P,4,65,69,0,12,12,6,20,26
NUMM86703P,4,20,24,1,3,4,2,15,17
COEE812043,2,46,48,0,13,13,3,22,25
SAMM80902X,15,13,28,1,4,5,5,15,20
LEEE81004A,3,64,67,0,12,12,22,10,32
CTMM8AU018,3,24,27,0,10,10,5,17,22
RMPC051018,38,58,96,12,11,23,9,16,25
MSPS01000B,18,38,56,2,0,2,6,14,20
REMM819014,7,14,21,2,2,4,2,18,20
TOMM8BF01L,5,17,22,1,4,5,5,30,35
MEMM813017,8,23,31,0,3,3,11,12,23
CEEE85901L,1,37,38,0,9,9,10,7,17
LTMM82702V,20,47,67,8,13,21,4,27,31
BOEE81402Q,4,72,76,2,20,22,4,29,33
FIPS01101T,51,108,159,12,39,51,21,18,39
SREE85401X,3,37,40,1,10,11,9,15,24
TVMM87701T,9,48,57,1,11,12,4,28,32
PGMM81702A,6,23,29,2,4,6,5,17,22
APMM824019,14,27,41,3,10,13,8,21,29
VTMM80804R,11,35,46,4,5,9,6,32,38
BSEE82001L,4,30,34,0,5,5,4,13,17
CNRH02050R,41,81,122,18,17,35,11,24,35
LTEE84401L,4,126,130,2,62,64,10,26,36
PVEE82606L,10,115,125,4,35,39,10,46,56
NOEE81001L,1,53,54,1,15,16,4,21,25
SAEE8AV028,1,25,26,0,3,3,5,9,14
BNRC02301T,23,59,82,4,14,18,13,14,27
NAEE362012,3,58,61,1,17,18,10,7,17
RCMM819031,10,23,33,1,7,8,12,11,23
PAEE85405C,5,67,72,4,20,24,15,13,28
ALMM811012,7,27,34,1,6,7,7,17,24
BIEE80603L,4,63,67,2,21,23,9,29,38
PARH01801B,41,34,75,2,4,6,12,13,25
GREE830028,0,61,61,0,18,18,3,26,29
RMEE20500V,0,48,48,0,12,12,3,14,17
CAMM848071,19,46,65,5,14,19,11,38,49
RMEE8C5011,2,72,74,1,20,21,7,24,31
OREE82806Q,3,67,70,2,18,20,9,27,36
AGEE035001,3,67,70,2,18,20,9,27,36
RESD01000L,42,98,140,15,29,44,12,22,34
CREE818012,3,52,55,2,12,14,2,25,27
MCMM80203N,6,25,31,2,5,7,3,18,21
FREE807023,0,29,29,0,4,4,4,16,20
SAEE8BH019,0,29,29,0,4,4,4,16,20
TVEE861019,2,47,49,0,6,6,3,21,24
AQTL007012,65,94,159,15,41,56,16,25,41
COEE804033,7,57,64,1,10,11,6,17,23
BGEE80701N,12,70,82,7,23,30,9,20,29
PGEE05206X,1,81,82,0,22,22,5,30,35
NAEE8F101E,2,41,43,0,12,12,4,15,19
RMEE8FH05C,7,92,99,3,32,35,4,24,28
MEEE88102X,5,58,63,2,12,14,17,10,27
NARC07901R,47,89,136,8,16,24,16,18,34
MEPC03401P,23,58,81,2,4,6,18,16,34
TVMM862025,17,35,52,3,4,7,6,21,27
PDTF014018,82,139,221,5,17,22,17,36,53
NAEE8D2026,3,56,59,0,18,18,11,12,23
TOEE8BQ03B,2,84,86,1,18,19,8,29,37
BAEE076003,1,59,60,0,17,17,11,12,23
MIMM8DZ02A,1,59,60,0,17,17,11,12,23
VBMM813013,17,29,46,6,5,11,5,25,30
MOEE82302C,5,71,76,1,19,20,7,27,34
NAMM864011,7,23,30,1,5,6,9,12,21
FGEE821028,0,40,40,0,9,9,10,10,20
PRMM81604N,5,18,23,2,4,6,5,17,22
CSTD067013,24,48,72,4,10,14,15,8,23
BIEE81804X,4,72,76,2,23,25,8,22,30
BATD05651G,26,57,83,1,12,13,0,0,0
MBEE8EX013,6,70,76,0,10,10,6,29,35
ANEE81103Q,2,56,58,1,16,17,7,20,27
FOEE02300R,5,91,96,2,14,16,9,31,40
PDPS06000V,28,59,87,1,1,2,9,17,26
BSMM83301N,7,21,28,1,4,5,5,20,25
NATD10050L,28,91,119,2,17,19,18,13,31
NATD08201X,29,108,137,4,21,25,11,16,27
MIMM8EJ019,14,21,35,4,6,10,4,25,29
FGPC046011,37,94,131,10,37,47,12,22,34
BSEE8AN015,5,53,58,3,10,13,4,22,26
SVEE804025,2,15,17,0,2,2,5,9,14
LTTF004505,93,139,232,20,49,69,0,0,0
PAEE886061,2,53,55,1,13,14,12,15,27
FIEE87303P,6,88,94,2,21,23,8,30,38
ROEE80102D,2,23,25,0,7,7,3,11,14
COTF00751C,52,129,181,4,15,19,0,0,0
CHEE83703E,5,60,65,1,17,18,8,20,28
SOEE82007X,3,87,90,0,13,13,10,25,35
LCEE80601A,2,45,47,1,15,16,6,14,20
BAEE86601C,0,77,77,0,38,38,12,13,25
LIEE805013,3,49,52,1,17,18,4,25,29
MOEE037009,7,79,86,0,16,16,5,21,26
PEEE81203P,1,22,23,0,6,6,2,15,17
CSEE8AK02G,8,103,111,2,32,34,11,21,32
VCRI01901B,65,82,147,9,14,23,9,27,36
CNEE86206D,3,123,126,0,46,46,12,46,58
LCEE807027,3,29,32,0,5,5,0,18,18
MEEE898018,4,62,66,0,11,11,5,24,29
BLEE824045,4,40,44,2,6,8,4,19,23
CTMM8AG01Q,3,36,39,1,14,15,11,16,27
SRMM86402E,5,15,20,0,3,3,6,14,20
CREE82703V,3,72,75,3,21,24,3,23,26
FEEE810027,1,53,54,0,14,14,4,23,27
PSEE82602P,3,38,41,1,8,9,0,0,0
TVTF00401Q,30,66,96,4,11,15,13,16,29
BARI05251N,46,74,120,8,21,29,0,0,0
GOPM00101N,23,84,107,1,5,6,9,21,30
ISEE812082,2,41,43,0,8,8,7,18,25
RMMM8GF016,7,25,32,4,5,9,11,22,33
PTMM810016,16,38,54,8,10,18,3,31,34
MBEE8B103D,3,67,70,0,14,14,6,20,26
SRTF009512,56,110,166,9,28,37,0,0,0
MNRF00701G,56,82,138,7,17,24,14,29,43
CAEE825046,3,21,24,0,6,6,6,11,17
REMM85201Q,6,20,26,1,5,6,5,19,24
VTPC00601C,44,63,107,5,12,17,9,19,28
BOEE82201N,44,63,107,5,12,17,9,19,28
TAEE86201T,2,62,64,0,20,20,8,13,21
SSMM83201D,14,33,47,6,11,17,6,14,20
BOEE81106C,2,47,49,0,6,6,6,23,29
NUEE873022,3,43,46,0,9,9,5,20,25
VIEE88406E,3,88,91,1,13,14,8,27,35
RIEE82101C,4,55,59,2,20,22,3,20,23
RMTD08201V,38,97,135,6,27,33,15,19,34
TOEE858037,2,69,71,2,14,16,6,19,25
MIMM8CY01Q,13,43,56,6,16,22,10,20,30
TRRI002023,13,43,56,6,16,22,10,20,30
PIEE81404P,4,53,57,3,21,24,6,20,26
MBEE878028,8,71,79,5,17,22,4,23,27
CLEE807037,2,31,33,1,6,7,7,13,20
MOPS01801C,89,116,205,8,16,24,21,36,57
FOEE813016,3,33,36,1,10,11,7,19,26
RMMM84501E,11,50,61,1,10,11,6,15,21
PZMM815023,2,14,16,1,1,2,3,11,14
BARH01000N,44,89,133,9,28,37,22,17,39
RMPC099019,34,71,105,7,16,23,13,16,29
LEEE88102A,0,38,38,0,8,8,12,6,18
SAEE809021,3,24,27,1,4,5,5,15,20
TOEE85001E,2,66,68,0,8,8,6,29,35
NUTL00350T,41,61,102,4,19,23,0,0,0
RAEE80503V,7,67,74,0,17,17,1,25,26
CAEE017048,7,67,74,0,17,17,1,25,26
PDEE85101L,2,84,86,0,18,18,6,30,36
CTMM8AV014,13,39,52,2,8,10,8,15,23
SSEE02502D,7,87,94,4,29,33,2,28,30
BSEE8AJ01T,6,99,105,1,26,27,4,34,38
CSMM84803A,7,9,16,0,2,2,13,11,24
LEEE00400X,3,65,68,2,20,22,8,12,20
NATF13901R,49,72,121,4,25,29,23,10,33
FIEE812015,2,41,43,0,12,12,5,17,22
RMMM83001R,13,60,73,2,10,12,11,24,35
ALTD00701Q,33,60,93,4,15,19,8,23,31
CERH02000G,33,60,93,4,15,19,8,23,31
PDEE891013,1,73,74,1,15,16,11,16,27
ANEE82502L,2,42,44,0,22,22,2,17,19
CHTF016012,23,49,72,6,18,24,5,12,17
CZEE700028,23,49,72,6,18,24,5,12,17
MNEE81001L,7,102,109,4,34,38,4,39,43
NAEE88001X,0,30,30,0,10,10,5,7,12
RMTD05301V,29,76,105,4,28,32,8,21,29
ALEE83503N,5,44,49,0,10,10,11,17,28
MCEE80702R,1,57,58,0,9,9,3,23,26
VAMM325009,1,57,58,0,9,9,3,23,26
RMEE8B503C,5,77,82,3,16,19,7,17,24
NOPS002016,20,70,90,3,13,16,4,17,21
CZMM84901X,15,22,37,3,2,5,18,14,32
CEEE815064,0,50,50,0,9,9,8,16,24
MBEE8F701R,9,83,92,5,29,34,8,20,28
PAMM02300G,16,58,74,4,16,20,8,8,16
VBEE80801L,2,43,45,0,11,11,7,24,31
TPEE809052,3,42,45,1,13,14,6,15,21
PDEE05907E,4,81,85,0,18,18,2,25,27
BSEE88201X,0,56,56,0,6,6,12,20,32
TAPS03301A,0,56,56,0,6,6,12,20,32
COEE80601L,2,27,29,1,3,4,3,17,20
SPEE807026,2,49,51,1,9,10,1,22,23
CEEE04600E,5,154,159,1,68,69,16,16,32
LTEE82301G,2,43,45,1,18,19,9,15,24
BNMM83702P,9,27,36,2,5,7,13,11,24
PDEE838038,5,71,76,1,13,14,5,28,33
BAMM833014,8,36,44,2,12,14,9,18,27
BGEE88003T,3,44,47,0,8,8,1,23,24
PAPS03901P,58,86,144,5,19,24,24,14,38
CAEE875014,1,46,47,0,8,8,3,24,27
TPEE059065,3,48,51,1,11,12,13,6,19
RCEE87504B,2,40,42,0,11,11,7,16,23
AGEE82802V,6,43,49,2,12,14,12,16,28
NAEE32000V,0,71,71,0,24,24,10,11,21
PAEE01207D,2,55,57,1,22,23,8,11,19
MOMM80601L,4,11,15,2,1,3,4,9,13
TVEE82405E,5,70,75,0,12,12,4,25,29
PAMM83701D,19,19,38,8,6,14,12,12,24
FREE82301X,0,60,60,0,20,20,4,23,27
NAEE8G002A,3,75,78,1,22,23,7,16,23
FREE85503D,3,59,62,1,16,17,4,26,30
SAEE8BD012,2,55,57,2,13,15,16,10,26
NAEE8D7029,1,46,47,0,14,14,9,8,17
PNEE81205L,4,46,50,0,11,11,3,29,32
AQMM82101C,8,13,21,4,2,6,5,13,18
RCEE869022,4,87,91,1,25,26,13,19,32
LOMM81201A,12,36,48,1,9,10,7,28,35
PAEE034003,5,84,89,3,26,29,10,15,25
PZMM831021,9,17,26,0,2,2,6,16,22
GEMM80503X,10,24,34,0,5,5,7,26,33
COMM823019,10,29,39,0,10,10,2,22,24
AVMM81201D,10,22,32,3,3,6,6,21,27
FITA00201C,60,105,165,8,27,35,13,27,40
PVEE81602T,3,38,41,0,8,8,3,18,21
NATH01202C,41,56,97,6,13,19,9,18,27
MIRI21002L,40,48,88,6,15,21,8,20,28
ISEE812093,2,41,43,0,8,8,7,18,25
CEPS033011,33,98,131,1,6,7,22,11,33
TETL01301T,33,98,131,1,6,7,22,11,33
ISEE826091,2,48,50,0,10,10,6,22,28
PITD00701R,39,84,123,5,11,16,11,19,30
PAEE81601D,3,47,50,2,8,10,19,8,27
SSMM848013,17,46,63,4,16,20,5,33,38
BAEE20102D,1,46,47,0,8,8,5,11,16
TOTF047019,65,55,120,12,13,25,17,19,36
TOMM8AR01D,6,45,51,0,10,10,9,29,38
MOTD03000T,32,109,141,0,12,12,17,19,36
MIMM874012,6,32,38,2,9,11,8,15,23
REEE83801E,4,53,57,2,13,15,5,25,30
CBTD01801V,36,81,117,7,23,30,14,18,32
TAMM85501N,6,28,34,0,10,10,7,10,17
IMMM80801R,7,33,40,3,7,10,3,23,26
CTEE899019,5,60,65,3,30,33,5,16,21
ANMM80902N,4,20,24,1,4,5,5,20,25
NUTD10000B,35,61,96,7,14,21,4,15,19
BAMM244008,35,61,96,7,14,21,4,15,19
MEEE83305N,3,57,60,0,16,16,9,24,33
POTD00201V,66,127,193,13,37,50,14,25,39
CNPC022017,34,81,115,4,10,14,5,30,35
ROEE81904R,3,41,44,1,9,10,3,20,23
UDEE84806C,2,63,65,0,20,20,7,25,32
PGTL00201B,31,64,95,4,20,24,2,19,21
TOMM8BU011,10,40,50,6,6,12,6,30,36
TRTF030002,65,89,154,5,17,22,15,28,43
