CODICE_SCUOLA,M_Docenti,F_Docenti,Tot_Docenti,M_Supplenti,F_Supplenti,Tot_Supplenti,M_ATA,F_ATA,Tot_ATA
CSTF01000C,83,91,174,0,11,11,29,19,48
MIMM8DQ01D,19,45,64,6,14,20,12,16,28
CSEE83101X,4,57,61,3,11,14,14,9,23
MEEE83404C,6,46,52,4,4,8,11,13,24
MIEE886019,4,47,51,0,5,5,9,17,26
SARC12000G,5,15,20,1,5,6,2,7,9
NUMM82402Q,3,13,16,0,2,2,3,15,18
RMEE84603D,4,73,77,1,26,27,2,17,19
FOMM814011,5,12,17,1,1,2,4,15,19
VRTD01103A,34,81,115,1,9,10,9,20,29
FGMM83802L,8,31,39,4,6,10,12,11,23
CAEE09301P,4,52,56,1,12,13,6,13,19
PAEE8AD052,4,52,56,1,12,13,6,13,19
SAEE01402D,1,68,69,0,18,18,12,10,22
MTEE83402L,2,25,27,1,1,2,8,12,20
MCMM83102L,9,19,28,4,4,8,3,25,28
VITE019012,58,116,174,11,21,32,15,28,43
CREE82303G,10,99,109,5,26,31,4,33,37
GREE811041,2,64,66,1,15,16,4,24,28
CAMM888015,11,25,36,1,5,6,8,22,30
LCEE83004A,3,53,56,1,10,11,9,17,26
MIEE832011,17,109,126,6,28,34,7,31,38
VRMM86202R,13,38,51,3,5,8,9,26,35
VIEE80902L,2,50,52,0,10,10,4,20,24
PSRI001013,25,42,67,4,10,14,10,25,35
CTMM10300P,17,81,98,3,32,35,9,5,14
PIMM83601B,7,31,38,1,9,10,4,28,32
AVMM873022,18,31,49,2,6,8,10,18,28
RMEE8BD02G,1,45,46,1,9,10,3,20,23
MEEE816061,4,51,55,0,14,14,8,23,31
CZEE843034,0,31,31,0,3,3,10,15,25
SSTD022018,39,35,74,5,9,14,8,15,23
ANEE83102X,3,57,60,1,14,15,8,20,28
LUTF004018,62,71,133,9,18,27,10,28,38
ALEE83502L,5,44,49,0,10,10,11,17,28
PTEE82804G,4,90,94,1,26,27,4,33,37
TSEE805028,0,33,33,0,6,6,4,16,20
OREE82001X,1,45,46,0,12,12,1,19,20
CZMM86101E,8,27,35,2,9,11,11,18,29
RMRH03101X,25,75,100,5,16,21,12,22,34
MIEE8ES038,6,66,72,4,14,18,9,19,28
RMPS19000T,22,62,84,4,3,7,12,16,28
CAEE89305T,22,62,84,4,3,7,12,16,28
PZEE82403X,1,32,33,1,2,3,8,15,23
VARI00801Q,146,129,275,15,29,44,26,39,65
VEEE87101X,6,70,76,1,14,15,8,20,28
TAEE81201R,2,32,34,0,8,8,10,11,21
BSEE85301X,2,50,52,1,10,11,6,17,23
TRMM81402E,5,31,36,1,7,8,1,17,18
CEEE81306C,0,30,30,0,7,7,9,9,18
KREE82403N,4,53,57,0,15,15,8,18,26
BAMM824019,7,24,31,1,6,7,6,12,18
VBMM806032,14,30,44,3,5,8,6,29,35
BAEE838018,1,44,45,0,18,18,7,15,22
TVEE87205X,3,74,77,1,18,19,6,31,37
APEE805066,3,22,25,0,2,2,0,0,0
CEEE8AS02C,2,44,46,0,14,14,9,14,23
ROMM80701A,10,42,52,2,9,11,6,28,34
PREE830041,3,53,56,0,6,6,5,32,37
TATF021016,70,80,150,11,18,29,10,26,36
BSMM815014,13,44,57,3,12,15,5,23,28
CSEE88503A,3,42,45,1,8,9,3,13,16
BSEE807038,2,41,43,0,9,9,5,20,25
CNMM818026,14,20,34,2,4,6,9,19,28
PDEE84303Q,3,53,56,0,8,8,2,26,28
NAMM812018,10,38,48,3,11,14,8,22,30
PDEE82805Q,4,65,69,0,12,12,6,20,26
TOTA008012,59,107,166,12,24,36,14,32,46
RMEE8ES01P,6,56,62,2,14,16,3,15,18
KRMM81703D,10,10,20,1,0,1,12,14,26
NAMM0CQ00C,10,10,20,1,0,1,12,14,26
CEEE8AU046,2,58,60,1,12,13,7,14,21
BGRF00701C,36,49,85,2,4,6,10,16,26
FRTD01902N,54,118,172,6,45,51,13,31,44
CHMM81903X,6,23,29,1,8,9,6,21,27
NOEE806022,6,54,60,3,13,16,7,23,30
NAMM8B0017,4,33,37,1,10,11,9,10,19
AGPC001017,23,76,99,0,2,2,20,10,30
AVEE00504G,1,88,89,0,23,23,12,18,30
CSEE591011,5,32,37,4,10,14,7,11,18
MOMM811036,4,14,18,1,1,2,4,17,21
TEEE842013,2,57,59,0,17,17,7,26,33
MIPC040008,30,58,88,1,0,1,9,14,23
COEE846035,6,56,62,3,12,15,4,22,26
PVRC01251X,62,174,236,17,70,87,0,0,0
SAEE85502P,3,20,23,1,3,4,2,14,16
VVMM829019,3,20,23,1,3,4,2,14,16
PRMM81003N,11,20,31,2,3,5,6,18,24
RGEE80603Q,2,32,34,0,5,5,7,11,18
MITD450009,44,77,121,5,19,24,8,22,30
TOTD06603E,44,77,121,5,19,24,8,22,30
NAMM8GK01X,14,31,45,3,5,8,9,19,28
TVMM861018,8,21,29,2,5,7,3,21,24
MIEE8BK02B,3,65,68,1,12,13,10,22,32
SSEE849065,3,65,68,1,12,13,10,22,32
NAMM8GY01V,3,16,19,1,7,8,8,8,16
MSEE81701P,1,68,69,0,24,24,3,26,29
MIEE8EA02B,2,69,71,1,17,18,3,18,21
MOEE82202L,5,82,87,1,18,19,7,26,33
SARH077516,41,79,120,4,25,29,0,0,0
BLRI006016,46,37,83,6,5,11,27,46,73
RGEE82701P,2,55,57,0,21,21,8,19,27
AGMM85302E,7,20,27,0,3,3,14,9,23
TSEE806035,8,43,51,1,10,11,5,37,42
BLEE831015,4,68,72,2,19,21,9,21,30
SARI02401Q,26,53,79,0,13,13,6,16,22
NATF010007,35,75,110,4,22,26,11,19,30
APEE83804B,1,61,62,1,14,15,8,27,35
BOTA00601N,60,88,148,10,35,45,16,20,36
REEE84502P,5,55,60,1,14,15,4,26,30
LEEE85501R,2,34,36,1,4,5,7,15,22
SAEE062074,2,34,36,1,4,5,7,15,22
ARMM827012,9,28,37,2,10,12,4,19,23
NAPS860005,20,95,115,1,10,11,7,21,28
CTRI03301C,80,89,169,5,24,29,16,23,39
MERA01101P,64,78,142,9,30,39,19,23,42
VIEE814079,3,72,75,2,13,15,7,34,41
CRMM80003T,19,36,55,8,7,15,6,32,38
MNMM83501X,3,31,34,0,7,7,4,17,21
VRMM83801V,6,24,30,1,6,7,5,13,18
ARMM83302A,3,31,34,1,5,6,3,17,20
NAEE03803L,2,107,109,1,20,21,13,19,32
COMM81302Q,11,38,49,4,10,14,3,22,25
ARTA01601E,32,44,76,5,14,19,20,36,56
RMSL070502,42,92,134,7,25,32,15,19,34
MSPS020002,14,33,47,0,1,1,3,15,18
BLEE809021,14,33,47,0,1,1,3,15,18
AVMM87502N,16,33,49,1,3,4,13,15,28
REEE819026,2,30,32,0,4,4,2,18,20
MEMM813039,8,23,31,0,3,3,11,12,23
GEEE854036,5,85,90,2,18,20,8,27,35
MEMM857044,11,33,44,4,7,11,11,22,33
VAMM83401D,4,19,23,2,4,6,10,14,24
PSSD07000N,28,88,116,5,23,28,15,19,34
AVEE86704T,3,43,46,1,6,7,13,16,29
FGEE02900T,2,69,71,0,23,23,9,10,19
TOEE8B802A,8,100,108,3,39,42,8,31,39
TVEE834044,1,58,59,1,18,19,3,27,30
TOEE89702R,7,88,95,5,25,30,5,39,44
FEEE81405N,7,57,64,2,19,21,6,25,31
ATMM80501Q,9,35,44,4,7,11,5,21,26
TVPC00401E,30,66,96,4,11,15,13,16,29
TVMM87801N,10,32,42,3,5,8,3,34,37
TOMM8B701C,27,46,73,9,20,29,11,32,43
LEEE81005B,3,64,67,0,12,12,22,10,32
RMEE8G6039,8,89,97,3,28,31,3,22,25
VREE896032,7,98,105,3,25,28,7,33,40
PGMM18600L,17,67,84,3,17,20,2,13,15
CEEE86805G,0,55,55,0,11,11,13,17,30
CNRH02000B,41,81,122,18,17,35,11,24,35
SAMM8AV016,3,12,15,1,4,5,5,9,14
BNRH02350B,23,59,82,4,14,18,0,0,0
MCEE821012,3,39,42,2,11,13,3,18,21
RCMM81901V,10,23,33,1,7,8,12,11,23
RMRI11901N,70,102,172,10,31,41,27,22,49
CAMM848082,19,46,65,5,14,19,11,38,49
SAEE8AQ01P,0,15,15,0,1,1,3,9,12
RMMM8C501X,4,26,30,1,11,12,7,24,31
CZEE822022,4,36,40,1,9,10,11,8,19
MCEE80206T,2,40,42,0,7,7,3,18,21
FRMM807022,5,12,17,1,2,3,4,16,20
PDEE84402E,1,64,65,0,9,9,10,22,32
AQRA007019,65,94,159,15,41,56,16,25,41
LCPS00801E,35,59,94,3,10,13,5,20,25
UDEE835015,2,61,63,0,11,11,0,26,26
LCEE82307A,5,106,111,2,28,30,6,43,49
PZPS120021,25,54,79,2,6,8,12,20,32
ATPM01000R,35,86,121,6,11,17,5,25,30
VAEE84103Q,6,75,81,2,17,19,10,25,35
AVEE00501C,1,88,89,0,23,23,12,18,30
RMMM8CQ01B,10,28,38,2,6,8,5,22,27
RETF01151E,104,104,208,11,15,26,0,0,0
BSMM89302A,15,48,63,8,7,15,7,31,38
MEEE864015,4,58,62,2,23,25,7,17,24
NAEE864034,0,43,43,0,14,14,9,12,21
PREE81603N,4,25,29,0,3,3,5,17,22
CSTL06601N,57,67,124,8,27,35,18,13,31
RMEE8CS02E,3,91,94,0,31,31,5,24,29
CSMM305001,9,24,33,2,4,6,9,6,15
BARC046029,48,148,196,9,70,79,20,11,31
ORMM812043,8,32,40,1,8,9,2,32,34
LTMM81501G,8,34,42,2,11,13,7,24,31
MIEE8BV02Q,6,55,61,2,16,18,1,30,31
NATD082519,29,108,137,4,21,25,0,0,0
LTTF09000X,54,85,139,6,23,29,14,19,33
MIEE8EK027,10,65,75,4,15,19,8,23,31
RCEE10002T,7,62,69,2,14,16,11,13,24
LTTF00401R,93,139,232,20,49,69,18,31,49
FIMM820013,10,32,42,3,5,8,12,28,40
ANEE82504P,2,42,44,0,22,22,2,17,19
CAMM845017,9,18,27,2,1,3,6,17,23
ANSD01000Q,43,100,143,10,33,43,13,23,36
SOEE820081,3,87,90,0,13,13,10,25,35
TATF04151R,74,107,181,12,27,39,0,0,0
MEEE881053,5,58,63,2,12,14,17,10,27
RCPS01901C,33,99,132,3,19,22,21,17,38
PEMM81202L,4,14,18,0,4,4,2,15,17
CNEE85304L,1,49,50,0,14,14,5,21,26
RNEE817019,4,78,82,1,19,20,11,24,35
LCEE807016,3,29,32,0,5,5,0,18,18
MSEE81808T,0,45,45,0,14,14,1,22,23
BIEE81802T,4,72,76,2,23,25,8,22,30
CTEE8AG02T,1,48,49,1,20,21,11,16,27
MBEE83403G,2,76,78,1,16,17,5,22,27
BITL007015,97,131,228,30,53,83,17,39,56
MBMM8EY01T,5,31,36,1,6,7,3,28,31
PDEE86401P,2,68,70,1,19,20,2,25,27
BOEE072061,3,67,70,1,15,16,6,19,25
UDTD01801Q,44,59,103,1,3,4,7,20,27
BAPS052013,46,74,120,8,21,29,18,17,35
GOPS00101L,23,84,107,1,5,6,9,21,30
MBMM8BQ01N,10,34,44,3,6,9,4,26,30
BSEE8AN037,5,53,58,3,10,13,4,22,26
FGPC046022,37,94,131,10,37,47,12,22,34
SRTD00951Q,56,110,166,9,28,37,0,0,0
FGRC00801T,89,170,259,25,85,110,32,25,57
FIMM87301G,5,17,22,1,6,7,8,30,38
AVEE84604R,4,37,41,2,5,7,14,10,24
MNTF00701B,56,82,138,7,17,24,14,29,43
VTMM819025,11,25,36,3,7,10,3,20,23
NAEE8D8047,1,30,31,0,6,6,5,11,16
NAPS65000R,22,54,76,2,6,8,10,13,23
CSEE815078,3,32,35,1,7,8,18,11,29
MEEE89805C,4,62,66,0,11,11,5,24,29
ANMM83701R,11,36,47,4,8,12,7,28,35
MIEE8CZ03P,12,88,100,4,23,27,11,17,28
VIEE86201C,3,71,74,3,18,21,4,21,25
MBMM878016,11,39,50,2,9,11,4,23,27
CTEE09001X,3,48,51,0,16,16,10,11,21
MIMM8FH01P,5,28,33,2,3,5,4,26,30
RMEE84501G,3,50,53,0,16,16,6,15,21
PCEE00304R,3,106,109,1,21,22,2,29,31
CTEE8AU02A,4,44,48,0,10,10,5,17,22
ANMM80301N,12,44,56,5,13,18,3,34,37
BAPS38000R,8,53,61,1,3,4,6,13,19
ENEE816018,4,35,39,1,9,10,10,10,20
ANTD002017,24,56,80,5,8,13,6,18,24
SSEE80205V,1,34,35,0,6,6,3,19,22
TOMM8AU01A,3,17,20,0,3,3,10,24,34
VIEE88403B,3,88,91,1,13,14,8,27,35
NAMM8FJ01D,6,36,42,0,9,9,13,10,23
LEEE004022,3,65,68,2,20,22,8,12,20
CEEE85404L,0,39,39,0,5,5,4,19,23
CTEE8AR04G,1,51,52,0,11,11,9,19,28
PIEE81403N,4,53,57,3,21,24,6,20,26
TPEE836049,3,83,86,2,36,38,5,22,27
SAEE09009A,2,61,63,0,19,19,11,12,23
VIEE83702R,0,40,40,0,5,5,3,16,19
FIPC014016,58,122,180,11,20,31,10,28,38
MIEE8BD023,3,33,36,0,4,4,10,8,18
CERI03201A,3,33,36,0,4,4,10,8,18
TOEE89306N,2,49,51,0,13,13,4,28,32
BNRI00850R,55,91,146,8,9,17,0,0,0
RMMM8G6016,5,35,40,0,10,10,3,22,25
CTTH01301G,40,49,89,4,8,12,13,18,31
SPMM822016,7,61,68,1,15,16,6,39,45
CAEE83004N,4,40,44,0,7,7,9,22,31
RMEE885012,0,77,77,0,14,14,5,24,29
RMTN05301R,29,76,105,4,28,32,8,21,29
FEMM82201B,4,20,24,1,5,6,2,23,25
RCMM859019,16,44,60,6,9,15,20,9,29
PVEE830013,2,90,92,1,22,23,4,29,33
TORI04702D,65,55,120,12,13,25,17,19,36
MCEE827033,4,80,84,1,21,22,14,23,37
TOEE8AY01P,3,63,66,0,13,13,8,26,34
RMMM8GU01E,18,90,108,7,22,29,5,22,27
NAEE8BW039,3,53,56,1,10,11,16,10,26
FIEE85203N,2,64,66,0,14,14,11,20,31
CNPS02201A,34,81,115,4,10,14,5,30,35
TOEE81202R,2,86,88,0,23,23,7,32,39
BSEE87501R,5,53,58,1,10,11,3,26,29
GEMM824017,6,22,28,3,4,7,3,25,28
SAEE8AQ02Q,0,15,15,0,1,1,3,9,12
ALEE80609X,3,44,47,1,7,8,1,27,28
CZRI02101V,3,44,47,1,7,8,1,27,28
MBMM8F801G,17,47,64,4,12,16,4,24,28
BGTF016013,68,75,143,2,4,6,13,28,41
FOMM814022,5,12,17,1,1,2,4,15,19
NAMM88001V,6,19,25,1,3,4,5,7,12
TAPC033017,6,19,25,1,3,4,5,7,12
CNEE839028,0,25,25,0,2,2,1,13,14
CZMM813026,5,22,27,1,2,3,7,15,22
COMM80603N,10,21,31,4,4,8,3,17,20
VEEE80703P,2,51,53,1,9,10,5,19,24
SPEE807048,2,49,51,1,9,10,1,22,23
CSMM8A001T,6,29,35,2,4,6,9,16,25
APMM70201G,6,29,35,2,4,6,9,16,25
PSEE03900Q,8,85,93,3,22,25,7,23,30
RIEE80901T,2,31,33,1,7,8,1,17,18
MSRC00603B,72,133,205,19,53,72,15,29,44
RMMM8CS01C,7,26,33,2,10,12,5,24,29
LCMM830016,8,32,40,1,10,11,9,17,26
BAEE833037,1,79,80,1,32,33,9,18,27
PAPM04101Q,49,90,139,10,45,55,20,13,33
ATEE816017,0,41,41,0,16,16,3,21,24
CLMM02400T,0,41,41,0,16,16,3,21,24
RMMM8EB01N,13,56,69,3,12,15,11,18,29
PDPS11000P,18,45,63,0,2,2,7,16,23
RCEE875018,2,40,42,0,11,11,7,16,23
PAEE01205B,2,55,57,1,22,23,8,11,19
CSRI07301Q,52,80,132,8,30,38,24,15,39
VEEE818035,1,44,45,0,7,7,3,22,25
TVEE82401A,5,70,75,0,12,12,4,25,29
CLTD003027,38,67,105,8,17,25,20,15,35
PVEE83401A,9,100,109,5,36,41,5,28,33
AVMM873033,18,31,49,2,6,8,10,18,28
MEEE81604V,4,51,55,0,14,14,8,23,31
FGMM81601P,3,28,31,0,6,6,4,12,16
NAMM8G0018,3,28,31,0,6,6,4,12,16
PVMM81101L,8,21,29,4,9,13,4,21,25
BATA024018,66,84,150,8,24,32,51,53,104
TOTD02401A,43,72,115,9,18,27,7,22,29
RMEE8D301X,0,40,40,0,9,9,1,17,18
VCRH040008,42,73,115,17,27,44,15,31,46
PZMM852011,4,16,20,0,0,0,9,16,25
FRPM08000L,21,64,85,2,7,9,2,18,20
ROEE802029,4,35,39,1,6,7,3,17,20
ORMM820031,14,36,50,1,9,10,1,19,20
PZMM829021,10,16,26,1,2,3,11,12,23
NAEE10301C,1,121,122,0,46,46,18,13,31
GEEE80501V,3,48,51,1,10,11,7,26,33
MIEE8ES016,6,66,72,4,14,18,9,19,28
CNMM862017,26,67,93,11,20,31,12,46,58
COEE82303C,3,53,56,0,14,14,2,22,24
RMPC17000D,19,54,73,1,1,2,11,12,23
NAEE8B902Q,6,54,60,2,20,22,8,19,27
AVEE81202G,4,59,63,2,22,24,6,21,27
BGEE88004V,3,44,47,0,8,8,1,23,24
RCEE83207L,3,55,58,1,10,11,15,15,30
CAEE868011,3,48,51,0,10,10,2,19,21
BSEE88802X,1,43,44,0,4,4,2,23,25
SOEE815038,2,30,32,0,4,4,4,19,23
RNEE818048,1,94,95,0,28,28,7,30,37
ISEE81201P,2,41,43,0,8,8,7,18,25
RCEE83913P,3,73,76,1,19,20,19,15,34
MOEE80603Q,1,21,22,0,2,2,4,9,13
PTEE810017,2,50,52,1,17,18,3,31,34
TESL01201L,43,81,124,3,20,23,3,15,18
SSEE82009L,4,54,58,1,10,11,10,25,35
PIPC00701T,39,84,123,5,11,16,11,19,30
PCEE819016,4,25,29,1,1,2,8,17,25
AGMM812039,27,24,51,4,2,6,18,8,26
MIRC089517,77,117,194,28,44,72,0,0,0
VVEE80312P,3,44,47,1,8,9,17,13,30
SRTF014014,62,54,116,7,9,16,19,18,37
GREE828017,3,41,44,0,9,9,7,18,25
BNEE86002R,3,66,69,1,14,15,4,23,27
MIEE8D801E,2,51,53,0,17,17,1,21,22
AQEE82101D,0,34,34,0,10,10,5,13,18
LOEE81201B,3,82,85,1,16,17,7,28,35
CBTH01801L,36,81,117,7,23,30,14,18,32
NAEE8DR032,4,72,76,0,26,26,8,20,28
TAEE85501P,1,37,38,0,8,8,7,10,17
RMEE8DL032,6,130,136,2,43,45,9,29,38
IMEE80803X,5,44,49,2,6,8,3,23,26
RGEE011005,2,63,65,0,15,15,9,19,28
NUTD10050R,35,61,96,7,14,21,4,15,19
COMM84203R,3,29,32,1,7,8,4,19,23
ROEE81902P,3,29,32,1,7,8,4,19,23
MOEE82903C,1,63,64,0,13,13,3,26,29
NATH01250Q,41,56,97,6,13,19,0,0,0
MSEE81201G,0,48,48,0,19,19,2,20,22
MIEE8FH01Q,7,86,93,3,18,21,4,26,30
TRTF03050B,65,89,154,5,17,22,15,28,43
BIEE81201T,4,35,39,1,9,10,6,23,29
ORPC00801P,33,66,99,6,6,12,29,30,59
BGEE84902R,2,69,71,1,22,23,5,17,22
MEEE83402A,6,46,52,4,4,8,11,13,24
VIMM89002L,8,30,38,3,8,11,3,22,25
ANEE80401E,4,60,64,0,19,19,3,27,30
SARC110001,5,3,8,0,0,0,2,5,7
CATD028529,45,72,117,5,20,25,0,0,0
RMEE84601B,4,73,77,1,26,27,2,17,19
ANEE843037,3,71,74,1,16,17,3,29,32
VRPC01000C,30,76,106,2,3,5,6,25,31
SSEE02504G,7,87,94,4,29,33,2,28,30
NUPC00701B,33,73,106,3,2,5,5,24,29
NAEE18306E,33,73,106,3,2,5,5,24,29
MOTF030004,57,77,134,5,9,14,14,22,36
PCMM805017,10,29,39,1,8,9,5,25,30
LUEE831012,4,43,47,0,9,9,1,27,28
LOEE80404G,0,61,61,0,9,9,4,23,27
BAMM146003,11,55,66,1,12,13,2,14,16
ANTF018013,43,58,101,5,16,21,10,24,34
UDEE848017,2,63,65,0,20,20,7,25,32
VIEE80903N,2,50,52,0,10,10,4,20,24
SAMM857018,6,40,46,0,11,11,15,16,31
SIEE81203G,1,67,68,0,18,18,4,34,38
CTEE836016,2,52,54,0,15,15,6,19,25
TOPS064011,49,127,176,9,24,33,20,34,54
CNEE80704V,2,58,60,1,13,14,6,25,31
VREE81401B,2,53,55,1,19,20,4,22,26
MIEE85501N,7,86,93,3,22,25,2,29,31
MIMM845012,9,30,39,4,5,9,4,24,28
RMTF053015,29,76,105,4,28,32,8,21,29
LUTD00451B,29,76,105,4,28,32,8,21,29
RMPS200007,21,69,90,2,4,6,8,17,25
CAEE88805A,3,36,39,0,11,11,8,22,30
TOTF043012,62,73,135,10,12,22,14,17,31
FREE831031,2,52,54,1,18,19,3,21,24
TSMM806012,9,30,39,0,4,4,5,37,42
VEPC01000R,23,44,67,0,1,1,0,0,0
MIEE8AU03D,10,68,78,5,17,22,7,21,28
PSPS00101T,25,42,67,4,10,14,10,25,35
VARI008515,146,129,275,15,29,44,0,0,0
VEEE871021,6,70,76,1,14,15,8,20,28
BSEE85401Q,3,71,74,0,12,12,6,33,39
TREE81401E,2,50,52,0,11,11,1,17,18
CEMM813016,4,20,24,1,3,4,9,9,18
GEMM833012,7,33,40,3,15,18,3,19,22
PRTF00701B,51,61,112,3,5,8,14,22,36
TARI021019,70,80,150,11,18,29,10,26,36
RMEE88702P,5,75,80,0,27,27,7,21,28
RMEE8BM01V,0,34,34,0,12,12,0,18,18
PDMM84302N,6,38,44,1,7,8,2,26,28
TORA008016,59,107,166,12,24,36,14,32,46
GOEE814027,5,55,60,3,18,21,6,16,22
FRTD017011,5,55,60,3,18,21,6,16,22
SPEE814018,1,76,77,0,19,19,6,27,33
TVEE82402B,5,70,75,0,12,12,4,25,29
CBEE830026,3,53,56,1,17,18,6,20,26
VAEE849029,2,80,82,0,21,21,7,21,28
CEEE8AU013,2,58,60,1,12,13,7,14,21
NOEE806033,6,54,60,3,13,16,7,23,30
MSRH010005,35,86,121,6,30,36,23,46,69
RCMM863011,6,19,25,3,6,9,11,10,21
NAMM8AW01C,6,30,36,1,4,5,4,11,15
BSEE85001C,2,35,37,0,4,4,9,14,23
SAMM8BD011,9,22,31,0,5,5,16,10,26
SOEE80401Q,3,45,48,2,4,6,5,21,26
MEEE857023,5,59,64,1,11,12,11,22,33
VBEE806033,4,52,56,1,14,15,6,29,35
VAMM873014,6,33,39,3,10,13,6,25,31
CTEE04406B,6,119,125,3,53,56,13,17,30
RCMM86901X,11,42,53,2,10,12,13,19,32
ROMM80703C,10,42,52,2,9,11,6,28,34
NAMM8FQ029,17,31,48,5,10,15,13,13,26
PAEE03407A,5,84,89,3,26,29,10,15,25
PRMM83001R,6,35,41,2,3,5,5,32,37
CHEE818046,1,61,62,0,22,22,7,34,41
MOMM81301Q,7,16,23,2,4,6,1,21,22
MIPC05000V,26,51,77,1,0,1,7,16,23
RMMM8F9013,11,55,66,6,20,26,4,21,25
SIPS03000E,20,54,74,0,1,1,7,14,21
PEEE80602A,2,31,33,0,11,11,4,18,22
FEEE81503B,2,67,69,1,22,23,6,28,34
PEEE82501P,2,29,31,0,10,10,6,13,19
LTEE80203L,2,80,82,0,34,34,6,21,27
BGEE89602A,2,49,51,1,12,13,10,13,23
PRMM81002L,11,20,31,2,3,5,6,18,24
RGEE81801X,0,36,36,0,8,8,10,11,21
SVPC00801R,37,95,132,6,14,20,8,27,35
TOEE81804T,4,36,40,0,4,4,13,20,33
AVEE00506N,1,88,89,0,23,23,12,18,30
CREE812024,5,74,79,3,19,22,7,27,34
RCEE821032,0,47,47,0,11,11,18,8,26
NOEE82007D,1,62,63,1,15,16,15,23,38
PAEE85303E,0,42,42,0,12,12,10,8,18
RNRH030001,36,76,112,5,23,28,10,25,35
ISMM81204R,8,18,26,0,5,5,7,18,25
CTEE89902A,5,60,65,3,30,33,5,16,21
PTMM80701A,8,33,41,3,10,13,3,23,26
COEE846024,6,56,62,3,12,15,4,22,26
AGMM805025,15,26,41,1,4,5,12,13,25
CTTN008018,35,82,117,10,27,37,15,14,29
PDEE896016,4,93,97,2,19,21,11,29,40
SVEE80304B,2,50,52,0,11,11,5,28,33
CRMM817026,11,32,43,3,13,16,10,23,33
FREE81601R,0,46,46,0,15,15,7,26,33
ORMM803015,7,15,22,0,2,2,7,16,23
MCEE80205R,7,15,22,0,2,2,7,16,23
MIEE8BU023,6,72,78,4,15,19,2,29,31
CTEE81901C,0,53,53,0,20,20,5,16,21
SVMM803028,4,26,30,2,6,8,5,28,33
CRTF01102V,67,142,209,18,47,65,15,34,49
NAMM8GZ01P,4,17,21,2,7,9,8,18,26
CTMM8A701Q,19,56,75,3,11,14,7,18,25
AREE827046,2,51,53,1,17,18,4,19,23
BRMM83501T,3,30,33,0,6,6,11,13,24
AGRI017015,56,73,129,3,13,16,21,14,35
NAPS84000X,17,65,82,0,2,2,8,17,25
CTTF033019,80,89,169,5,24,29,16,23,39
NARI082019,29,108,137,4,21,25,11,16,27
TVEE862015,3,54,57,0,11,11,6,21,27
FGEE83802N,2,50,52,0,8,8,12,11,23
CSEE861061,1,35,36,0,3,3,9,11,20
BAEE088009,2,68,70,0,28,28,10,9,19
TOMM83801V,8,23,31,5,8,13,5,24,29
BREE821011,1,38,39,0,11,11,8,10,18
BREE83201B,2,52,54,0,14,14,6,20,26
SAMM83801V,11,36,47,1,11,12,8,22,30
SATF077015,41,79,120,4,25,29,20,18,38
VREE83801X,2,41,43,1,10,11,5,13,18
NAEE03802G,2,107,109,1,20,21,13,19,32
PZMM85901Q,11,16,27,1,2,3,7,17,24
ARRH01601V,32,44,76,5,14,19,20,36,56
FGPS04801Q,53,81,134,4,22,26,14,20,34
VIMM81001P,16,33,49,4,5,9,6,27,33
FIMM82301E,8,33,41,3,6,9,3,28,31
AQEE83404P,0,54,54,0,16,16,13,19,32
BLMM80901V,7,23,30,2,7,9,5,16,21
CORH004028,50,85,135,7,24,31,19,25,44
BSEE881025,3,54,57,0,15,15,3,25,28
PGEE85301D,4,79,83,2,31,33,5,22,27
GEEE84302P,2,50,52,0,11,11,3,26,29
RMEE8A702C,4,112,116,0,47,47,5,28,33
MIEE845024,4,63,67,1,9,10,4,24,28
NUEE835016,1,32,33,0,6,6,4,20,24
VIMM81501T,11,31,42,2,6,8,6,16,22
PSTD10000N,47,68,115,4,10,14,15,18,33
CREE80001R,4,70,74,1,24,25,6,32,38
LURC01201N,40,86,126,1,23,24,6,26,32
SREE86403L,1,26,27,0,6,6,6,14,20
BOEE855011,9,63,72,1,15,16,10,20,30
VAEE87803A,3,93,96,2,21,23,5,26,31
TOEE89701Q,7,88,95,5,25,30,5,39,44
LOMM806046,8,30,38,1,8,9,4,24,28
LEEE810039,3,64,67,0,12,12,22,10,32
VATF008512,146,129,275,15,29,44,0,0,0
VEEE87202R,7,60,67,2,15,17,10,19,29
RMMM877012,8,27,35,1,7,8,2,17,19
GRTF00301D,32,54,86,3,14,17,12,37,49
NAEE8CC01A,0,48,48,0,11,11,8,14,22
RMSL07000L,42,92,134,7,25,32,15,19,34
TREE816027,6,41,47,1,9,10,6,23,29
CARH002501,57,142,199,21,66,87,0,0,0
CSEE849048,2,39,41,0,9,9,14,14,28
NAEE8D8014,1,30,31,0,6,6,5,11,16
CSMM885017,8,14,22,1,2,3,3,13,16
RCMM85203L,14,31,45,3,6,9,10,17,27
MBEE878017,8,71,79,5,17,22,4,23,27
KREE81704G,1,37,38,0,3,3,12,14,26
TPEE81907P,3,39,42,0,12,12,3,19,22
PVEE82505Q,2,91,93,2,25,27,9,32,41
NAEE21901V,1,78,79,1,25,26,9,18,27
MOTF01801E,89,116,205,8,16,24,21,36,57
PDEE84403G,1,64,65,0,9,9,10,22,32
PCEE00305T,3,106,109,1,21,22,2,29,31
VEEE83701C,1,66,67,0,15,15,3,27,30
PDMM890016,11,40,51,1,11,12,7,24,31
RMEE898014,6,60,66,3,21,24,8,23,31
LCTD00801A,35,59,94,3,10,13,5,20,25
BAPS370006,19,60,79,0,2,2,7,18,25
SAEE80901X,3,24,27,1,4,5,5,15,20
UDMM83702R,12,25,37,4,5,9,1,26,27
FRRH01901E,54,118,172,6,45,51,13,31,44
NOMM806021,10,31,41,4,5,9,7,23,30
CNPS07000P,27,68,95,0,2,2,6,24,30
CHEE82702V,0,64,64,0,18,18,5,21,26
BAEE88101E,2,49,51,1,10,11,9,11,20
BSEE86904L,6,62,68,1,9,10,19,18,37
SAEE8AV039,1,25,26,0,3,3,5,9,14
PAMM8AW01C,19,38,57,12,11,23,10,11,21
VCEE80702C,1,46,47,0,9,9,6,23,29
VAMM84102N,11,33,44,4,6,10,10,25,35
TVEE842043,1,60,61,0,13,13,4,21,25
RMTF12101E,91,114,205,15,23,38,16,26,42
NATF139516,49,72,121,4,25,29,0,0,0
BGEE82301G,3,63,66,1,21,22,2,21,23
LEPM01000Q,14,99,113,1,8,9,9,20,29
RMMM8DX016,6,24,30,2,9,11,4,25,29
RCMM855023,6,54,60,2,15,17,19,11,30
VCMM802028,8,22,30,5,4,9,9,23,32
UDEE81207P,3,60,63,1,10,11,5,29,34
AQRI007509,65,94,159,15,41,56,0,0,0
FEMM816014,6,25,31,1,3,4,5,18,23
CAMM87701P,11,37,48,4,14,18,12,34,46
CHRI01801R,53,102,155,8,37,45,17,23,40
LCEE823069,5,106,111,2,28,30,6,43,49
MITD51000Q,45,74,119,6,9,15,6,23,29
VEEE825016,3,89,92,0,16,16,5,38,43
PZPS08000N,23,65,88,1,4,5,0,0,0
TARF04101G,74,107,181,12,27,39,21,24,45
FIEE85103T,3,59,62,0,12,12,6,16,22
APEE818024,4,72,76,1,16,17,10,24,34
AVEE00509R,1,88,89,0,23,23,12,18,30
PAMM8AD04X,1,88,89,0,23,23,12,18,30
MEMM864014,9,21,30,4,9,13,7,17,24
NAEE8GJ026,1,36,37,0,10,10,9,7,16
CSRI066512,57,67,124,8,27,35,0,0,0
BIMM81801Q,8,30,38,4,9,13,8,22,30
MBEE835019,1,60,61,0,18,18,5,23,28
BIRI007025,1,60,61,0,18,18,5,23,28
PDEE86504N,3,63,66,1,15,16,7,18,25
OREE803016,1,31,32,0,9,9,7,16,23
TAEE838011,1,31,32,0,9,9,7,16,23
ORMM812054,8,32,40,1,8,9,2,32,34
NATF01050L,35,75,110,4,22,26,11,19,30
MSSD01451G,35,75,110,4,22,26,11,19,30
NAEE139017,5,95,100,4,33,37,8,17,25
MIMM8EK015,15,49,64,9,11,20,8,23,31
CHEE10001Q,0,24,24,0,9,9,0,0,0
BSEE8AN026,5,53,58,3,10,13,4,22,26
CTMM01300C,3,11,14,0,2,2,0,0,0
MBMM8F601X,11,37,48,3,11,14,4,29,33
SSRI022502,39,35,74,5,9,14,0,0,0
SOEE82006V,3,87,90,0,13,13,10,25,35
VTMM819014,11,25,36,3,7,10,3,20,23
CTTD03401V,25,73,98,8,24,32,10,15,25
BGRC03801A,37,91,128,4,17,21,16,18,34
VRMM830018,14,38,52,4,12,16,3,26,29
LEEE83001C,2,41,43,0,8,8,14,7,21
NAPS55000X,22,77,99,2,14,16,11,13,24
FOPM002019,47,91,138,7,21,28,14,28,42
FREE858031,0,52,52,0,21,21,3,24,27
CSMM815033,11,31,42,2,5,7,18,11,29
RNMM817018,5,45,50,0,6,6,11,24,35
LCMM808011,7,26,33,3,4,7,6,18,24
VAMM807015,4,15,19,1,4,5,2,12,14
MBEE8AM02N,7,63,70,5,15,20,7,21,28
MSEE81901A,3,47,50,1,15,16,2,27,29
LEMM84201N,5,17,22,1,6,7,9,9,18
SOEE80901V,2,43,45,0,5,5,8,18,26
SAEE89302D,2,44,46,0,13,13,10,8,18
CAEE875047,1,46,47,0,8,8,3,24,27
PGMM86001G,15,43,58,5,12,17,5,24,29
BOEE07201Q,3,67,70,1,15,16,6,19,25
VREE844028,4,53,57,2,18,20,2,18,20
FGRC008506,89,170,259,25,85,110,0,0,0
SIEE828046,0,78,78,0,26,26,7,28,35
VREE845057,6,66,72,3,13,16,4,38,42
MIEE8FA022,8,99,107,2,24,26,7,25,32
GEMM85501V,7,56,63,2,13,15,6,28,34
VIEE88405D,3,88,91,1,13,14,8,27,35
NAEE8FJ02G,2,22,24,0,2,2,13,10,23
CTEE8BC014,1,82,83,1,24,25,8,17,25
GEMM85001Q,16,64,80,4,20,24,10,35,45
TPEE83502B,4,55,59,2,22,24,6,18,24
ANMM83702T,11,36,47,4,8,12,7,28,35
FIEE83001P,1,33,34,0,4,4,3,17,20
POEE80703Q,2,47,49,0,6,6,4,27,31
VIMM86201B,10,29,39,5,10,15,4,21,25
PGEE82804X,0,41,41,0,9,9,7,20,27
CTEE8AR08Q,1,51,52,0,11,11,9,19,28
RMEE71101G,1,51,52,0,11,11,9,19,28
PIEE81402L,4,53,57,3,21,24,6,20,26
ORTD006023,4,53,57,3,21,24,6,20,26
GEEE86001B,5,77,82,1,16,17,9,21,30
TOEE8B701D,6,67,73,5,21,26,11,32,43
CERH03201V,50,108,158,8,39,47,23,22,45
RMEE8GM01G,2,114,116,1,32,33,6,23,29
TOEE89303E,2,49,51,0,13,13,4,28,32
BNRC00802R,2,49,51,0,13,13,4,28,32
ALTF08050C,54,88,142,3,5,8,14,39,53
AVEE70301V,54,88,142,3,5,8,14,39,53
TOMM8A101V,10,33,43,4,15,19,11,23,34
PGMM21300Q,20,62,82,5,11,16,6,13,19
LEEE881019,0,38,38,0,8,8,12,6,18
CAMM83001D,19,31,50,5,9,14,9,22,31
SRSD016014,46,75,121,6,15,21,24,20,44
BNMM86001P,5,25,30,0,13,13,4,23,27
CSEE84802A,1,16,17,0,2,2,13,11,24
VEMM846016,5,16,21,1,2,3,7,16,23
FIEE813033,7,77,84,2,18,20,10,21,31
TOEE887015,4,81,85,1,28,29,11,29,40
RNMM80902A,12,34,46,4,12,16,3,28,31
FGEE851013,1,21,22,0,2,2,3,14,17
CNTL02202N,34,81,115,4,10,14,5,30,35
SAEE8AQ04T,0,15,15,0,1,1,3,9,12
TVEE854016,2,78,80,0,21,21,10,21,31
PAEE87801R,3,29,32,1,9,10,12,8,20
LTEE855046,4,59,63,2,18,20,13,15,28
TOMM8BV01R,12,42,54,3,13,16,9,35,44
ALEE80606R,3,44,47,1,7,8,1,27,28
MOMM816017,4,16,20,0,3,3,6,16,22
SARA01011N,71,113,184,10,50,60,25,20,45
CEEE8A806G,2,42,44,1,6,7,12,10,22
RIEE82502R,5,80,85,2,24,26,5,32,37
LTEE805023,3,52,55,2,21,23,6,21,27
RCEE846018,4,46,50,0,7,7,18,11,29
ATEE70001R,4,46,50,0,7,7,18,11,29
CSEE8AM038,1,84,85,0,21,21,16,12,28
CEEE8AR016,4,68,72,2,20,22,13,14,27
ALMM83601A,19,33,52,5,13,18,7,19,26
RERI011018,104,104,208,11,15,26,20,46,66
PDEE85303A,2,63,65,1,13,14,6,26,32
ARMM834015,8,26,34,4,10,14,2,24,26
AQEE83901P,1,33,34,1,10,11,8,15,23
SSEE70201T,1,33,34,1,10,11,8,15,23
SSEE84002E,1,33,34,1,10,11,8,15,23
TPEE058003,3,57,60,1,15,16,13,7,20
NAEE8BW017,3,53,56,1,10,11,16,10,26
GOMM813019,7,33,40,2,7,9,4,20,24
BSMM87501Q,20,34,54,1,6,7,3,26,29
APEE83502T,5,79,84,2,15,17,3,34,37
PDRH01000G,39,66,105,6,20,26,15,20,35
CLTD00352L,38,67,105,8,17,25,0,0,0
CZTA02154G,39,55,94,5,23,28,0,0,0
SAEE8A504A,3,44,47,1,14,15,12,11,23
AVMM873011,18,31,49,2,6,8,10,18,28
PVEE81101N,4,57,61,3,18,21,4,21,25
TPEE80901T,3,42,45,1,13,14,6,15,21
TATD039015,70,117,187,13,50,63,26,24,50
COEE80604Q,2,27,29,1,3,4,3,17,20
LCMM829012,7,35,42,2,9,11,2,20,22
NAMM8D2014,6,24,30,3,12,15,11,12,23
PTEE82803E,4,90,94,1,26,27,4,33,37
MBMM866021,9,33,42,2,5,7,4,22,26
NAEE10300B,1,121,122,0,46,46,18,13,31
CNEE85302E,1,49,50,0,14,14,5,21,26
RIMM80901R,8,13,21,3,2,5,1,17,18
VCPS01701E,25,56,81,2,9,11,7,15,22
CNEE86204B,3,123,126,0,46,46,12,46,58
RMPS24000N,24,68,92,2,4,6,8,18,26
MSRI006023,72,133,205,19,53,72,15,29,44
NAMM8D1018,10,23,33,4,9,13,11,15,26
SAEE8A0069,1,48,49,0,12,12,12,12,24
BSEE84201D,2,35,37,2,6,8,7,16,23
PDEE838027,5,71,76,1,13,14,5,28,33
BGEE88002R,3,44,47,0,8,8,1,23,24
CAEE89302P,3,44,47,0,8,8,1,23,24
MEMM849023,9,16,25,3,2,5,13,12,25
BSMM88802V,3,28,31,0,4,4,2,23,25
CLMM029001,23,76,99,10,30,40,7,16,23
AQTD08000L,8,25,33,2,7,9,1,8,9
MIEE8AU02C,10,68,78,5,17,22,7,21,28
CSTA06450D,59,82,141,5,36,41,0,0,0
UDPM01901R,37,81,118,7,9,16,8,23,31
AGMM82901L,16,40,56,6,15,21,17,12,29
FRRH007029,16,40,56,6,15,21,17,12,29
GETD030508,16,40,56,6,15,21,17,12,29
CSTD07301A,52,80,132,8,30,38,24,15,39
SSMM82008E,11,31,42,0,4,4,10,25,35
PAEE8AS027,3,59,62,1,14,15,16,12,28
FREE82504P,1,56,57,0,17,17,2,26,28
PCMM819026,8,16,24,2,1,3,8,17,25
COEE83502N,1,60,61,0,16,16,5,18,23
FGMM81602Q,3,28,31,0,6,6,4,12,16
MOMM85001P,9,32,41,1,9,10,12,24,36
CTEE867074,9,79,88,3,39,42,11,15,26
BLEE81402C,2,40,42,0,5,5,5,12,17
TRMM81401D,5,31,36,1,7,8,1,17,18
FRMM856016,11,44,55,5,7,12,6,24,30
BARH024501,66,84,150,8,24,32,0,0,0
VCPS021016,48,72,120,9,14,23,13,21,34
BRMM80801D,9,16,25,2,2,4,10,12,22
SAMM887014,9,27,36,1,7,8,5,16,21
GREE828028,3,41,44,0,9,9,7,18,25
AQEE829036,3,49,52,0,13,13,1,26,27
BOMM82201L,13,43,56,3,10,13,6,11,17
RCMM870014,3,33,36,0,12,12,10,5,15
LOEE81204E,3,82,85,1,16,17,7,28,35
PZEE829022,2,33,35,0,7,7,11,12,23
PETD070011,2,33,35,0,7,7,11,12,23
CHMM81902V,6,23,29,1,8,9,6,21,27
LUEE81301C,2,42,44,1,9,10,2,22,24
RMMM8DL01V,5,24,29,2,6,8,9,29,38
BNEE819048,1,26,27,0,8,8,8,11,19
CTPM03000Q,30,157,187,2,34,36,19,25,44
CSMM85402L,5,14,19,1,3,4,5,15,20
RNEE818015,1,94,95,0,28,28,7,30,37
MIMM8FX01V,16,50,66,3,6,9,9,20,29
ALEE81605A,3,52,55,0,15,15,8,25,33
BGMM862015,6,20,26,2,5,7,5,16,21
BGMM84903R,15,31,46,5,9,14,5,17,22
ANMM80401D,7,25,32,1,8,9,3,27,30
ANTD00401V,38,63,101,6,14,20,10,29,39
CATF031022,103,88,191,10,25,35,21,23,44
REEE826029,1,39,40,1,4,5,1,22,23
ANMM843014,8,36,44,2,12,14,3,29,32
PAEE81604L,3,47,50,2,8,10,19,8,27
VRPC020003,28,79,107,0,0,0,8,20,28
SSEE02501C,7,87,94,4,29,33,2,28,30
RMEE820017,4,64,68,1,20,21,5,19,24
FREE843015,3,52,55,0,11,11,6,27,33
BAEE55901P,3,52,55,0,11,11,6,27,33
CTEE82604P,2,46,48,1,9,10,2,25,27
BAMM06300X,15,45,60,3,7,10,4,10,14
ANRH01901E,64,113,177,14,38,52,21,40,61
UDEE856038,8,95,103,3,21,24,4,23,27
RMMM892014,8,48,56,2,14,16,7,13,20
MOEE82901A,1,63,64,0,13,13,3,26,29
CAEE016019,5,25,30,0,3,3,0,0,0
ORRA00851R,33,66,99,6,6,12,0,0,0
LEMM8AP044,14,21,35,3,4,7,11,11,22
BAEE162013,4,55,59,1,14,15,6,18,24
GEEE861028,2,58,60,2,5,7,9,17,26
VIEE89001L,2,37,39,0,5,5,3,22,25
PIMM824037,7,23,30,2,5,7,6,19,25
PSEE831015,3,43,46,1,9,10,7,30,37
CTRA016013,69,100,169,7,46,53,19,21,40
CTMM836015,2,30,32,1,9,10,6,19,25
NUEE82403T,2,29,31,1,7,8,3,15,18
PDPM001015,49,86,135,9,8,17,8,19,27
RMEE847028,9,80,89,2,25,27,8,16,24
BLEE831026,4,68,72,2,19,21,9,21,30
PGEE833029,3,38,41,0,11,11,2,17,19
TOEE8BR015,7,73,80,5,24,29,7,34,41
CSEE86301B,2,18,20,1,2,3,9,6,15
MCEE83102N,3,32,35,1,7,8,3,25,28
FEEE823029,8,59,67,0,13,13,8,20,28
TOPS04301X,62,73,135,10,12,22,14,17,31
VREE861011,1,46,47,0,6,6,4,17,21
VEPC050007,42,72,114,0,1,1,8,21,29
LTEE81502N,3,80,83,2,27,29,7,24,31
PNEE828012,2,75,77,0,13,13,2,31,33
TVEE86102A,2,47,49,0,6,6,3,21,24
AREE826028,3,34,37,0,9,9,3,14,17
VREE81403D,2,53,55,1,19,20,4,22,26
ATMM810028,13,38,51,4,11,15,4,30,34
BGTF023016,42,55,97,3,8,11,13,21,34
VREE86802R,9,107,116,4,24,28,5,35,40
RCEE843051,1,48,49,1,10,11,9,18,27
BNEE83705V,2,48,50,1,13,14,13,11,24
ATEE81505G,4,49,53,0,12,12,10,31,41
NAEE03801E,2,107,109,1,20,21,13,19,32
LUMM814017,7,15,22,0,4,4,4,16,20
GOEE814049,5,55,60,3,18,21,6,16,22
SPMM814017,10,51,61,1,18,19,6,27,33
RMSL04801C,37,108,145,8,31,39,10,26,36
BSEE854072,3,71,74,0,12,12,6,33,39
MSRH01050E,35,86,121,6,30,36,23,46,69
TPEE82101C,3,103,106,1,29,30,21,11,32
TREE816016,6,41,47,1,9,10,6,23,29
COTF00401G,50,85,135,7,24,31,19,25,44
GEEE854014,5,85,90,2,18,20,8,27,35
SAEE162105,5,85,90,2,18,20,8,27,35
TPMM810011,9,47,56,3,14,17,6,13,19
FRPM12000T,14,51,65,0,8,8,0,0,0
APMM805076,5,16,21,0,1,1,0,0,0
PRPS007019,51,61,112,3,5,8,14,22,36
CSPS02701R,29,39,68,3,6,9,16,6,22
CEMM86201B,9,28,37,1,13,14,12,7,19
TATD02101X,70,80,150,11,18,29,10,26,36
PZMM848019,7,21,28,0,5,5,9,17,26
FREE829031,1,46,47,1,6,7,10,35,45
NAMM8CZ018,4,20,24,2,4,6,7,13,20
PTTA010004,33,75,108,11,30,41,20,32,52
SAEE8A0036,1,48,49,0,12,12,12,12,24
RGPM00401G,55,97,152,2,10,12,16,19,35
AVEE81204N,4,59,63,2,22,24,6,21,27
SIRH03050N,26,54,80,11,15,26,9,14,23
PDEE84302P,3,53,56,0,8,8,2,26,28
TOEE8CG036,6,87,93,2,15,17,1,50,51
PAEE8AQ037,2,58,60,1,14,15,13,12,25
PVEE81601R,3,38,41,0,8,8,3,18,21
BAEE89402N,2,58,60,0,13,13,4,17,21
PAEE054008,5,63,68,4,29,33,9,12,21
RCEE83203C,3,55,58,1,10,11,15,15,30
TVMM833014,4,30,34,0,4,4,4,23,27
FEMM815029,10,31,41,3,5,8,6,28,34
TEPC01201L,43,81,124,3,20,23,3,15,18
VEPS002012,48,84,132,5,9,14,10,28,38
BREE04000A,1,78,79,0,28,28,6,20,26
GRRC00301X,1,78,79,0,28,28,6,20,26
AQEE82601L,2,33,35,1,9,10,6,22,28
FGEE86203G,4,83,87,3,35,38,11,12,23
SVTH009019,74,112,186,8,18,26,17,35,52
MOEE85002R,5,92,97,1,21,22,12,24,36
NAEE8AF01L,4,53,57,1,20,21,11,11,22
RCEE862049,2,51,53,1,14,15,20,5,25
NAEE8AW01D,0,20,20,0,7,7,4,11,15
AVEE00500B,1,88,89,0,23,23,12,18,30
CREE812046,5,74,79,3,19,22,7,27,34
BAMM81901T,2,33,35,1,12,13,7,15,22
VTPS00401X,26,79,105,1,22,23,6,17,23
RCEE821065,0,47,47,0,11,11,18,8,26
PAEE85301C,0,42,42,0,12,12,10,8,18
RNRI010007,47,58,105,2,17,19,11,18,29
MOMM81302R,7,16,23,2,4,6,1,21,22
AQEE81903G,1,9,10,0,2,2,1,8,9
COMM84201P,3,29,32,1,7,8,4,19,23
MEEE83304L,3,57,60,0,16,16,9,24,33
POTL002019,66,127,193,13,37,50,14,25,39
COMM846012,7,37,44,0,10,10,4,22,26
SVEE803029,2,50,52,0,11,11,5,28,33
MBMM8F5014,12,53,65,5,15,20,6,26,32
MSEE81202L,0,48,48,0,19,19,2,20,22
TVEE813032,1,66,67,0,10,10,5,27,32
PEEE83901L,0,34,34,0,13,13,5,16,21
PIEE82602V,3,62,65,1,19,20,4,24,28
SSRH018521,45,61,106,13,19,32,0,0,0
MEMM834029,3,27,30,0,5,5,11,13,24
RMMM8DZ03X,20,48,68,11,16,27,11,24,35
MISL020003,22,83,105,1,18,19,13,14,27
RMMM8FG01B,3,37,40,0,13,13,5,22,27
TOEE81803R,4,36,40,0,4,4,13,20,33
CSEE850019,3,29,32,1,7,8,8,15,23
AGRI01750D,56,73,129,3,13,16,0,0,0
VEEE855056,0,63,63,0,15,15,9,28,37
TAEE84601X,2,38,40,1,10,11,7,15,22
NOEE820039,1,62,63,1,15,16,15,23,38
TVEE862037,3,54,57,0,11,11,6,21,27
MSEE822038,4,62,66,1,20,21,4,23,27
TEEE83501X,0,61,61,0,24,24,4,26,30
MSEE81704T,1,68,69,0,24,24,3,26,29
NAEE8EU03D,2,77,79,0,32,32,10,17,27
VTEE82402N,1,45,46,0,12,12,6,14,20
BNMM849032,9,29,38,2,4,6,7,17,24
BRMM83101E,14,40,54,3,11,14,14,17,31
SAEE8AK01Q,0,21,21,0,1,1,5,9,14
PATD01301A,46,59,105,7,17,24,25,9,34
GREE81102V,2,64,66,1,15,16,4,24,28
MIPS012018,45,100,145,5,3,8,7,31,38
RMEE85802P,6,60,66,2,16,18,3,25,28
NUMM823031,5,11,16,0,0,0,6,13,19
PAEE830083,5,33,38,0,3,3,11,13,24
PZEE85902T,0,37,37,0,3,3,7,17,24
CSEE8AG01N,1,66,67,1,23,24,12,11,23
VIMM80902G,9,35,44,3,7,10,4,20,24
VETD030001,33,77,110,2,8,10,10,24,34
TREE00918V,2,61,63,0,21,21,4,19,23
FOEE821015,3,50,53,1,12,13,1,22,23
BORA00601T,60,88,148,10,35,45,16,20,36
MCMM00200G,4,28,32,1,6,7,0,0,0
VTEE81702E,4,42,46,1,15,16,5,24,29
CTEE8A6011,2,61,63,0,26,26,6,22,28
BSEE89302B,6,86,92,0,17,17,7,31,38
BRMM83201A,12,28,40,1,8,9,6,20,26
BSMM881013,15,43,58,5,7,12,3,25,28
PGMM85301C,11,31,42,4,11,15,5,22,27
RMMM8A701A,12,39,51,7,15,22,5,28,33
APEE818035,4,72,76,1,16,17,10,24,34
CSPS020001,13,47,60,0,3,3,7,17,24
RGTD03002X,29,66,95,0,6,6,13,18,31
CREE805021,8,95,103,3,25,28,5,41,46
NOTA00301B,51,91,142,9,41,50,19,18,37
SAEE838021,3,75,78,0,24,24,8,22,30
PSEE83605C,1,44,45,1,11,12,4,23,27
LCMM806019,8,15,23,1,3,4,6,14,20
CAEE817014,0,20,20,0,5,5,5,10,15
ARMM83202E,4,22,26,2,5,7,3,17,20
MIPS08101P,22,78,100,3,7,10,12,17,29
TOEE8BK01A,4,76,80,1,15,16,8,28,36
ARRA01602Q,32,44,76,5,14,19,20,36,56
LEEE89801P,2,34,36,1,10,11,12,9,21
RMTA06050X,63,110,173,29,49,78,24,19,43
ATMM809013,14,30,44,3,3,6,9,17,26
CARC00251R,57,142,199,21,66,87,0,0,0
MIMM8B3026,23,30,53,5,7,12,5,29,34
CSMM81803E,5,26,31,0,4,4,8,17,25
UDMM843013,5,28,33,1,8,9,8,24,32
GEEE834031,2,70,72,0,19,19,3,19,22
MBEE8B101B,3,67,70,0,14,14,6,20,26
BSEE860046,3,36,39,0,7,7,2,15,17
RMEE870029,2,48,50,0,10,10,4,24,28
NAEE8EL01G,1,14,15,1,4,5,4,13,17
CTEE09000V,3,48,51,0,16,16,10,11,21
APEE82404D,2,57,59,0,18,18,8,21,29
PCEE00301N,3,106,109,1,21,22,2,29,31
BAPS36000G,16,83,99,1,4,5,9,17,26
CEEE86801B,0,55,55,0,11,11,13,17,30
FRTD01901L,54,118,172,6,45,51,13,31,44
NOEE806044,6,54,60,3,13,16,7,23,30
RGMM07700P,6,54,60,3,13,16,7,23,30
SAEE8AV04A,1,25,26,0,3,3,5,9,14
TVEE842054,1,60,61,0,13,13,4,21,25
RIPC009017,16,75,91,0,1,1,7,34,41
GEEE85004X,7,89,96,3,24,27,10,35,45
NAEE8DS015,3,53,56,2,19,21,12,9,21
LEPC03000R,47,89,136,1,5,6,12,22,34
PDEE89404N,5,72,77,4,11,15,8,32,40
CEMM85901G,5,20,25,1,1,2,10,7,17
ALEE833032,1,77,78,0,25,25,8,28,36
PGEE00201N,8,92,100,2,31,33,13,26,39
CSEE8AX02P,0,38,38,0,10,10,5,13,18
TVEE841036,2,51,53,0,15,15,5,20,25
PDEE890039,6,72,78,0,11,11,7,24,31
LCPS00901A,66,65,131,0,1,1,21,24,45
CHTH018015,53,102,155,8,37,45,17,23,40
LERC04201Q,71,101,172,6,28,34,15,18,33
RCPS060002,18,44,62,0,4,4,16,9,25
MNMM81001G,21,73,94,11,25,36,4,39,43
CAMM83003G,19,31,50,5,9,14,9,22,31
VAEE84106V,6,75,81,2,17,19,10,25,35
FIMM85101P,5,16,21,0,3,3,6,16,22
FEEE82201C,4,51,55,1,11,12,2,23,25
MIMM8EA019,4,17,21,0,4,4,3,18,21
CHEE84302R,3,97,100,0,36,36,6,26,32
MORI02000L,48,60,108,4,15,19,21,27,48
PEEE83201T,3,77,80,1,14,15,8,22,30
MEEE864037,4,58,62,2,23,25,7,17,24
MTEE83502C,2,54,56,0,11,11,15,14,29
BGMM82302G,10,33,43,5,5,10,2,21,23
CSRI06601L,57,67,124,8,27,35,18,13,31
FGEE848017,3,27,30,0,8,8,9,8,17
NAEE8BW028,3,53,56,1,10,11,16,10,26
FIEE85201G,2,64,66,0,14,14,11,20,31
CREE817038,3,59,62,2,18,20,10,23,33
ORMM803037,7,15,22,0,2,2,7,16,23
NATD35050B,7,15,22,0,2,2,7,16,23
GOMM80501A,6,23,29,1,6,7,3,23,26
MSRI014011,62,107,169,15,42,57,10,22,32
CHEE10000P,0,24,24,0,9,9,0,0,0
SVMM804024,2,14,16,0,2,2,5,9,14
TOEE84802G,0,35,35,0,8,8,3,17,20
SSTD02251N,39,35,74,5,9,14,0,0,0
COMM80401X,6,20,26,3,7,10,6,17,23
BGEE83201A,3,62,65,1,10,11,2,25,27
MSEE81904D,3,47,50,1,15,16,2,27,29
BREE818026,3,81,84,0,26,26,10,22,32
MEEE84703D,1,44,45,0,8,8,12,13,25
PDEE86501E,3,63,66,1,15,16,7,18,25
AGEE71101G,3,63,66,1,15,16,7,18,25
APEE83503V,5,79,84,2,15,17,3,34,37
PDPM01000V,22,50,72,0,1,1,5,20,25
LIMM813022,23,57,80,5,14,19,5,26,31
REEE81604R,1,27,28,0,1,1,6,14,20
FRMM85202X,12,18,30,3,4,7,6,20,26
FGEE878035,3,55,58,1,17,18,12,20,32
MBEE8BQ03R,6,67,73,3,7,10,4,26,30
FGPM00701E,42,59,101,6,16,22,15,9,24
CTMM029002,11,54,65,0,12,12,4,8,12
VIEE81005X,2,68,70,2,14,16,6,27,33
VAEE81701R,4,54,58,1,18,19,5,13,18
CTEE86101V,2,42,44,0,12,12,3,19,22
RMEE81001L,5,61,66,1,23,24,8,14,22
MITA036016,41,90,131,9,22,31,8,18,26
BREE812016,1,73,74,0,24,24,12,14,26
MEEE886023,1,72,73,1,17,18,16,28,44
BAMM85201D,9,27,36,6,10,16,9,12,21
PZMM852022,4,16,20,0,0,0,9,16,25
VREE830019,7,78,85,3,14,17,3,26,29
LEEE829029,1,51,52,0,17,17,9,13,22
MIMM8D9019,9,48,57,3,13,16,11,18,29
BSEE88904T,5,72,77,0,13,13,11,20,31
GEEE86004E,5,77,82,1,16,17,9,21,30
VRMM844016,7,27,34,2,5,7,2,18,20
CSMM851047,7,50,57,0,9,9,16,21,37
ANMM80303Q,12,44,56,5,13,18,3,34,37
AVMM70401N,12,44,56,5,13,18,3,34,37
PGMM21400G,18,90,108,4,30,34,3,17,20
NUEE880014,0,43,43,0,5,5,3,20,23
SRPM01601P,46,75,121,6,15,21,24,20,44
MCMM821011,3,25,28,1,8,9,3,18,21
MOMM81901P,9,38,47,5,11,16,7,26,33
ALMM09800N,9,38,47,5,11,16,7,26,33
PNEE815043,2,81,83,1,15,16,1,27,28
RMEE8DT032,1,60,61,0,22,22,4,19,23
CTMM8BC013,3,10,13,1,5,6,8,17,25
LEEE00100C,1,38,39,0,7,7,12,8,20
RGEE81005D,1,43,44,0,11,11,16,17,33
RIEE82004Q,1,58,59,0,12,12,1,40,41
FIEE813022,7,77,84,2,18,20,10,21,31
MEEE86704Q,5,61,66,0,27,27,16,15,31
FGPC023018,46,124,170,8,33,41,16,17,33
GREE70101A,46,124,170,8,33,41,16,17,33
PGEE82802T,0,41,41,0,9,9,7,20,27
PGMM025008,8,20,28,3,9,12,0,0,0
TVMM855011,7,19,26,1,6,7,4,14,18
PGEE87004A,2,57,59,0,18,18,2,32,34
TOEE8BV03X,3,116,119,0,35,35,9,35,44
PVEE82504P,2,91,93,2,25,27,9,32,41
VIMM84402V,6,18,24,1,3,4,4,14,18
VIEE83701Q,0,40,40,0,5,5,3,16,19
MOEE816018,1,33,34,0,5,5,6,16,22
BNPS008017,55,91,146,8,9,17,14,14,28
ALTF080003,54,88,142,3,5,8,14,39,53
TOEE8A101X,5,61,66,2,19,21,11,23,34
SARA01050E,71,113,184,10,50,60,25,20,45
UDEE83702T,1,60,61,0,15,15,1,26,27
CAEE016008,5,25,30,0,3,3,0,0,0
BSEE86905N,6,62,68,1,9,10,19,18,37
LIRI00101D,38,70,108,9,18,27,6,15,21
CSEE8AM027,1,84,85,0,21,21,16,12,28
NAEE147403,2,86,88,0,27,27,10,15,25
TPMM82501P,19,64,83,6,16,22,10,20,30
PVMM830012,18,49,67,9,15,24,4,29,33
NAEE183008,18,49,67,9,15,24,4,29,33
CAEE046004,1,59,60,0,19,19,8,16,24
AQEE83903R,1,33,34,1,10,11,8,15,23
VBTD002012,46,75,121,4,17,21,9,20,29
BAMM059008,12,58,70,0,9,9,2,15,17
UDEE856049,8,95,103,3,21,24,4,23,27
TAEE815029,1,30,31,0,9,9,4,12,16
UDMM848016,5,33,38,1,2,3,7,25,32
GEEE82404B,3,55,58,1,10,11,3,25,28
CRPS00901Q,69,113,182,5,9,14,21,42,63
CZSL02101E,69,113,182,5,9,14,21,42,63
BGPS016011,68,75,143,2,4,6,13,28,41
BNMM843011,2,29,31,0,11,11,7,17,24
NAEE8DC011,4,81,85,2,28,30,4,24,28
IMMM81701G,8,30,38,2,5,7,6,23,29
ATMM70001Q,8,30,38,2,5,7,6,23,29
RMEE8E201P,3,43,46,2,16,18,3,12,15
AVRI00901C,23,48,71,4,9,13,9,8,17
ALEE82805L,4,94,98,3,39,42,10,25,35
LCRI01201B,65,75,140,4,21,25,23,29,52
TAEE80501N,0,36,36,0,9,9,4,9,13
LCMM829023,7,35,42,2,9,11,2,20,22
VEEE80801C,1,60,61,0,8,8,3,22,25
PTEE82802D,4,90,94,1,26,27,4,33,37
PCMM814023,10,24,34,4,2,6,5,19,24
SVEE81501E,3,83,86,1,21,22,6,29,35
SSEE84102A,3,70,73,0,23,23,7,24,31
RMPS26000V,16,77,93,1,2,3,8,21,29
FEMM823017,7,29,36,1,7,8,8,20,28
GOEE81304D,5,48,53,0,19,19,4,20,24
BSEE89802E,5,73,78,1,15,16,10,22,32
MNEE81602L,3,51,54,2,13,15,1,28,29
AQSL01000B,19,22,41,0,8,8,0,0,0
MIMM8AU01D,6,22,28,2,6,8,7,21,28
CSTF064528,59,82,141,5,36,41,0,0,0
MITD05701N,16,83,99,0,8,8,8,17,25
GETH020002,79,68,147,5,6,11,14,28,42
APMM83101C,13,27,40,6,3,9,4,22,26
CSRI073515,52,80,132,8,30,38,0,0,0
CSMM82403T,13,18,31,2,4,6,5,17,22
PCMM00400B,26,85,111,9,13,22,7,23,30
SAMM8A5016,14,36,50,3,8,11,12,11,23
NARI09752D,35,82,117,5,25,30,0,0,0
PARH04151T,49,90,139,10,45,55,0,0,0
PVMM81102N,8,21,29,4,9,13,4,21,25
NAEE105014,2,93,95,0,37,37,5,18,23
BATD016504,47,73,120,4,17,21,0,0,0
VCTF021018,48,72,120,9,14,23,13,21,34
PAPC09000Q,27,60,87,1,3,4,17,13,30
ROEE80203A,4,35,39,1,6,7,3,17,20
NAPS540009,21,72,93,1,5,6,12,13,25
LUMM81301B,5,25,30,0,8,8,2,22,24
NAPS059013,30,97,127,6,35,41,8,19,27
VIRI03002Q,66,93,159,4,15,19,9,31,40
VCTD01701A,25,56,81,2,9,11,7,15,22
CTPM03001R,30,157,187,2,34,36,19,25,44
MBPS042011,33,71,104,2,3,5,6,25,31
VAEE807027,2,24,26,2,7,9,2,12,14
VBEE80308R,1,31,32,1,6,7,8,16,24
CRMM80803C,11,30,41,2,10,12,5,27,32
VVMM81801V,13,27,40,0,6,6,11,15,26
CAMM875013,12,33,45,5,11,16,3,24,27
RNMM818014,12,49,61,3,9,12,7,30,37
MIEE8FX01X,6,79,85,2,14,16,9,20,29
PDEE88604P,5,89,94,2,28,30,4,23,27
MEMM89101C,7,12,19,1,2,3,11,10,21
CHTD11000L,35,70,105,7,27,34,9,15,24
LEEE88602D,4,48,52,1,16,17,16,9,25
LUTD02301B,44,79,123,12,28,40,7,19,26
GEEE818033,2,22,24,0,4,4,0,0,0
PAEE8AT012,4,68,72,1,26,27,15,20,35
RMTF04901D,57,91,148,10,19,29,12,27,39
AGEE812029,4,40,44,1,7,8,18,8,26
NAPM02350N,34,49,83,1,9,10,0,0,0
POEE818025,4,49,53,1,7,8,4,25,29
BGMM839025,8,32,40,1,10,11,3,20,23
BLMM81401A,11,23,34,4,3,7,5,12,17
TRMM816015,8,24,32,1,3,4,6,23,29
SAMM88301R,17,41,58,3,9,12,11,7,18
SAEE16304N,5,77,82,2,25,27,12,15,27
FREE843037,3,52,55,0,11,11,6,27,33
OREE82301B,3,41,44,0,14,14,6,27,33
PIEE82001V,1,54,55,1,16,17,5,19,24
MIMM8FG01V,8,50,58,3,14,17,5,18,23
GEMM81002A,9,31,40,2,10,12,3,16,19
PZEE84808N,1,52,53,1,6,7,9,17,26
FRMM82902V,6,24,30,2,4,6,10,35,45
CSEE85404Q,3,24,27,0,5,5,5,15,20
FIPS00901T,68,126,194,3,7,10,13,28,41
PEMM807025,6,21,27,1,4,5,2,24,26
SSMM80201N,9,25,34,1,8,9,3,19,22
BRMM82801P,7,25,32,0,8,8,5,14,19
NATN12301V,29,137,166,3,45,48,19,20,39
VAEE874044,1,62,63,1,11,12,10,23,33
PAMM89301T,12,51,63,3,7,10,9,13,22
GEMM861016,15,51,66,3,8,11,9,17,26
ANTE00401A,38,63,101,6,14,20,10,29,39
PDPS00201X,48,115,163,2,20,22,14,31,45
REMM826017,3,21,24,1,2,3,1,22,23
CTMM8AX01Q,11,24,35,5,11,16,7,14,21
NARH121017,66,129,195,17,47,64,27,22,49
LUEE837011,5,45,50,1,9,10,1,26,27
PGTF19000V,60,68,128,0,7,7,16,24,40
SSEE848014,9,82,91,0,20,20,5,33,38
RMMM820016,7,21,28,2,9,11,5,19,24
FGEE84101C,2,45,47,1,13,14,7,12,19
MNPS010004,20,42,62,0,1,1,2,20,22
VIEE85302P,3,42,45,2,7,9,3,16,19
MIEE81404E,3,42,45,2,7,9,3,16,19
MCEE827066,4,80,84,1,21,22,14,23,37
CTEE82605Q,2,46,48,1,9,10,2,25,27
RMEE8GV01B,5,93,98,2,29,31,3,15,18
BNEE857032,1,43,44,0,10,10,10,19,29
CAEE84802R,2,71,73,0,15,15,11,38,49
ANMM80803V,6,20,26,1,5,6,4,25,29
PTEE80602L,4,57,61,2,18,20,4,26,30
CEMM8A101E,11,28,39,2,4,6,11,18,29
TOEE8BU067,5,82,87,3,21,24,6,30,36
BOEE83401X,3,75,78,1,13,14,5,32,37
TOPS340002,25,68,93,1,2,3,9,22,31
LTEE81501L,3,80,83,2,27,29,7,24,31
NAEE88102R,2,47,49,1,16,17,7,15,22
PSMM831025,6,21,27,1,4,5,7,30,37
LEMM85503T,5,21,26,1,5,6,7,15,22
PGEE05200N,1,81,82,0,22,22,5,30,35
VREE815017,1,46,47,0,11,11,5,14,19
VREE88303X,6,73,79,0,20,20,5,23,28
TVEE862059,3,54,57,0,11,11,6,21,27
RAEE82803G,5,44,49,1,13,14,1,27,28
MOEE82303D,5,71,76,1,19,20,7,27,34
CNMM83201B,4,19,23,2,3,5,2,15,17
NAEE8DE04Q,2,47,49,1,14,15,16,14,30
RCEE842022,2,61,63,1,18,19,12,15,27
VEPC06000T,16,50,66,0,2,2,7,13,20
RAEE818031,5,74,79,2,20,22,5,36,41
ATMM81503C,11,32,43,4,11,15,10,31,41
PAMM83005V,9,23,32,0,3,3,11,13,24
TPEE066024,2,41,43,0,13,13,4,9,13
CSMM8AG01L,5,21,26,3,12,15,12,11,23
ALEE82305D,3,39,42,2,7,9,8,23,31
VEMM818012,3,23,26,1,3,4,3,22,25
GEEE82601X,3,57,60,2,16,18,6,20,26
VBMM81501P,13,52,65,3,20,23,5,29,34
CZEE84401T,2,43,45,0,8,8,12,20,32
GEMM854013,6,28,34,0,7,7,8,27,35
LCEE80501E,3,48,51,0,6,6,9,18,27
BGRH02301T,42,55,97,3,8,11,13,21,34
FRPS010009,19,58,77,0,2,2,3,20,23
PRRI00801A,66,83,149,15,18,33,12,22,34
VEEE826023,7,52,59,2,14,16,4,27,31
RMMM82301N,8,18,26,1,8,9,4,17,21
PEEE81202N,1,22,23,0,6,6,2,15,17
CRMM80001Q,19,36,55,8,7,15,6,32,38
BSEE81301D,3,71,74,0,15,15,7,25,32
NAEE8CZ02A,3,49,52,3,15,18,7,13,20
RMEE8EM02B,3,68,71,1,21,22,6,19,25
SSMM85701T,16,44,60,7,14,21,5,23,28
PGEE868017,3,70,73,0,25,25,5,21,26
TPEE816011,0,32,32,0,9,9,12,8,20
PTTA01051E,33,75,108,11,30,41,20,32,52
RGRC00450B,55,97,152,2,10,12,0,0,0
BNMM83701N,9,27,36,2,5,7,13,11,24
CAMM817013,3,20,23,2,8,10,5,10,15
SREE86301P,1,54,55,1,15,16,11,14,25
RCMM83204C,12,22,34,5,4,9,15,15,30
TVEE833037,3,79,82,1,11,12,4,23,27
CLMM701018,3,79,82,1,11,12,4,23,27
TOEE8A5017,4,59,63,1,21,22,3,32,35
CAMM89701X,7,23,30,2,5,7,2,17,19
MIEE8CZ02N,12,88,100,4,23,27,11,17,28
PCEE70401G,12,88,100,4,23,27,11,17,28
PCEE819049,4,25,29,1,1,2,8,17,25
GRPS00301B,32,54,86,3,14,17,12,37,49
AQEE82602N,2,33,35,1,9,10,6,22,28
SAMM8BZ014,13,41,54,2,4,6,11,10,21
RMTA06000E,63,110,173,29,49,78,24,19,43
RCMM862015,6,29,35,1,12,13,20,5,25
RMMM8AT024,12,36,48,4,11,15,3,30,33
BAPS01601X,47,73,120,4,17,21,13,22,35
PAEE86003N,7,62,69,1,25,26,14,12,26
VTTD00601V,44,63,107,5,12,17,9,19,28
PAPC100016,44,63,107,5,12,17,9,19,28
SSEE83102Q,1,28,29,0,4,4,4,13,17
MIEE8B3016,4,82,86,2,15,17,5,29,34
VIEE828044,3,65,68,1,12,13,6,21,27
AQEE82003Q,1,16,17,0,3,3,7,11,18
CSTF02702X,29,39,68,3,6,9,16,6,22
ROEE80703D,4,58,62,0,17,17,6,28,34
BSEE80705A,2,41,43,0,9,9,5,20,25
BAMM89401G,6,32,38,2,8,10,4,17,21
FEEE815019,2,67,69,1,22,23,6,28,34
VAEE80502G,4,62,66,1,21,22,6,19,25
CHTD07000B,19,17,36,9,6,15,13,25,38
MORI01701T,53,59,112,4,17,21,11,23,34
PEEE83902N,0,34,34,0,13,13,5,16,21
BAEE12201L,0,34,34,0,13,13,5,16,21
SAEE090001,2,61,63,0,19,19,11,12,23
PIMM82601R,14,26,40,2,7,9,4,24,28
MTTH01701X,30,74,104,3,9,12,11,16,27
MIMM8GD012,13,46,59,6,18,24,9,23,32
MEEE881031,5,58,63,2,12,14,17,10,27
LEEE882026,1,67,68,0,26,26,10,19,29
TEMM813023,9,37,46,3,14,17,6,23,29
TVMM81501E,14,53,67,4,7,11,8,29,37
TAEE845025,1,128,129,0,54,54,13,21,34
NOEE82004A,1,62,63,1,15,16,15,23,38
RNRI01051N,47,58,105,2,17,19,11,18,29
MIMM8BK01N,10,66,76,2,13,15,10,22,32
MSEE822027,4,62,66,1,20,21,4,23,27
VVEE812077,4,62,66,1,20,21,4,23,27
RMRC12151A,91,114,205,15,23,38,0,0,0
CHSD009017,38,90,128,14,27,41,7,18,25
NAEE8EU02C,2,77,79,0,32,32,10,17,27
POSD003019,69,177,246,14,40,54,8,37,45
REEE83302C,9,93,102,2,27,29,3,33,36
NUMM82301V,5,11,16,0,0,0,6,13,19
MIMM89901A,7,20,27,3,4,7,4,18,22
ALRC008018,42,78,120,10,27,37,8,22,30
MIMM8BU014,12,39,51,7,7,14,2,29,31
SSRH01801E,12,39,51,7,7,14,2,29,31
BAEE162024,4,55,59,1,14,15,6,18,24
PIEE824016,4,35,39,2,8,10,6,19,25
ANMM82401P,9,17,26,4,6,10,5,16,21
CTMM8A601X,3,33,36,1,11,12,6,22,28
BSEE89303C,6,86,92,0,17,17,7,31,38
MISL030503,6,86,92,0,17,17,7,31,38
AGPM01752B,56,73,129,3,13,16,0,0,0
MIEE85502P,7,86,93,3,22,25,2,29,31
NUMM85402G,4,17,21,0,2,2,4,20,24
LIMM80302B,8,25,33,0,6,6,3,22,25
MOEE837019,6,57,63,2,13,15,13,17,30
MCEE80701Q,1,57,58,0,9,9,3,23,26
RGTD03000T,29,66,95,0,6,6,13,18,31
MIEE81402C,29,66,95,0,6,6,13,18,31
CRMM80502X,18,48,66,4,17,21,5,41,46
APRC004016,10,17,27,2,6,8,10,24,34
CSEE84103L,0,35,35,0,6,6,10,9,19
NAPS10901V,40,91,131,9,31,40,20,10,30
NOTA00350Q,51,91,142,9,41,50,0,0,0
CTMM85001B,11,21,32,4,7,11,8,10,18
LEEE8AF016,5,61,66,2,13,15,15,15,30
SAEE83801X,3,75,78,0,24,24,8,22,30
VAEE82710T,4,63,67,1,14,15,5,26,31
LIEE81103C,5,74,79,2,28,30,16,17,33
CTEE8AF011,5,61,66,3,27,30,7,22,29
VREE86803T,9,107,116,4,24,28,5,35,40
VBMM80801G,5,35,40,1,9,10,7,24,31
BSEE881014,3,54,57,0,15,15,3,25,28
BGTD03801N,3,54,57,0,15,15,3,25,28
VAEE83403L,2,40,42,1,7,8,10,14,24
LTEE82201Q,1,30,31,0,13,13,9,21,30
UDEE843014,6,70,76,2,19,21,8,24,32
BGMM83203B,18,29,47,4,4,8,2,25,27
MBMM8B101A,3,25,28,0,5,5,6,20,26
LEMM84303G,12,28,40,1,4,5,16,11,27
RMEE87004B,2,48,50,0,10,10,4,24,28
LESL03302A,74,101,175,13,29,42,17,14,31
RCMM875028,6,16,22,2,6,8,7,16,23
PAEE00301C,4,53,57,0,22,22,7,12,19
RMEE8F101D,2,40,42,0,13,13,9,12,21
CEMM86802B,17,33,50,3,4,7,13,17,30
BAEE85202G,0,58,58,0,22,22,9,12,21
NAEE8D7018,1,46,47,0,14,14,9,8,17
RMEE8BY01P,3,82,85,0,26,26,6,23,29
GEMM85601P,8,27,35,2,4,6,9,21,30
NAEE8FJ01E,2,22,24,0,2,2,13,10,23
RMEE88701N,5,75,80,0,27,27,7,21,28
NAEE8DS026,3,53,56,2,19,21,12,9,21
PDEE89503C,6,158,164,0,28,28,8,43,51
BLEE82606V,3,17,20,0,3,3,9,14,23
VIMM863028,17,54,71,3,10,13,11,25,36
TOMM8CF017,29,73,102,9,24,33,6,29,35
APEE827074,1,34,35,0,8,8,5,30,35
ENEE816029,4,35,39,1,9,10,10,10,20
SSMM842014,10,38,48,1,10,11,6,23,29
CNEE82607B,3,56,59,1,10,11,6,30,36
NAEE21900T,1,78,79,1,25,26,9,18,27
PCEE00303Q,3,106,109,1,21,22,2,29,31
AQMM84601R,6,26,32,2,10,12,2,27,29
TSEE81702E,0,31,31,0,2,2,3,15,18
RMEE83303B,2,76,78,1,12,13,6,14,20
PDEE890028,6,72,78,0,11,11,7,24,31
RCRI032025,6,72,78,0,11,11,7,24,31
FRSD021017,23,82,105,5,15,20,8,19,27
MITA083504,45,70,115,6,23,29,0,0,0
RGEE70101N,45,70,115,6,23,29,0,0,0
BREE03200B,3,57,60,2,18,20,12,10,22
SAEE8AX02X,3,81,84,0,26,26,13,18,31
RCEE81207B,6,45,51,1,6,7,12,16,28
BSEE86702V,5,62,67,3,17,20,3,26,29
CAEE83002G,4,40,44,0,7,7,9,22,31
SRTF011512,61,113,174,10,29,39,0,0,0
VCEE80701B,1,46,47,0,9,9,6,23,29
GRTA00650L,57,132,189,12,42,54,0,0,0
TVEE842021,1,60,61,0,13,13,4,21,25
PAMM85301B,3,19,22,0,7,7,10,8,18
CZEE830021,3,47,50,1,12,13,7,24,31
MORI030007,37,53,90,6,9,15,8,21,29
BAPC04000L,11,70,81,3,6,9,5,16,21
TSTF003016,20,22,42,0,1,1,6,10,16
VEPC02401Q,60,75,135,1,7,8,18,19,37
LEPC01000G,18,75,93,1,2,3,20,11,31
GRMM70001D,18,75,93,1,2,3,20,11,31
AQMM81901C,0,12,12,0,1,1,1,8,9
BAMM282003,23,67,90,3,14,17,8,11,19
MNEE800023,4,72,76,3,20,23,6,31,37
SAEE8AQ06X,0,15,15,0,1,1,3,9,12
CRMM817015,11,32,43,3,13,16,10,23,33
PGMM870027,9,31,40,2,11,13,2,32,34
CNEE81102C,1,39,40,0,8,8,1,25,26
VIMM83802G,8,37,45,2,8,10,5,22,27
MTTF01601L,51,82,133,5,15,20,14,21,35
MBTA073012,59,78,137,15,28,43,16,14,30
COEE804011,7,57,64,1,10,11,6,17,23
MOPS050007,24,64,88,4,4,8,9,18,27
RCPS04000R,20,44,64,0,2,2,12,11,23
MEEE837062,1,76,77,0,12,12,11,24,35
PAMM81901X,11,11,22,0,2,2,5,7,12
COEE804055,7,57,64,1,10,11,6,17,23
NAPM082015,29,108,137,4,21,25,11,16,27
CEEE895083,3,69,72,1,11,12,14,19,33
PEMM83201R,6,41,47,3,6,9,8,22,30
PAMM8AD03V,6,41,47,3,6,9,8,22,30
SAEE01404G,1,68,69,0,18,18,12,10,22
AREE835034,0,55,55,0,11,11,4,20,24
PIEE83102A,3,52,55,1,16,17,6,23,29
MTEE83501B,2,54,56,0,11,11,15,14,29
CREE82305N,10,99,109,5,26,31,4,33,37
CAMM887019,9,30,39,5,13,18,4,21,25
COEE811058,3,53,56,0,14,14,5,22,27
PDEE86503L,3,63,66,1,15,16,7,18,25
PNRC00801T,26,89,115,1,20,21,4,28,32
MTMM82501Q,6,24,30,1,4,5,3,16,19
PDPM030004,21,33,54,1,2,3,0,0,0
GEMM70201D,21,33,54,1,2,3,0,0,0
OREE81002A,3,39,42,2,10,12,5,17,22
TOMM873016,9,29,38,2,8,10,5,28,33
NATD350002,9,29,38,2,8,10,5,28,33
FGTF04801T,53,81,134,4,22,26,14,20,34
SATN05602R,27,58,85,3,4,7,11,19,30
NATD084511,56,114,170,7,35,42,0,0,0
CBMM852011,15,17,32,3,6,9,0,0,0
FIEE834023,3,80,83,2,22,24,7,26,33
SVMM804013,2,14,16,0,2,2,5,9,14
CTMM064009,11,54,65,1,10,11,2,13,15
VIEE81001Q,2,68,70,2,14,16,6,27,33
CLPS00201E,48,58,106,7,5,12,14,14,28
VTMM835012,2,19,21,0,7,7,8,17,25
VAEE81702T,4,54,58,1,18,19,5,13,18
SSTD022029,39,35,74,5,9,14,8,15,23
VTEE819026,1,30,31,0,10,10,3,20,23
VVMM824016,9,13,22,1,1,2,11,8,19
NUEE85403N,1,31,32,0,3,3,4,20,24
LURH003014,55,98,153,11,28,39,10,32,42
NUEE835027,1,32,33,0,6,6,4,20,24
MIMM8CK018,4,20,24,1,4,5,2,16,18
CZEE86104P,0,57,57,0,22,22,11,18,29
RMTF02801C,29,54,83,5,11,16,10,11,21
BSEE843019,7,96,103,3,27,30,6,24,30
CTEE8AF022,5,61,66,3,27,30,7,22,29
PSEE82601N,3,38,41,1,8,9,0,0,0
NUEE865056,2,22,24,0,3,3,4,20,24
CSTF06402V,59,82,141,5,36,41,30,23,53
LIEE813012,1,51,52,0,13,13,5,26,31
CSMM851014,7,50,57,0,9,9,16,21,37
CSEE89203D,3,58,61,0,13,13,13,11,24
BSRC00901V,76,183,259,8,34,42,15,41,56
SIMM828034,14,38,52,5,8,13,7,28,35
LEMM89802P,8,30,38,2,3,5,12,9,21
NAEE105025,2,93,95,0,37,37,5,18,23
TRMM81301N,8,36,44,1,8,9,2,21,23
ALEE81606B,3,52,55,0,15,15,8,25,33
MNRC006023,40,88,128,10,31,41,14,26,40
PGMM82204X,12,22,34,1,4,5,3,16,19
VIEE87601A,1,56,57,0,11,11,10,20,30
CTEE83901N,2,33,35,0,7,7,8,11,19
CTPC00101L,24,79,103,4,18,22,14,15,29
RIEE82103E,4,55,59,2,20,22,3,20,23
MIEE8D902B,7,46,53,3,10,13,11,18,29
PGMM05100R,11,37,48,5,9,14,3,6,9
TEEE83805G,2,60,62,0,16,16,11,26,37
VIEE84602G,2,34,36,0,8,8,6,17,23
FREE83201P,0,68,68,0,17,17,8,28,36
MIEE8BE01T,2,60,62,1,13,14,6,22,28
RMMM8GM01E,7,23,30,3,11,14,6,23,29
TOEE89301C,2,49,51,0,13,13,4,28,32
NAEE8FW02P,1,68,69,0,19,19,12,14,26
NUEE880025,0,43,43,0,5,5,3,20,23
CAEE017015,0,43,43,0,5,5,3,20,23
RIPS00901A,16,75,91,0,1,1,7,34,41
CTMM81301C,7,24,31,2,7,9,6,14,20
RIPS070005,26,53,79,1,4,5,8,21,29
MIMM71901L,26,53,79,1,4,5,8,21,29
CEMM855018,15,28,43,4,4,8,15,7,22
SRPS02901Q,34,81,115,1,7,8,20,25,45
BLEE830019,2,52,54,0,20,20,6,23,29
CSEE87401T,5,33,38,0,7,7,10,13,23
ORTD00801N,33,66,99,6,6,12,29,30,59
SAEE85702A,1,76,77,0,18,18,15,16,31
GEEE862057,10,86,96,3,22,25,6,34,40
PAMM8BD01B,9,8,17,1,3,4,9,7,16
PDMM891012,7,44,51,1,8,9,11,16,27
BGRF016017,68,75,143,2,4,6,13,28,41
LIMM80301A,8,25,33,0,6,6,3,22,25
CHPC01701L,15,58,73,2,9,11,7,13,20
PDPM002011,48,115,163,2,20,22,14,31,45
VVRC00250Q,28,75,103,2,18,20,0,0,0
TVEE81401Q,1,42,43,1,6,7,4,18,22
BLEE831048,4,68,72,2,19,21,9,21,30
MNEE81003P,7,102,109,4,34,38,4,39,43
ATMM11300G,7,102,109,4,34,38,4,39,43
SAEE8BL016,1,22,23,0,4,4,7,17,24
CSEE8AM09E,1,84,85,0,21,21,16,12,28
ALEE82804G,4,94,98,3,39,42,10,25,35
ALEE83602C,4,51,55,3,18,21,7,19,26
NAEE8GZ02R,1,82,83,0,36,36,8,18,26
NAEE17803X,1,69,70,0,14,14,7,19,26
CERI018014,58,72,130,12,19,31,14,14,28
AQEE838031,0,30,30,0,13,13,4,14,18
TAEE84901B,3,44,47,0,13,13,5,18,23
VBRC00201P,46,75,121,4,17,21,9,20,29
FEEE82304B,8,59,67,0,13,13,8,20,28
CZEE850059,1,64,65,0,14,14,14,21,35
RCTD013019,62,101,163,4,25,29,24,16,40
CHMM84301P,4,4,8,0,2,2,6,26,32
CNRA01203B,64,73,137,14,16,30,36,20,56
RCMM84301Q,10,24,34,2,7,9,9,18,27
BOEE834021,3,75,78,1,13,14,5,32,37
CSMM82401Q,13,18,31,2,4,6,5,17,22
MBTD08401V,24,70,94,1,9,10,5,24,29
CRRC011018,67,142,209,18,47,65,15,34,49
MBEE8F702T,9,83,92,5,29,34,8,20,28
PARH04101C,49,90,139,10,45,55,20,13,33
NAMM8DC01X,9,34,43,6,12,18,4,24,28
ARMM826016,5,13,18,1,4,5,3,14,17
PDEE87804Q,2,48,50,0,7,7,8,20,28
METD009011,84,198,282,19,88,107,43,43,86
NAPS43000T,33,96,129,1,15,16,17,13,30
CNEE85301D,1,49,50,0,14,14,5,21,26
VIRI03000N,66,93,159,4,15,19,9,31,40
MSEE81902B,3,47,50,1,15,16,2,27,29
NAEE039009,1,61,62,0,20,20,4,13,17
COEE812032,2,46,48,0,13,13,3,22,25
GEMM18600B,2,46,48,0,13,13,3,22,25
CTEE88003A,3,66,69,2,30,32,10,11,21
LUPS02301G,44,79,123,12,28,40,7,19,26
GETH020013,79,68,147,5,6,11,14,28,42
CEEE871017,5,58,63,3,23,26,20,8,28
SPEE81303E,0,36,36,0,6,6,2,17,19
MOMM80501R,9,26,35,4,3,7,6,23,29
AGPM02000Q,30,61,91,5,8,13,16,11,27
GEMM82601V,4,22,26,1,10,11,6,20,26
FREE823021,0,60,60,0,20,20,4,23,27
FGPS00701D,42,59,101,6,16,22,15,9,24
BLEE824012,4,40,44,2,6,8,4,19,23
RMSD10000R,38,115,153,9,40,49,8,27,35
MEEE060086,1,62,63,0,18,18,5,12,17
MIEE865029,4,67,71,2,17,19,4,25,29
LEEE87001V,0,45,45,0,13,13,12,17,29
KRMM827012,12,15,27,2,2,4,18,7,25
SAEE16300D,5,77,82,2,25,27,12,15,27
ROMM802028,8,25,33,2,4,6,3,17,20
RCEE869044,4,87,91,1,25,26,13,19,32
ORMM82306G,8,28,36,4,5,9,6,27,33
PAEE033007,2,47,49,1,13,14,8,9,17
LURI00401B,62,71,133,9,18,27,10,28,38
BNEE819037,1,26,27,0,8,8,8,11,19
PZEE84803C,1,52,53,1,6,7,9,17,26
FRMM82903X,6,24,30,2,4,6,10,35,45
CTPM04000A,32,87,119,11,27,38,13,13,26
FIEE83102G,3,41,44,2,8,10,2,21,23
VAEE80605E,3,54,57,1,10,11,5,13,18
MEEE82004E,1,39,40,0,13,13,7,12,19
FIRH00201R,60,105,165,8,27,35,13,27,40
FITD00902P,60,105,165,8,27,35,13,27,40
PEEE80706A,1,39,40,1,10,11,2,24,26
MIEE8FX021,6,79,85,2,14,16,9,20,29
VVEE818065,5,45,50,0,11,11,11,15,26
PGMM81401T,5,14,19,1,3,4,1,11,12
TOEE85502P,1,38,39,0,6,6,9,13,22
FOEE80901E,1,34,35,0,6,6,4,17,21
VERI002017,48,84,132,5,9,14,10,28,38
VRMM89602X,23,43,66,6,10,16,7,33,40
REMM826039,3,21,24,1,2,3,1,22,23
TOMM81901D,6,34,40,1,7,8,7,19,26
NASL12101A,66,129,195,17,47,64,27,22,49
NAEE8GL02T,0,59,59,0,21,21,15,10,25
SSEE848047,0,59,59,0,21,21,15,10,25
RMEE820028,4,64,68,1,20,21,5,19,24
ALEE81201V,3,39,42,1,13,14,11,16,27
PTMM81502A,9,53,62,2,23,25,1,31,32
CSMM88301G,11,23,34,0,8,8,7,16,23
GEEE81002B,1,45,46,0,10,10,3,16,19
BSTF02301P,27,39,66,0,5,5,7,19,26
ANMM80802T,6,20,26,1,5,6,4,25,29
RNEE80903C,5,64,69,2,25,27,3,28,31
TPEE836038,3,83,86,2,36,38,5,22,27
CEEE8A104P,1,54,55,1,15,16,11,18,29
TOPS30000G,24,57,81,1,3,4,9,21,30
CTEE8A5026,6,76,82,5,38,43,6,20,26
MIMM88501C,9,33,42,2,12,14,5,21,26
BNTD008013,55,91,146,8,9,17,14,14,28
PSEE831048,3,43,46,1,9,10,7,30,37
FGEE84204B,3,53,56,1,18,19,7,17,24
RMEE8FH03A,7,92,99,3,32,35,4,24,28
FOEE826029,3,45,48,0,11,11,9,20,29
TAEE845036,1,128,129,0,54,54,13,21,34
RMMM672004,1,128,129,0,54,54,13,21,34
MNSL01050A,43,73,116,9,20,29,6,20,26
VIEE85301N,3,42,45,2,7,9,3,16,19
RAEE82801D,5,44,49,1,13,14,1,27,28
RIPS08000Q,4,7,11,0,1,1,0,0,0
TOEE887037,4,81,85,1,28,29,11,29,40
BNEE857021,1,43,44,0,10,10,10,19,29
PGEE036073,5,49,54,0,12,12,6,18,24
BAPM057017,30,63,93,8,24,32,10,10,20
CSMM89802A,30,63,93,8,24,32,10,10,20
VREE861022,1,46,47,0,6,6,4,17,21
RAMM81801T,11,36,47,5,9,14,5,36,41
CSEE8AG02P,1,66,67,1,23,24,12,11,23
BSEE83202X,1,45,46,0,11,11,8,8,16
LTEE81505R,3,80,83,2,27,29,7,24,31
MOMM83602D,6,36,42,1,6,7,10,23,33
RCMM80202E,9,11,20,2,3,5,15,9,24
RMEE8BC02Q,3,35,38,0,14,14,2,16,18
MNEE82302Q,1,38,39,0,9,9,5,19,24
GREE817051,3,40,43,0,5,5,9,22,31
BGTD02301X,42,55,97,3,8,11,13,21,34
LIEE80303D,3,39,42,2,9,11,3,22,25
MERI033017,78,119,197,14,40,54,22,23,45
PDTA00601L,65,90,155,14,28,42,34,37,71
PEEE81201L,1,22,23,0,6,6,2,15,17
CSEE8AL01A,3,120,123,2,38,40,12,19,31
RMEE8EM03C,3,68,71,1,21,22,6,19,25
LCMM807015,5,22,27,1,9,10,0,18,18
BIMM815018,10,31,41,4,7,11,6,30,36
BARF052019,46,74,120,8,21,29,18,17,35
MITD08101E,22,78,100,3,7,10,12,17,29
MBEE8B102C,3,67,70,0,14,14,6,20,26
COTD004019,50,85,135,7,24,31,19,25,44
CHEE83702D,5,60,65,1,17,18,8,20,28
LCMM80503G,6,34,40,0,8,8,9,18,27
PAPC100005,8,12,20,1,1,2,0,0,0
TPEE80903X,3,42,45,1,13,14,6,15,21
FRPS02000X,21,68,89,1,1,2,6,19,25
CSTF02701V,29,39,68,3,6,9,16,6,22
NAEE8FP07Q,0,49,49,0,15,15,11,11,22
CHEE81902X,0,40,40,0,11,11,6,21,27
RAEE808018,3,63,66,0,14,14,5,28,33
BSMM807015,4,23,27,0,3,3,5,20,25
PAEE054019,5,63,68,4,29,33,9,12,21
RCEE83204D,3,55,58,1,10,11,15,15,30
CLMM807014,7,21,28,0,7,7,7,13,20
PRMM805014,5,20,25,0,5,5,4,19,23
CHTD07002D,19,17,36,9,6,15,13,25,38
NAEE8E901E,3,65,68,2,27,29,8,16,24
GRTD003028,32,54,86,3,14,17,12,37,49
AQEE82606T,2,33,35,1,9,10,6,22,28
BARH04000D,56,109,165,6,34,40,30,19,49
NATH02301T,34,49,83,1,9,10,12,14,26
LUSL02000X,78,126,204,17,41,58,8,26,34
SAEE809043,3,24,27,1,4,5,5,15,20
BNEE81001P,1,55,56,0,16,16,8,24,32
PDEE85002T,4,100,104,4,25,29,2,31,33
BGMM841047,16,34,50,3,4,7,6,25,31
RNTD01000T,21,57,78,0,2,2,6,17,23
CTMM88801T,9,31,40,3,10,13,15,13,28
RMMM8CP01G,13,39,52,4,12,16,3,23,26
VIEE88407G,3,88,91,1,13,14,8,27,35
LEEE004033,3,88,91,1,13,14,8,27,35
SPTD011015,49,105,154,9,14,23,9,31,40
MOMM811025,4,14,18,1,1,2,4,17,21
FIMM812014,12,31,43,2,11,13,5,17,22
COEE845028,1,57,58,0,15,15,6,23,29
PGEE827022,1,49,50,0,15,15,2,23,25
PAEE89301V,0,33,33,0,19,19,9,13,22
BAEE15802C,5,61,66,2,20,22,5,17,22
PIMM824026,7,23,30,2,5,7,6,19,25
VVEE82905E,4,33,37,0,6,6,1,0,1
MEEE881075,5,58,63,2,12,14,17,10,27
PTEE82101N,3,34,37,1,10,11,4,22,26
MISL03000N,42,92,134,10,11,21,14,14,28
AGTD01701Q,56,73,129,3,13,16,21,14,35
TEEE826026,0,66,66,0,30,30,8,27,35
MIEE8BK01P,3,65,68,1,12,13,10,22,32
MIEE81403D,3,65,68,1,12,13,10,22,32
VTEE82502D,2,51,53,0,16,16,9,14,23
CSEE84106Q,0,35,35,0,6,6,10,9,19
NAPM10901X,40,91,131,9,31,40,20,10,30
CTEE85003E,1,41,42,0,10,10,8,10,18
PARI01301Q,46,59,105,7,17,24,25,9,34
BLTF006013,46,37,83,6,5,11,27,46,73
LIEE81104D,5,74,79,2,28,30,16,17,33
NUEE82301X,3,23,26,0,3,3,6,13,19
LUEE843018,2,59,61,0,10,10,1,32,33
CAMM8AB021,8,36,44,1,7,8,1,26,27
CNEE81103D,1,39,40,0,8,8,1,25,26
APMM838039,12,49,61,3,17,20,8,27,35
VBEE80803P,2,43,45,0,11,11,7,24,31
BSMM89303B,15,48,63,8,7,15,7,31,38
VREE88301T,6,73,79,0,20,20,5,23,28
VIEE814068,3,72,75,2,13,15,7,34,41
TOEE8BQ02A,2,84,86,1,18,19,8,29,37
CEMM89502Q,11,35,46,0,10,10,14,19,33
LTMM833037,15,40,55,5,15,20,7,28,35
CSEE8AE034,1,53,54,0,18,18,13,13,26
CEEE07300V,5,102,107,1,34,35,15,16,31
TOEE83801X,2,49,51,1,14,15,5,24,29
LEMM8AF015,11,31,42,1,10,11,15,15,30
BGMM83202A,18,29,47,4,4,8,2,25,27
LEMM84301D,12,28,40,1,4,5,16,11,27
PZRC009505,29,43,72,2,7,9,0,0,0
PGEE86002N,3,45,48,2,12,14,5,24,29
PDPS01000T,31,49,80,0,0,0,11,15,26
RCEE87505C,2,40,42,0,11,11,7,16,23
BSEE83201V,1,45,46,0,11,11,8,8,16
TOEE8BK03C,4,76,80,1,15,16,8,28,36
VREE86805X,9,107,116,4,24,28,5,35,40
TOMM831014,13,40,53,4,7,11,11,29,40
CLRA002014,48,58,106,7,5,12,14,14,28
RMEE8F102E,48,58,106,7,5,12,14,14,28
VAEE816011,4,37,41,0,7,7,1,21,22
PRMM82201T,8,28,36,1,5,6,2,20,22
VVEE82205Q,3,67,70,0,12,12,18,12,30
MEMM886011,13,60,73,3,15,18,16,28,44
BGTD03901D,28,78,106,0,1,1,13,18,31
KREE83204N,2,54,56,0,7,7,10,10,20
PEMM807014,6,21,27,1,4,5,2,24,26
VCRI01950Q,65,82,147,9,14,23,0,0,0
RMMM8EM019,9,24,33,7,7,14,6,19,25
RGRI00402R,55,97,152,2,10,12,16,19,35
RMMM8BN01N,19,65,84,7,24,31,6,18,24
BIEE81505D,10,48,58,3,9,12,6,30,36
CREE80102N,1,30,31,0,9,9,2,28,30
TVMM83401X,7,26,33,2,3,5,3,27,30
TVPC00301P,32,65,97,0,1,1,8,16,24
SOEE815016,2,30,32,0,4,4,4,19,23
MIEE88001A,5,73,78,4,24,28,2,25,27
RNEE81702A,4,78,82,1,19,20,11,24,35
VAMM82602G,10,13,23,3,4,7,4,12,16
LCEE81302E,2,60,62,0,17,17,6,27,33
CNEE826015,3,56,59,1,10,11,6,30,36
LERI033513,74,101,175,13,29,42,0,0,0
TVEE87701V,1,51,52,0,10,10,4,28,32
SSEE82004B,4,54,58,1,10,11,10,25,35
RMEE834015,2,53,55,1,16,17,4,23,27
PGEE83105R,6,49,55,4,15,19,2,26,28
BSTD00951G,76,183,259,8,34,42,0,0,0
PIPS00401D,26,74,100,1,13,14,7,16,23
CEEE86802C,0,55,55,0,11,11,13,17,30
RMEE8EW023,15,108,123,6,24,30,4,25,29
LTEE84402N,4,126,130,2,62,64,10,26,36
BIMM809011,3,26,29,1,5,6,9,13,22
SRSL01101B,61,113,174,10,29,39,15,45,60
RCEE819043,4,54,58,0,10,10,12,11,23
KREE80903G,2,33,35,1,7,8,8,15,23
ALPS050005,27,79,106,1,11,12,10,19,29
PREE813047,4,66,70,0,15,15,12,25,37
TVTF023015,98,79,177,8,9,17,23,28,51
TORI04851N,44,51,95,10,10,20,0,0,0
GEMM85603R,8,27,35,2,4,6,9,21,30
BAPC01000R,28,71,99,3,6,9,8,13,21
NAMM8DR01V,21,50,71,4,13,17,8,20,28
VESL02401Q,60,75,135,1,7,8,18,19,37
MEEE869029,2,60,62,1,27,28,6,17,23
FGMM87501E,13,56,69,3,22,25,3,15,18
SAEE8AQ082,0,15,15,0,1,1,3,9,12
GRMM701019,0,15,15,0,1,1,3,9,12
BAMM281007,12,57,69,4,12,16,4,11,15
SREE809012,0,39,39,0,14,14,5,16,21
SAMM8BS019,6,19,25,2,4,6,4,13,17
CHEE81601B,3,31,34,0,5,5,10,16,26
PGMM111007,5,42,47,0,13,13,3,6,9
VIEE84604N,2,34,36,0,8,8,6,17,23
TRRI030016,2,34,36,0,8,8,6,17,23
PDMM84303P,6,38,44,1,7,8,2,26,28
AQEE84701N,1,69,70,0,16,16,7,26,33
VIEE89003P,2,37,39,0,5,5,3,22,25
FEEE816015,2,42,44,0,10,10,5,18,23
RCRI03252E,33,80,113,2,18,20,0,0,0
UDEE856016,8,95,103,3,21,24,4,23,27
NAEE8C602V,2,55,57,0,22,22,9,18,27
MOPS080003,42,110,152,5,24,29,7,31,38
RCPS030006,39,91,130,4,14,18,21,15,36
ATTF01000T,74,89,163,9,24,33,19,23,42
BSMM86904G,12,32,44,4,4,8,19,18,37
PAMM819054,11,11,22,0,2,2,5,7,12
CTEE8AV026,3,36,39,0,11,11,8,15,23
GRRA00601C,57,132,189,12,42,54,21,32,53
FGEE851024,1,21,22,0,2,2,3,14,17
FIMM85201E,8,41,49,0,7,7,11,20,31
CTEE81201N,0,22,22,0,9,9,3,10,13
MOTA03000B,41,59,100,5,21,26,17,22,39
PEEE83203X,3,77,80,1,14,15,8,22,30
SAEE01403E,1,68,69,0,18,18,12,10,22
CAEE04610G,1,59,60,0,19,19,8,16,24
MEEE864026,4,58,62,2,23,25,7,17,24
PCEE80505C,1,69,70,0,15,15,5,25,30
PIMM831018,12,49,61,1,7,8,6,23,29
MTEE83405Q,2,25,27,1,1,2,8,12,20
AQMM83901N,6,23,29,3,10,13,8,15,23
SPRA011507,49,105,154,9,14,23,0,0,0
CRMM82301C,4,12,16,1,4,5,4,33,37
MITF014012,52,74,126,13,19,32,8,24,32
AVPS00801B,31,34,65,3,6,9,7,15,22
COEE811014,3,53,56,0,14,14,5,22,27
LOEE80301L,1,52,53,1,15,16,4,17,21
RMMM8CR017,10,41,51,3,17,20,12,22,34
MIEE8CA037,10,82,92,1,24,25,10,23,33
AVEE857025,2,43,45,0,14,14,5,18,23
NAPM083011,25,73,98,1,2,3,15,12,27
SRMM837015,7,29,36,0,6,6,12,11,23
RMEE8D002D,1,46,47,0,8,8,3,22,25
ANEE82501G,2,42,44,0,22,22,2,17,19
TOEE84803L,0,35,35,0,8,8,3,17,20
SSTD02252P,39,35,74,5,9,14,0,0,0
NUMM86002V,10,29,39,2,4,6,10,24,34
ALEE82807P,10,29,39,2,4,6,10,24,34
LUPC003017,55,98,153,11,28,39,10,32,42
NUMM835037,6,21,27,1,2,3,4,20,24
SAMM8B4011,11,64,75,2,8,10,13,8,21
RMRC03101P,25,75,100,5,16,21,12,22,34
LUEE83903P,4,73,77,0,19,19,9,20,29
NORA00301G,51,91,142,9,41,50,19,18,37
KREE821047,3,38,41,0,5,5,12,12,24
RNEE812027,1,27,28,0,5,5,6,21,27
ENPC01101E,34,58,92,1,10,11,9,11,20
MSEE81807R,0,45,45,0,14,14,1,22,23
CTEE8AF033,5,61,66,3,27,30,7,22,29
BSEE89801D,5,73,78,1,15,16,10,22,32
FOEE02315D,5,91,96,2,14,16,9,31,40
CSTF06401T,5,91,96,2,14,16,9,31,40
FGMM878012,15,38,53,7,7,14,12,20,32
CHMM83005R,7,22,29,3,4,7,5,23,28
FGRC04603P,37,94,131,10,37,47,12,22,34
VTEE835024,1,58,59,1,21,22,8,17,25
FIEE82301G,2,59,61,2,16,18,3,28,31
TRMM81302P,8,36,44,1,8,9,2,21,23
PDMM82204P,12,32,44,3,3,6,2,30,32
MNRC00654E,12,32,44,3,3,6,2,30,32
GEMM83101A,5,33,38,0,15,15,4,22,26
NAPS72000T,34,80,114,6,8,14,14,10,24
ISSD014019,34,74,108,3,24,27,13,22,35
PSEE807029,0,22,22,0,4,4,4,18,22
NAMM81401X,0,22,22,0,4,4,4,18,22
PGEE86001L,3,45,48,2,12,14,5,24,29
MIPS16000D,20,70,90,1,7,8,6,16,22
RNMM80201E,3,13,16,0,5,5,5,16,21
RMMM8F101C,4,23,27,1,4,5,9,12,21
NUTL00301D,41,61,102,4,19,23,8,18,26
SSMM80203Q,9,25,34,1,8,9,3,19,22
REEE85201R,3,50,53,1,14,15,5,19,24
PAEE033029,2,47,49,1,13,14,8,9,17
MIMM11300B,16,54,70,7,16,23,2,9,11
NAMM8CU015,8,47,55,8,22,30,12,8,20
RMEE8F8018,2,69,71,1,25,26,8,21,29
ALMM808049,9,25,34,3,3,6,5,25,30
APMM82704X,5,21,26,1,4,5,5,30,35
PEMM807036,6,21,27,1,4,5,2,24,26
CSMM87401R,8,17,25,2,0,2,10,13,23
NARC12301N,29,137,166,3,45,48,19,20,39
CETF03701A,88,84,172,15,12,27,27,15,42
RMMM8C801B,6,13,19,2,4,6,4,23,27
TVMM841024,9,23,32,2,5,7,5,20,25
GEEE862046,10,86,96,3,22,25,6,34,40
PAPM001019,10,86,96,3,22,25,6,34,40
CTTD013517,40,49,89,4,8,12,0,0,0
RGMM816017,12,21,33,1,4,5,3,16,19
PDTF002012,48,115,163,2,20,22,14,31,45
PCEE00400C,4,139,143,2,49,51,6,31,37
TVEE814061,1,42,43,1,6,7,4,18,22
RMTA052501,54,92,146,14,33,47,0,0,0
VRTL01401N,54,63,117,2,2,4,7,21,28
RNPS060003,49,130,179,9,19,28,16,27,43
NAEE8GZ01Q,1,82,83,0,36,36,8,18,26
TOTF04850D,44,51,95,10,10,20,0,0,0
CEEE83802L,3,30,33,3,8,11,8,11,19
TOMM8AY01N,16,43,59,2,6,8,8,26,34
CBMM85501C,18,49,67,6,17,23,1,20,21
CEPM01801X,58,72,130,12,19,31,14,14,28
TAMM84901A,13,37,50,6,5,11,5,18,23
BNEE85803T,1,62,63,0,18,18,0,0,0
CTEE89804L,1,62,63,0,18,18,0,0,0
PTEE80702C,2,38,40,0,11,11,3,23,26
RCTF01301G,62,101,163,4,25,29,24,16,40
TORH04450T,78,123,201,19,45,64,0,0,0
BSMM828016,7,32,39,1,6,7,10,25,35
SAMM8AQ05T,4,11,15,0,2,2,3,9,12
CLMM829011,16,34,50,4,9,13,15,11,26
SRTL02951B,34,81,115,1,7,8,0,0,0
CZEE869049,1,66,67,0,12,12,17,17,34
LIEE00200G,1,66,67,0,12,12,17,17,34
BLEE831037,4,68,72,2,19,21,9,21,30
FOMM820018,5,16,21,2,4,6,5,13,18
CSTF020036,5,16,21,2,4,6,5,13,18
CTEE81902D,0,53,53,0,20,20,5,16,21
LEMM8AP011,14,21,35,3,4,7,11,11,22
CRRC01151N,67,142,209,18,47,65,0,0,0
CZRH02101B,67,142,209,18,47,65,0,0,0
LEMM85501Q,5,21,26,1,5,6,7,15,22
FOEE814012,1,25,26,0,3,3,4,15,19
FOEE827014,2,65,67,0,14,14,8,26,34
TARF03452V,27,74,101,5,29,34,0,0,0
COMM80602L,10,21,31,4,4,8,3,17,20
MOMM837018,10,32,42,3,6,9,13,17,30
META00901E,84,198,282,19,88,107,43,43,86
BGMM875017,7,27,34,0,9,9,3,24,27
GRMM80902T,6,20,26,0,4,4,3,25,28
SAMM13400C,15,63,78,2,14,16,5,10,15
SIMM805019,4,31,35,0,6,6,8,17,25
LCEE829013,2,59,61,1,15,16,2,20,22
CNRA01250N,64,73,137,14,16,30,0,0,0
CEPS110004,51,88,139,2,2,4,17,13,30
PAPS03902Q,58,86,144,5,19,24,24,14,38
NAEE03901A,1,61,62,0,20,20,4,13,17
ATEE817024,4,67,71,0,18,18,10,21,31
PAMM82901E,12,16,28,2,3,5,8,8,16
CLPC018011,21,74,95,5,14,19,10,15,25
PIEE84203T,2,42,44,0,10,10,8,25,33
GEPC01000P,18,63,81,1,4,5,3,21,24
MIPS05701T,16,83,99,0,8,8,8,17,25
SPMM81301B,2,23,25,0,3,3,2,17,19
BNMM09000E,2,23,25,0,3,3,2,17,19
CTMM06700R,10,57,67,1,7,8,7,8,15
AVEE873045,1,46,47,0,7,7,10,18,28
MEEE81603T,4,51,55,0,14,14,8,23,31
CTEE036017,2,56,58,0,19,19,3,13,16
BOEE86901V,2,29,31,0,7,7,8,18,26
RMEE8D2014,1,19,20,0,3,3,0,22,22
PDEE87801L,2,48,50,0,7,7,8,20,28
RMEE8A703D,4,112,116,0,47,47,5,28,33
PSEE810025,2,32,34,0,9,9,2,17,19
TVEE87405G,5,76,81,3,23,26,8,26,34
KREE827024,9,44,53,0,9,9,18,7,25
IMMM80401D,8,24,32,4,4,8,3,17,20
PSRI02000B,51,82,133,3,22,25,21,32,53
NATD05901V,30,97,127,6,35,41,8,19,27
LUPS00701N,35,77,112,3,12,15,5,21,26
RMTF07101P,66,62,128,10,22,32,12,25,37
MIMM8ES015,9,37,46,2,6,8,9,19,28
TOEE874013,4,81,85,1,20,21,1,31,32
VIRI050519,66,45,111,4,9,13,17,19,36
CTPS01000D,31,99,130,0,4,4,14,26,40
LTEE83604R,1,45,46,0,21,21,11,13,24
VAEE80601A,3,54,57,1,10,11,5,13,18
MEMM82003C,6,31,37,3,10,13,7,12,19
CTEE880018,3,66,69,2,30,32,10,11,21
SAEE81505B,1,27,28,0,6,6,6,9,15
LEMM810038,10,35,45,1,10,11,22,10,32
VEPS00301T,32,84,116,1,3,4,10,26,36
SAEE8AZ01E,4,56,60,2,15,17,7,25,32
VREE89601X,7,98,105,3,25,28,7,33,40
RMTD049017,57,91,148,10,19,29,12,27,39
RMSD11000B,48,119,167,12,38,50,11,29,40
RMEE8AT036,3,84,87,0,26,26,3,30,33
BAEE20100B,1,46,47,0,8,8,5,11,16
VIMM877015,11,18,29,1,6,7,5,25,30
BSTF037512,120,124,244,1,3,4,0,0,0
PTEE81501A,5,85,90,1,33,34,1,31,32
GEEE81001A,1,45,46,0,10,10,3,16,19
BSPS02401C,33,122,155,1,1,2,17,27,44
BSMM860012,6,21,27,3,4,7,2,15,17
FRMM814025,7,27,34,1,10,11,7,21,28
MIEE8DL01Q,1,77,78,1,16,17,4,22,26
RMEE8FH029,7,92,99,3,32,35,4,24,28
FOPS040002,37,67,104,1,2,3,7,28,35
CHEE82701T,0,64,64,0,18,18,5,21,26
PZRA01050A,40,57,97,6,19,25,0,0,0
VATD210003,29,107,136,6,9,15,7,24,31
VEMM85601R,15,35,50,5,10,15,4,26,30
FGMM82406V,15,35,50,5,10,15,4,26,30
BGEE841048,3,76,79,2,21,23,6,25,31
RMEE819013,2,45,47,1,11,12,8,14,22
NUTD00601E,24,39,63,3,4,7,9,11,20
FREE84601L,4,68,72,1,16,17,9,25,34
MNSL010012,43,73,116,9,20,29,6,20,26
RMEE8CP03P,0,66,66,0,13,13,3,23,26
NAEE834016,5,65,70,1,27,28,8,16,24
NAEE864012,0,43,43,0,14,14,9,12,21
CSEE88302N,2,39,41,1,12,13,7,16,23
RIPS09000A,2,39,41,1,12,13,7,16,23
RMEE22103X,4,106,110,0,25,25,5,25,30
ANEE808052,3,46,49,0,11,11,4,25,29
ANTA01701E,28,55,83,9,13,22,20,45,65
VREE873039,1,44,45,0,10,10,10,12,22
RMMM8DN01E,7,27,34,2,8,10,3,22,25
CEEE8A101G,1,54,55,1,15,16,11,18,29
CNMM81401T,4,21,25,1,3,4,6,21,27
LTEE81507V,3,80,83,2,27,29,7,24,31
CEEE822012,3,42,45,1,13,14,9,9,18
TVEE86103B,2,47,49,0,6,6,3,21,24
REEE842016,2,20,22,0,2,2,1,12,13
SIEE81101N,3,61,64,3,9,12,5,26,31
BREE82701X,2,46,48,2,17,19,8,13,21
MITD330007,38,97,135,3,9,12,8,24,32
MNMM82401D,11,37,48,2,9,11,9,26,35
LIMM80303C,8,25,33,0,6,6,3,22,25
PDRA00601R,65,90,155,14,28,42,34,37,71
CREE805032,8,95,103,3,25,28,5,41,46
PATF01301L,46,59,105,7,17,24,25,9,34
TVTD09000L,34,90,124,2,4,6,12,25,37
PREE81607T,4,25,29,0,3,3,5,17,22
CNEE83101L,5,69,74,2,12,14,6,30,36
RGMM82701N,11,33,44,3,11,14,8,19,27
TSEE806024,8,43,51,1,10,11,5,37,42
VAEE866045,8,43,51,1,10,11,5,37,42
VAPS00901A,46,94,140,2,18,20,10,26,36
IMEE81701L,1,55,56,0,11,11,6,23,29
TOTD03101D,31,64,95,5,15,20,4,24,28
LCMM80501D,6,34,40,0,8,8,9,18,27
RMEE82401E,6,81,87,2,15,17,4,28,32
FOPM00250N,47,91,138,7,21,28,0,0,0
BSMM81301C,8,45,53,2,7,9,7,25,32
CSEE81803G,1,44,45,0,11,11,8,17,25
COEE81902Q,2,50,52,1,10,11,1,31,32
MBTD04901G,33,51,84,5,2,7,9,16,25
AQEE828018,2,67,69,0,15,15,6,24,30
RCEE81604G,2,22,24,0,2,2,9,10,19
PDEE842063,1,66,67,0,17,17,6,23,29
NAEE8EN028,3,40,43,1,16,17,12,14,26
PREE805015,8,31,39,2,7,9,4,19,23
COMM81201V,5,26,31,0,10,10,3,22,25
CEEE8AB01B,3,40,43,0,10,10,9,16,25
CNRA01101D,29,41,70,0,8,8,7,17,24
SPEE814029,1,76,77,0,19,19,6,27,33
PCMM048005,1,76,77,0,19,19,6,27,33
RMMM8AC013,12,33,45,4,12,16,6,25,31
BARH04050V,56,109,165,6,34,40,30,19,49
NARI02303G,34,49,83,1,9,10,12,14,26
BLEE816035,6,61,67,0,11,11,6,19,25
RCEE863023,1,34,35,0,8,8,11,10,21
LOEE81702G,2,101,103,0,28,28,7,36,43
PAPC11000Q,24,59,83,1,3,4,14,14,28
TAEE860016,0,40,40,0,13,13,5,16,21
SSEE83201E,1,19,20,0,6,6,6,14,20
CTEE04301A,1,19,20,0,6,6,6,14,20
TPEE809063,3,42,45,1,13,14,6,15,21
CEEE8AT017,1,51,52,0,16,16,14,9,23
ROMM80702B,10,42,52,2,9,11,6,28,34
VIMM884018,12,37,49,1,3,4,8,27,35
CHEE819031,0,40,40,0,11,11,6,21,27
PRMM839017,12,31,43,3,7,10,10,27,37
CTEE8BC025,1,82,83,1,24,25,8,17,25
FREE829042,1,46,47,1,6,7,10,35,45
BNTD01450P,15,61,76,0,9,9,0,0,0
PGEE827011,1,49,50,0,15,15,2,23,25
FGEE03201P,2,47,49,0,11,11,10,9,19
BOMM81401N,11,31,42,2,10,12,4,29,33
FIRH01101G,51,108,159,12,39,51,21,18,39
MIEE88002B,5,73,78,4,24,28,2,25,27
VAMM80501D,6,28,34,3,7,10,6,19,25
NAPC007017,20,34,54,0,7,7,1,7,8
LEMM859024,18,35,53,2,6,8,12,19,31
SAEE090045,2,61,63,0,19,19,11,12,23
GOTD00851L,47,67,114,4,9,13,0,0,0
MIEE8BC016,4,72,76,1,17,18,4,25,29
TOPC020003,28,63,91,1,0,1,8,20,28
TOMM8B8018,9,22,31,4,8,12,8,31,39
PAMM89401N,8,18,26,2,2,4,0,0,0
BGMM89401L,7,13,20,0,2,2,0,0,0
LEEE882015,1,67,68,0,26,26,10,19,29
SVTF007016,41,89,130,8,33,41,16,24,40
PGMM117006,11,46,57,0,15,15,2,9,11
RMTD093019,37,88,125,4,20,24,6,24,30
BNEE81005V,1,55,56,0,16,16,8,24,32
TOEE81801P,4,36,40,0,4,4,13,20,33
FIEE81103B,1,72,73,0,16,16,5,26,31
MEEE830034,3,42,45,2,10,12,9,11,20
AVEE007014,1,23,24,0,4,4,0,0,0
CAMM82903B,1,23,24,0,4,4,0,0,0
MEEE86103Q,2,98,100,1,45,46,8,22,30
TEMM826014,14,32,46,5,10,15,8,27,35
AQEE84902A,4,64,68,1,18,19,4,26,30
TOMM8AS02Q,6,37,43,1,7,8,10,28,38
TEEE84301V,1,69,70,0,19,19,3,25,28
ALMM83301V,8,22,30,2,8,10,8,28,36
TOMM81201P,11,28,39,2,5,7,7,32,39
MIEE89702R,4,103,107,1,28,29,11,24,35
CAEE8AB033,5,52,57,1,12,13,1,26,27
MCEE80202N,2,40,42,0,7,7,3,18,21
FREE807012,0,29,29,0,4,4,4,16,20
CNEE81106L,1,39,40,0,8,8,1,25,26
PIEE824027,4,35,39,2,8,10,6,19,25
PTEE82102P,3,34,37,1,10,11,4,22,26
CTMM8A702R,3,34,37,1,10,11,4,22,26
BSEE89304D,6,86,92,0,17,17,7,31,38
CAEE846014,2,35,37,0,10,10,2,16,18
ATTF010518,74,89,163,9,24,33,19,23,42
RMEE884016,2,84,86,0,33,33,2,26,28
CEMM89504T,11,35,46,0,10,10,14,19,33
TOMM8BQ018,8,34,42,0,7,7,8,29,37
CSMM86102Q,5,17,22,0,2,2,9,11,20
MCMM80702Q,5,28,33,2,3,5,3,23,26
MIEE815017,2,66,68,1,17,18,8,16,24
TOEE838021,2,49,51,1,14,15,5,24,29
AGMM826026,16,28,44,2,5,7,16,16,32
BORH022021,16,28,44,2,5,7,16,16,32
GEEE82403A,3,55,58,1,10,11,3,25,28
MTEE82603P,4,48,52,1,6,7,5,21,26
PDPS02000C,31,45,76,0,0,0,4,22,26
CSTF06650T,57,67,124,8,27,35,0,0,0
FREE852021,1,60,61,1,16,17,6,20,26
NAPC08301R,25,73,98,1,2,3,15,12,27
VREE86804V,9,107,116,4,24,28,5,35,40
TOEE831026,2,70,72,1,16,17,11,29,40
CLTD00201A,48,58,106,7,5,12,14,14,28
PVEE83404D,48,58,106,7,5,12,14,14,28
SAEE8A6024,3,50,53,1,16,17,14,12,26
PRMM82202V,8,28,36,1,5,6,2,20,22
VREE84508A,6,66,72,3,13,16,4,38,42
VVMM82201E,17,27,44,1,7,8,18,12,30
BGPM024011,35,80,115,2,5,7,8,27,35
MEEE88609A,1,72,73,1,17,18,16,28,44
VIMM814012,17,38,55,5,8,13,7,34,41
RIEE80902V,2,31,33,1,7,8,1,17,18
VCTF019018,65,82,147,9,14,23,9,27,36
SREE86405P,1,26,27,0,6,6,6,14,20
VAMM878017,13,43,56,2,11,13,5,26,31
SOEE815049,2,30,32,0,4,4,4,19,23
TVPS00301T,32,65,97,0,1,1,8,16,24
ARMM819013,5,30,35,1,9,10,4,25,29
CHMM83003P,7,22,29,3,4,7,5,23,28
PTEE810039,2,50,52,1,17,18,3,31,34
BSRC009507,76,183,259,8,34,42,0,0,0
COMM83501G,8,31,39,0,6,6,5,18,23
CEMM86801A,17,33,50,3,4,7,13,17,30
RMEE8EW034,15,108,123,6,24,30,4,25,29
BIEE808027,1,44,45,1,9,10,6,24,30
RMEE8BZ02P,2,67,69,0,17,17,13,17,30
MIEE873028,1,44,45,0,7,7,4,18,22
RMEE8DT01X,1,60,61,0,22,22,4,19,23
PGEE842035,0,34,34,0,6,6,7,20,27
RMEE826016,1,32,33,0,9,9,3,17,20
MIEE8D901A,7,46,53,3,10,13,11,18,29
PREE806022,2,54,56,1,15,16,3,24,27
CTEE087014,0,55,55,0,18,18,7,17,24
VIEE84603L,2,34,36,0,8,8,6,17,23
MOTF01701P,53,59,112,4,17,21,11,23,34
PEMM83901G,6,14,20,2,6,8,5,16,21
RMEE841018,3,54,57,2,12,14,1,26,27
MIPS18000P,23,59,82,1,0,1,8,16,24
AQEE84704R,1,69,70,0,16,16,7,26,33
TSMM81701C,6,15,21,0,2,2,3,15,18
RMEE834026,2,53,55,1,16,17,4,23,27
ANEE80302Q,3,54,57,0,11,11,3,34,37
PRMM80701Q,5,23,28,2,5,7,2,26,28
BARH01003R,44,89,133,9,28,37,22,17,39
RCTA032018,33,80,113,2,18,20,28,30,58
UDMM856015,3,22,25,0,5,5,4,23,27
NAEE8C5023,1,72,73,0,22,22,10,16,26
MITA08301Q,45,70,115,6,23,29,14,16,30
NUTF003019,41,61,102,4,19,23,8,18,26
COEE83002E,1,57,58,0,14,14,3,20,23
BREE03102N,1,65,66,0,21,21,7,12,19
PDEE85105R,2,84,86,0,18,18,6,30,36
BSEE86907Q,6,62,68,1,9,10,19,18,37
CLEE822039,3,64,67,0,20,20,14,12,26
GRTF00701R,21,49,70,3,3,6,6,16,22
TVEE841014,2,51,53,0,15,15,5,20,25
CTMM81201L,6,10,16,2,2,4,3,10,13
MOTD01000L,33,71,104,7,10,17,8,21,29
PDEE85201C,6,72,78,0,11,11,2,28,30
PIEE81904T,1,83,84,0,30,30,7,31,38
BAMM302003,24,72,96,3,23,26,8,13,21
PCEE805029,1,69,70,0,15,15,5,25,30
VIEE822012,3,65,68,1,19,20,7,19,26
CTEE89001V,1,54,55,0,16,16,11,13,24
BAMM279007,27,56,83,7,16,23,2,12,14
RCMM855012,6,54,60,2,15,17,19,11,30
TRRI030005,27,36,63,1,12,13,8,16,24
LEEE8AQ02V,4,49,53,0,13,13,5,19,24
VIEE89002N,2,37,39,0,5,5,3,22,25
FEEE81502A,2,67,69,1,22,23,6,28,34
CAEE87705X,0,72,72,0,24,24,12,34,46
LCEE823014,5,106,111,2,28,30,6,43,49
PGMM833017,6,22,28,0,5,5,2,17,19
TAPS041019,74,107,181,12,27,39,21,24,45
ALEE82802D,4,94,98,3,39,42,10,25,35
RMTD052013,54,92,146,14,33,47,16,27,43
VRTL01451G,54,63,117,2,2,4,0,0,0
SAEE01401C,1,68,69,0,18,18,12,10,22
CAEE046015,1,59,60,0,19,19,8,16,24
CAMM03900X,25,64,89,10,24,34,2,16,18
TOMM882011,8,21,29,5,10,15,9,20,29
CAEE88704D,3,75,78,1,29,30,4,21,25
AVSD00801T,31,34,65,3,6,9,7,15,22
RNEE81205A,1,27,28,0,5,5,6,21,27
FGPS040004,32,74,106,4,8,12,11,14,25
ANEE823021,1,44,45,0,14,14,3,23,26
FOEE02303X,5,91,96,2,14,16,9,31,40
ORMM810018,7,22,29,1,6,7,5,17,22
MSPC012011,15,62,77,2,5,7,5,17,22
MIEE8EJ01A,12,58,70,4,13,17,4,25,29
PDMM82203N,12,32,44,3,3,6,2,30,32
SAMM830018,7,12,19,1,0,1,7,10,17
MIEE8A5017,5,74,79,3,17,20,8,23,31
ISTF013026,55,55,110,4,12,16,15,14,29
NAPS690007,30,99,129,9,25,34,9,16,25
IMPS010009,15,47,62,0,0,0,3,18,21
CTEE8AM019,0,72,72,0,22,22,7,20,27
VRMM88501C,8,29,37,0,7,7,6,22,28
VAEE85605G,1,60,61,0,17,17,8,18,26
CTPC03000G,19,53,72,0,2,2,0,0,0
RMMM8AJ012,6,10,16,0,4,4,3,10,13
PGEE80802L,1,27,28,1,5,6,2,13,15
CAEE870055,4,42,46,1,10,11,6,24,30
TPEE05901X,3,48,51,1,11,12,13,6,19
TOEE8BK02B,4,76,80,1,15,16,8,28,36
RNEE80201G,3,22,25,0,5,5,5,16,21
GEEE825036,5,51,56,3,13,16,4,23,27
TOEE831015,2,70,72,1,16,17,11,29,40
NAMM8AG01B,7,19,26,4,1,5,8,8,16
BSEE849018,5,60,65,2,12,14,10,21,31
MIEE8E402V,7,83,90,4,14,18,6,28,34
VRMM845012,9,31,40,1,6,7,4,38,42
CEMM813027,4,20,24,1,3,4,9,9,18
SAEE8A202R,5,28,33,0,8,8,6,15,21
BOPS04000P,40,94,134,6,6,12,13,29,42
FREE701016,40,94,134,6,6,12,13,29,42
ROEE802018,4,35,39,1,6,7,3,17,20
CSPC02801D,70,84,154,6,17,23,29,9,38
PZMM84802A,7,21,28,0,5,5,9,17,26
SIEE70301T,7,21,28,0,5,5,9,17,26
ALMM808027,9,25,34,3,3,6,5,25,30
PVEE815011,3,37,40,2,4,6,4,15,19
MCPM00101A,27,66,93,1,14,15,3,24,27
RMMM8DZ02V,20,48,68,11,16,27,11,24,35
NAEE8B0018,3,46,49,1,18,19,9,10,19
SRPS014012,62,54,116,7,9,16,19,18,37
VAEE87103G,5,75,80,1,24,25,3,27,30
RNRH010505,45,77,122,11,19,30,13,27,40
ALPS020009,25,56,81,6,5,11,3,23,26
TVRI02351N,98,79,177,8,9,17,0,0,0
MCEE827044,4,80,84,1,21,22,14,23,37
LTEE854017,2,52,54,1,16,17,11,23,34
TOEE8AY02Q,3,63,66,0,13,13,8,26,34
SIMM807033,9,32,41,3,9,12,6,27,33
PTMM816026,15,16,31,4,3,7,4,30,34
CSEE88306T,2,39,41,1,12,13,7,16,23
GEEE81003C,1,45,46,0,10,10,3,16,19
PDRC02701R,45,105,150,8,24,32,15,16,31
RMEE8C201D,1,68,69,0,19,19,6,23,29
RMEE8DL021,6,130,136,2,43,45,9,29,38
SRTL029023,6,130,136,2,43,45,9,29,38
CSTF020003,31,36,67,2,3,5,14,13,27
NARC123513,29,137,166,3,45,48,0,0,0
MIEE8DQ01E,2,71,73,1,23,24,12,16,28
MIEE88501D,4,62,66,3,15,18,5,21,26
MIEE8FY01Q,9,55,64,2,15,17,11,16,27
FGEE842018,3,53,56,1,18,19,7,17,24
RCRI032014,33,80,113,2,18,20,28,30,58
NATD00151L,33,114,147,4,20,24,0,0,0
RGEE816018,2,27,29,2,8,10,3,16,19
MOPS080014,42,110,152,5,24,29,7,31,38
FIEE86002G,0,76,76,0,18,18,9,27,36
GRMM816043,10,18,28,2,5,7,5,19,24
RCMM847013,6,28,34,5,7,12,13,17,30
FORF03000N,43,117,160,9,25,34,11,27,38
TVMM81401P,13,24,37,1,6,7,4,18,22
BREE03100G,1,65,66,0,21,21,7,12,19
CHMM809017,4,19,23,1,6,7,3,15,18
BAMM870013,8,45,53,1,12,13,7,20,27
FOMM827013,11,37,48,2,8,10,8,26,34
GRTD00701E,21,49,70,3,3,6,6,16,22
UDPS009015,12,17,29,0,1,1,13,18,31
PZMM879011,9,35,44,2,10,12,5,21,26
MOMM837029,10,32,42,3,6,9,13,17,30
FGEE84102D,2,45,47,1,13,14,7,12,19
MNSL010001,43,73,116,9,20,29,6,20,26
CAEE09304T,4,52,56,1,12,13,6,13,19
PDEE85202D,6,72,78,0,11,11,2,28,30
GREE81904G,3,47,50,0,6,6,4,24,28
SAEE8AM04E,1,17,18,0,3,3,6,12,18
GREE809041,1,52,53,0,11,11,3,25,28
NAMM8BW016,7,37,44,1,9,10,16,10,26
LCEE829046,2,59,61,1,15,16,2,20,22
CNRA012019,64,73,137,14,16,30,36,20,56
CEPS090004,26,75,101,1,4,5,14,16,30
RCMM84201X,11,45,56,8,13,21,12,15,27
RAEE817024,4,76,80,0,13,13,6,34,40
PNTF009017,45,65,110,3,23,26,13,24,37
VIEE80901G,2,50,52,0,10,10,4,20,24
LIEE00201L,2,50,52,0,10,10,4,20,24
FOEE820019,2,32,34,0,5,5,5,13,18
BORA00602V,60,88,148,10,35,45,16,20,36
GEEE86501E,4,52,56,1,15,16,5,20,25
CZTA021035,39,55,94,5,23,28,24,26,50
AVMM873055,18,31,49,2,6,8,10,18,28
MEMM81601P,10,22,32,2,4,6,8,23,31
CTEE03605B,2,56,58,0,19,19,3,13,16
RMMM8D2013,12,37,49,2,4,6,0,22,22
AVTF011019,34,78,112,7,24,31,16,15,31
COEE80602N,2,27,29,1,3,4,3,17,20
CEMM8AL016,7,37,44,4,9,13,10,19,29
ANMM830023,9,33,42,3,10,13,5,31,36
ENEE825013,3,71,74,1,30,31,15,15,30
TVEE87404E,5,76,81,3,23,26,8,26,34
TEEE82401D,5,79,84,1,26,27,11,28,39
LCMM828016,4,22,26,0,3,3,3,18,21
CSEE857014,2,25,27,0,8,8,6,11,17
CREE804025,3,48,51,0,13,13,5,25,30
VIRI05000V,66,45,111,4,9,13,17,19,36
RMPS17000L,30,63,93,1,3,4,11,17,28
CTEE073038,1,32,33,0,4,4,9,12,21
MBPM02401C,38,74,112,6,15,21,9,17,26
PDEE83701A,2,32,34,1,7,8,6,13,19
PZMM82104C,13,23,36,2,2,4,7,26,33
CLTF019012,30,68,98,0,3,3,18,8,26
PEEE037709,1,65,66,1,24,25,4,23,27
MIEE8AT01P,4,28,32,1,7,8,0,16,16
PIEE84204V,2,42,44,0,10,10,8,25,33
POMM81301X,12,33,45,3,8,11,5,21,26
VARI00901G,46,94,140,2,18,20,10,26,36
SAEE8AZ05P,4,56,60,2,15,17,7,25,32
MBMM89201C,10,37,47,2,10,12,11,19,30
RMSD11001C,48,119,167,12,38,50,11,29,40
RMEE8AT017,3,84,87,0,26,26,3,30,33
BOEE870013,2,101,103,0,21,21,4,30,34
CTEE82204B,3,48,51,2,19,21,9,14,23
LEEE86901P,1,28,29,0,5,5,7,10,17
OREE82309Q,3,41,44,0,14,14,6,27,33
RMEE82402G,6,81,87,2,15,17,4,28,32
FITD01601R,36,115,151,2,23,25,12,26,38
CHEE825038,1,46,47,0,6,6,3,27,30
BSEE81302E,3,71,74,0,15,15,7,25,32
BNEE819059,1,26,27,0,8,8,8,11,19
UDEE84604P,6,73,79,3,7,10,2,29,31
GEEE834042,2,70,72,0,19,19,3,19,22
CTPC040006,14,83,97,0,2,2,15,10,25
BSEE860013,3,36,39,0,7,7,2,15,17
FITD00201V,60,105,165,8,27,35,13,27,40
ALEE816049,3,52,55,0,15,15,8,25,33
PSMM81701T,9,34,43,2,9,11,6,34,40
LEEE82201D,0,40,40,0,10,10,10,12,22
ARTD00251C,22,64,86,0,0,0,0,0,0
VAMM84603T,8,22,30,3,5,8,5,17,22
AGEE81001L,3,32,35,2,8,10,6,13,19
CHEE81901V,0,40,40,0,11,11,6,21,27
CARA028512,45,72,117,5,20,25,0,0,0
RMEE819024,2,45,47,1,11,12,8,14,22
CZEE830032,3,47,50,1,12,13,7,24,31
VREE84804N,5,39,44,3,7,10,3,21,24
VEPC02301X,49,102,151,5,16,21,13,30,43
LEPS04000E,24,56,80,1,2,3,8,17,25
ANEE80801T,3,46,49,0,11,11,4,25,29
ANTF01851C,43,58,101,5,16,21,0,0,0
NAMM898014,13,32,45,4,10,14,12,5,17
VREE873017,1,44,45,0,10,10,10,12,22
REMM83301A,9,53,62,4,14,18,3,33,36
CZEE82902R,2,38,40,0,6,6,16,11,27
LERC02101P,80,87,167,18,24,42,26,15,41
ALMM80701A,8,31,39,1,11,12,4,22,26
CSMM8AT019,2,24,26,0,3,3,5,13,18
PIMM824048,7,23,30,2,5,7,6,19,25
REMM842015,3,9,12,0,3,3,1,12,13
RMEE84604E,4,73,77,1,26,27,2,17,19
PZRA010001,40,57,97,6,19,25,25,30,55
CEEE8BE01D,3,72,75,0,15,15,15,18,33
NAMM833019,8,42,50,3,11,14,7,12,19
CETD01803R,8,42,50,3,11,14,7,12,19
BLRH00601P,46,37,83,6,5,11,27,46,73
TORH04401D,78,123,201,19,45,64,22,41,63
CAPS03202Q,23,49,72,3,7,10,10,19,29
CNEE81204A,5,57,62,3,9,12,5,28,33
NATF020507,53,92,145,4,24,28,19,12,31
VAEE866034,3,66,69,2,18,20,10,17,27
ROEE81907X,3,41,44,1,9,10,3,20,23
PNEE828023,2,75,77,0,13,13,2,31,33
CEEE822023,3,42,45,1,13,14,9,9,18
PDEE876055,7,92,99,4,19,23,10,24,34
LTTE01301R,53,97,150,6,21,27,14,24,38
SAEE8AE028,2,35,37,1,9,10,6,14,20
VRMM81401A,13,28,41,5,10,15,4,22,26
MEEE83704X,1,76,77,0,12,12,11,24,35
TORH02901B,92,158,250,33,72,105,29,29,58
BGTF01701V,80,94,174,7,14,21,18,30,48
BGPM037013,36,87,123,1,7,8,6,29,35
RCEE71001L,36,87,123,1,7,8,6,29,35
PDTA006501,65,90,155,14,28,42,0,0,0
MEPS009026,84,198,282,19,88,107,43,43,86
TVEE818024,4,59,63,1,14,15,6,22,28
PAEE82801Q,3,42,45,0,8,8,18,9,27
FGEE823042,5,44,49,1,4,5,8,14,22
VVMM818064,13,27,40,0,6,6,11,15,26
SOEE809031,2,43,45,0,5,5,8,18,26
BGEE877043,5,80,85,4,18,22,4,23,27
CEPS07000V,42,80,122,6,12,18,13,16,29
PCMM81002Q,9,33,42,0,4,4,5,33,38
GRMM82002L,7,20,27,2,4,6,2,23,25
BORH022043,40,81,121,5,25,30,13,28,41
AGMM71101E,40,81,121,5,25,30,13,28,41
GOEE810031,1,36,37,1,6,7,1,26,27
CNSL007015,24,70,94,4,15,19,11,16,27
RCMM83702D,8,13,21,1,3,4,10,8,18
VREE86801Q,9,107,116,4,24,28,5,35,40
SVMM80701E,10,36,46,2,10,12,11,27,38
TPEE82102D,3,103,106,1,29,30,21,11,32
AVEE84603Q,4,37,41,2,5,7,14,10,24
BAEE85302B,3,64,67,2,14,16,13,13,26
TAMM860015,7,32,39,2,11,13,5,16,21
SAEE16309V,5,77,82,2,25,27,12,15,27
IMEE80402G,3,34,37,1,7,8,3,17,20
TPEE810012,0,42,42,0,13,13,6,13,19
MIMM716015,0,42,42,0,13,13,6,13,19
BGEE84402N,4,83,87,1,17,18,5,24,29
GEEE855021,1,73,74,1,17,18,6,28,34
NOEE83102P,10,92,102,4,35,39,8,32,40
LUTD00701D,35,77,112,3,12,15,5,21,26
FREE82901V,1,46,47,1,6,7,10,35,45
BNTF01401L,15,61,76,0,9,9,12,18,30
PTRH01050T,61,152,213,15,70,85,13,34,47
FGEE03200N,2,47,49,0,11,11,10,9,19
VIEE86102N,1,34,35,0,8,8,8,15,23
PDEE842052,1,66,67,0,17,17,6,23,29
MEEE82001B,1,39,40,0,13,13,7,12,19
SREE85103E,2,33,35,0,7,7,12,9,21
SAMM89701P,6,24,30,2,4,6,10,13,23
CEMM8AB02B,20,23,43,6,4,10,9,16,25
GOTF00801D,47,67,114,4,9,13,13,18,31
MIMM8BC015,11,35,46,4,10,14,4,25,29
AREE819047,9,52,61,1,15,16,4,25,29
CSMM852043,5,24,29,1,5,6,6,16,22
BGEE89501D,2,33,35,0,8,8,1,14,15
PGMM18602P,17,67,84,3,17,20,2,13,15
SVRA00701N,41,89,130,8,33,41,16,24,40
MSEE01408G,41,89,130,8,33,41,16,24,40
BAEE06401T,0,94,94,0,40,40,9,18,27
MEMM8AB01B,5,34,39,1,11,12,10,20,30
CTMM808022,9,24,33,2,7,9,9,15,24
RCEE863012,1,34,35,0,8,8,11,10,21
AGEE84708E,7,50,57,1,14,15,20,7,27
PVEE82607N,10,115,125,4,35,39,10,46,56
AVEE007003,1,23,24,0,4,4,0,0,0
CAMM82902A,9,18,27,0,5,5,2,12,14
MOEE81801X,4,65,69,2,12,14,7,24,31
PAEE85201L,1,34,35,0,9,9,8,11,19
PGMM842012,6,50,56,2,16,18,7,20,27
CTEE8BC036,1,82,83,1,24,25,8,17,25
LEEE004066,3,65,68,2,20,22,8,12,20
MOEE811037,1,34,35,0,2,2,4,17,21
TEEE843042,1,69,70,0,19,19,3,25,28
MIEE8BB02B,8,74,82,4,6,10,14,18,32
RMMM826015,6,31,37,4,6,10,3,17,20
COMM845016,11,34,45,0,8,8,6,23,29
PGEE827044,1,49,50,0,15,15,2,23,25
BARH12050E,52,107,159,15,36,51,13,25,38
PAEE09503N,4,62,66,2,20,22,11,10,21
FREE81604X,0,46,46,0,15,15,7,26,33
CTEE830028,2,53,55,0,16,16,6,20,26
MCEE80201L,2,40,42,0,7,7,3,18,21
VIEE844031,0,17,17,0,3,3,4,14,18
FREE835038,4,34,38,0,13,13,4,18,22
BRTF011011,45,67,112,9,17,26,13,14,27
UDEE835026,2,61,63,0,11,11,0,26,26
ATTF01001V,74,89,163,9,24,33,19,23,42
BSMM86901C,12,32,44,4,4,8,19,18,37
RMEE884038,2,84,86,0,33,33,2,26,28
LUMM83801Q,9,27,36,0,5,5,4,25,29
VRTD004015,56,70,126,2,4,6,11,18,29
MSEE82104D,3,43,46,2,11,13,4,25,29
ALEE811046,2,29,31,1,4,5,7,17,24
RMMM72006E,2,29,31,1,4,5,7,17,24
VTMM82402L,9,30,39,2,15,17,6,14,20
RMEE8CS01D,3,91,94,0,31,31,5,24,29
MTEE81102X,3,32,35,0,2,2,9,13,22
MIEE89801G,2,57,59,0,15,15,7,24,31
RMPS53000N,21,66,87,1,11,12,8,16,24
SREE837038,0,54,54,0,16,16,12,11,23
LTTF090509,54,85,139,6,23,29,14,19,33
SAEE8A6035,3,50,53,1,16,17,14,12,26
PGEE05201P,1,81,82,0,22,22,5,30,35
VEMM824019,7,45,52,2,12,14,8,20,28
CAMM846013,6,23,29,4,6,10,2,16,18
APMM804047,7,29,36,1,7,8,9,34,43
PZMM83801P,3,7,10,0,1,1,8,9,17
PGEE85304L,4,79,83,2,31,33,5,22,27
FGEE877017,2,60,62,1,24,25,7,10,17
VARC03050L,45,114,159,8,26,34,7,19,26
BSEE85501G,5,56,61,1,9,10,1,28,29
SAEE8B4012,3,11,14,0,1,1,13,8,21
CEEE04601G,5,154,159,1,68,69,16,16,32
CSMM8AK01D,8,54,62,1,8,9,11,21,32
RIEE809052,2,31,33,1,7,8,1,17,18
VREE837014,6,86,92,2,21,23,7,19,26
CSTL066502,57,67,124,8,27,35,0,0,0
FRRF00801L,32,63,95,8,20,28,13,20,33
PVMM834019,15,39,54,7,17,24,5,28,33
PVEE81103Q,4,57,61,3,18,21,4,21,25
PDEE82204Q,4,65,69,2,15,17,2,30,32
TORH02950Q,92,158,250,33,72,105,0,0,0
CHEE034089,3,43,46,0,11,11,0,0,0
PDEE87701R,1,45,46,1,9,10,4,18,22
SOEE803021,2,45,47,0,6,6,9,9,18
KREE83203L,2,54,56,0,7,7,10,10,20
RMEE8BZ01E,2,67,69,0,17,17,13,17,30
NAPS690018,30,99,129,9,25,34,9,16,25
RMMM8DT01V,10,35,45,1,13,14,4,19,23
VAEE85601B,1,60,61,0,17,17,8,18,26
BIEE81503B,10,48,58,3,9,12,6,30,36
TVTN00401B,30,66,96,4,11,15,13,16,29
RNEE818026,1,94,95,0,28,28,7,30,37
ATEE80504X,3,32,35,0,7,7,5,21,26
LCMM81301C,10,33,43,4,5,9,6,27,33
MEEE891111,2,28,30,0,3,3,11,10,21
BGEE862016,3,51,54,1,14,15,5,16,21
ISEE812138,2,41,43,0,8,8,7,18,25
PCEE002096,4,99,103,4,30,34,11,21,32
PTEE81005B,2,50,52,1,17,18,3,31,34
RMEE897018,1,60,61,1,20,21,2,21,23
BARH010503,44,89,133,9,28,37,22,17,39
COEE83501L,1,60,61,0,16,16,5,18,23
ANEE85201X,2,44,46,0,19,19,2,15,17
MIRI08901E,77,117,194,28,44,72,22,22,44
COMM83002D,14,43,57,6,13,19,3,20,23
MIEE8E401T,7,83,90,4,14,18,6,28,34
SSEE80201P,1,34,35,0,6,6,3,19,22
SAMM8AX01T,12,35,47,3,8,11,13,18,31
PDEE85104Q,2,84,86,0,18,18,6,30,36
BREE806042,1,42,43,0,15,15,8,15,23
KRMM80901C,4,23,27,1,4,5,8,15,23
MIMM8D801D,11,25,36,2,9,11,1,21,22
BAEE55900N,11,25,36,2,9,11,1,21,22
ORMM82302B,8,28,36,4,5,9,6,27,33
PEPC010009,23,96,119,1,1,2,8,20,28
PIMM81901N,11,43,54,4,11,15,7,31,38
RGEE026021,2,47,49,1,12,13,9,8,17
BAMM25700A,15,59,74,5,13,18,4,10,14
CHMM81601A,2,22,24,1,6,7,10,16,26
ROEE816049,6,66,72,0,21,21,6,28,34
RCEE855024,1,76,77,0,23,23,19,11,30
UDMM85502A,9,32,41,1,8,9,2,28,30
MOMM829019,7,28,35,1,8,9,3,26,29
MSEE810054,0,30,30,0,7,7,2,16,18
PDEE84401D,1,64,65,0,9,9,10,22,32
AQEE84703Q,1,69,70,0,16,16,7,26,33
AVMM852032,10,35,45,0,8,8,2,24,26
CTRC01301E,40,49,89,4,8,12,13,18,31
LEMM881029,11,22,33,3,3,6,12,6,18
LEPS04401V,25,49,74,3,6,9,10,14,24
LEEE07102R,5,54,59,4,7,11,6,14,20
FIEE81105D,1,72,73,0,16,16,5,26,31
PGEE83303A,3,38,41,0,11,11,2,17,19
CAEE82901A,4,19,23,0,8,8,2,12,14
ROEE82302A,1,29,30,1,8,9,4,15,19
NARH12250B,33,79,112,6,26,32,0,0,0
PGTD12000A,6,23,29,3,10,13,4,6,10
UDEE822035,4,37,41,1,7,8,2,25,27
VRTF014012,54,63,117,2,2,4,7,21,28
FEMM82101G,11,21,32,1,5,6,4,19,23
RCMM85703Q,11,21,32,1,5,6,4,19,23
VIEE852063,1,36,37,1,6,7,4,23,27
TOEE8AP031,6,87,93,2,26,28,10,32,42
MCMM82701X,5,31,36,2,11,13,14,23,37
CAMM202003,5,31,36,2,11,13,14,23,37
CSEE84101E,0,35,35,0,6,6,10,9,19
SIMM807011,9,32,41,3,9,12,6,27,33
SPRA01102X,49,105,154,9,14,23,9,31,40
RMEE8GT02R,3,89,92,1,20,21,7,18,25
NAEE8DJ03B,3,62,65,2,14,16,8,13,21
PDMM861016,12,53,65,3,11,14,5,20,25
AVTA00801R,31,34,65,3,6,9,7,15,22
FGPS010008,30,59,89,0,3,3,20,16,36
TOEE81201Q,2,86,88,0,23,23,7,32,39
FIEE818036,2,53,55,0,9,9,3,22,25
MIEE8EJ02B,12,58,70,4,13,17,4,25,29
VIPM009015,24,57,81,3,13,16,9,16,25
TPEE80604D,1,57,58,0,21,21,23,17,40
LITH00901C,51,67,118,3,21,24,15,20,35
MIMM8A5016,13,46,59,3,13,16,8,23,31
NAMM33000C,11,44,55,2,11,13,10,8,18
IMPS03000E,16,55,71,2,3,5,2,18,20
PAEE8AH026,2,63,65,0,13,13,13,12,25
LUMM83901G,5,23,28,0,4,4,9,20,29
VIPS02000T,28,41,69,0,0,0,5,20,25
MSRI01150T,28,41,69,0,0,0,5,20,25
MSMM81801D,11,16,27,3,4,7,1,22,23
LUEE824031,4,44,48,0,12,12,4,15,19
CAMM87001X,5,47,52,1,24,25,6,24,30
RAMM817012,16,40,56,5,4,9,6,34,40
ATMM816016,13,27,40,4,7,11,3,21,24
TPEE05900V,3,48,51,1,11,12,13,6,19
BOEE07200P,3,67,70,1,15,16,6,19,25
RMPS65000Q,18,72,90,1,4,5,7,20,27
VEEE818013,1,44,45,0,7,7,3,22,25
TOEE82701D,1,36,37,0,6,6,10,16,26
TOMM830018,10,27,37,2,5,7,6,24,30
CTPS05301C,61,105,166,7,17,24,38,43,81
RMEE87302R,6,62,68,1,20,21,2,27,29
VTEE834028,1,92,93,1,40,41,7,23,30
PIEE83503P,5,87,92,3,28,31,5,32,37
SIEE828013,0,78,78,0,26,26,7,28,35
CTEE86303L,7,75,82,4,42,46,7,20,27
SAEE8BD023,2,55,57,2,13,15,16,10,26
VRMM845034,9,31,40,1,6,7,4,38,42
VTEE818019,1,28,29,0,5,5,2,8,10
GREE82602L,5,55,60,1,14,15,6,27,33
CEEE8AL017,3,69,72,1,22,23,10,19,29
BOPS080005,38,98,136,1,8,9,14,25,39
GEEE833046,2,63,65,0,15,15,3,19,22
VEEE82506B,3,89,92,0,16,16,5,38,43
CSTF02801P,70,84,154,6,17,23,29,9,38
VEEE868036,9,84,93,4,18,22,7,30,37
BGEE88701E,3,53,56,0,16,16,3,20,23
AREE83805N,1,59,60,1,17,18,5,27,32
TOMM8A701T,12,32,44,1,8,9,0,33,33
SVEE81903X,2,55,57,2,18,20,8,22,30
PSMM807017,5,10,15,2,0,2,4,18,22
SAEE8A1043,2,24,26,0,3,3,8,11,19
FIEE83002Q,1,33,34,0,4,4,3,17,20
PVEE82301X,1,60,61,0,19,19,5,34,39
PDEE838049,5,71,76,1,13,14,5,28,33
PVMM81501X,10,16,26,3,4,7,4,15,19
RMRV08951E,89,117,206,20,48,68,0,0,0
VRMM84302B,15,36,51,7,9,16,8,18,26
TETD01302C,15,36,51,7,9,16,8,18,26
CSMM887042,12,34,46,1,7,8,18,13,31
NOEE82403L,1,80,81,1,27,28,7,25,32
RIMM81704V,11,24,35,5,7,12,3,32,35
NAMM8AF01G,10,34,44,8,13,21,11,11,22
REEE855029,5,53,58,4,15,19,1,28,29
SRTF01451D,62,54,116,7,9,16,0,0,0
BSEE8AD02A,2,66,68,0,12,12,9,24,33
VAMM87101C,9,34,43,2,9,11,3,27,30
ALPS01000P,19,35,54,0,1,1,8,17,25
TVRI024014,97,110,207,4,11,15,21,29,50
COEE84202R,2,51,53,0,9,9,4,19,23
REMM813015,10,27,37,2,4,6,2,23,25
LTMM854027,7,45,52,2,16,18,11,23,34
MIEE8DQ02G,2,71,73,1,23,24,12,16,28
BNPC008014,55,91,146,8,9,17,14,14,28
PREE80801L,1,66,67,0,14,14,4,36,40
ATEE00104N,3,82,85,1,27,28,9,17,26
RMEE8DZ01V,3,83,86,0,28,28,11,24,35
PGMM84902T,11,35,46,5,11,16,3,29,32
RCPM03201X,33,80,113,2,18,20,28,30,58
SARH01050P,33,96,129,6,26,32,16,27,43
MORC080501,38,156,194,8,43,51,17,28,45
ALTD004018,30,77,107,5,9,14,9,22,31
RMEE8FG01C,4,68,72,1,20,21,5,22,27
FORF030503,43,117,160,9,25,34,11,27,38
PZMM872016,7,20,27,0,5,5,7,8,15
CLEE823035,7,62,69,4,21,25,21,9,30
NAEE8GK033,2,44,46,1,8,9,9,19,28
NAEE150023,1,50,51,0,16,16,11,7,18
RNRH01000Q,45,77,122,11,19,30,13,27,40
NUTD00650V,24,39,63,3,4,7,0,0,0
FRMM84601G,6,46,52,3,8,11,9,25,34
TPEE82504V,0,53,53,0,21,21,10,20,30
PNEE819017,1,50,51,0,12,12,1,18,19
NAEE18303B,1,50,51,0,12,12,1,18,19
PDEE85203E,6,72,78,0,11,11,2,28,30
LTEE854039,2,52,54,1,16,17,11,23,34
GRMM81903D,5,24,29,0,9,9,4,24,28
AQEE83902Q,1,33,34,1,10,11,8,15,23
PATF011011,56,88,144,8,16,24,29,9,38
RCTD011502,34,68,102,4,24,28,0,0,0
BAMM25600E,17,75,92,4,20,24,1,17,18
ANRI018016,43,58,101,5,16,21,10,24,34
SOEE824011,0,55,55,0,6,6,2,31,33
CSMM303009,11,52,63,0,11,11,7,8,15
UDEE85501A,3,63,66,0,21,21,2,28,30
UDEE848028,2,63,65,0,20,20,7,25,32
BSEE87502T,5,53,58,1,10,11,3,26,29
FOMM701012,5,53,58,1,10,11,3,26,29
CSTF01050T,83,91,174,0,11,11,29,19,48
TAPC10000Q,31,92,123,4,14,18,6,21,27
CNEE86601G,2,83,85,1,31,32,5,36,41
CZTA021024,2,83,85,1,31,32,5,36,41
BGRC01401T,42,105,147,5,15,20,8,26,34
FIEE86001E,0,76,76,0,18,18,9,27,36
BRMM82701V,4,27,31,2,8,10,8,13,21
IMEE81703P,1,55,56,0,11,11,6,23,29
MBEE829034,5,76,81,3,11,14,6,22,28
GREE816022,5,35,40,4,3,7,5,19,24
AGRC01602N,76,88,164,7,18,25,24,18,42
GREE80903X,1,52,53,0,11,11,3,25,28
NARH150006,60,142,202,18,57,75,16,25,41
AVTD00951C,23,48,71,4,9,13,0,0,0
UDTD009011,12,17,29,0,1,1,13,18,31
LCTD011016,29,89,118,6,17,23,12,24,36
TEMM82403E,14,46,60,3,17,20,11,28,39
LCMM828027,4,22,26,0,3,3,3,18,21
PTEE82805L,4,90,94,1,26,27,4,33,37
TEEE83203E,4,90,94,1,26,27,4,33,37
BOEE84301P,4,56,60,1,14,15,3,22,25
MBEE864019,3,63,66,0,14,14,5,19,24
NATD11101P,69,107,176,22,41,63,13,17,30
LEMM8AG011,69,107,176,22,41,63,13,17,30
GETF01101R,34,65,99,1,15,16,10,18,28
FEEE82303A,8,59,67,0,13,13,8,20,28
RMPS180007,29,46,75,1,0,1,9,14,23
PSMM83502C,12,17,29,4,6,10,7,22,29
VAEE82805B,1,46,47,0,12,12,9,16,25
AVTD008017,31,34,65,3,6,9,7,15,22
FREE830013,4,53,57,0,15,15,5,21,26
NAMM8FB019,7,36,43,2,11,13,9,16,25
CAEE89304R,5,75,80,2,14,16,4,19,23
RMEE8GV04E,5,93,98,2,29,31,3,15,18
TAEE867033,2,45,47,1,14,15,9,19,28
PEEE037001,1,65,66,1,24,25,4,23,27
PNRI00901A,45,65,110,3,23,26,13,24,37
VREE81304P,4,109,113,1,30,31,12,33,45
CBMM82002E,14,23,37,2,8,10,7,19,26
POEE813011,6,67,73,3,17,20,5,21,26
PCSL007019,42,115,157,6,26,32,11,28,39
TOEE01404G,7,140,147,2,51,53,6,27,33
BATA024029,66,84,150,8,24,32,51,53,104
BOMM870012,5,14,19,1,2,3,4,30,34
MIEE867021,7,85,92,1,20,21,4,27,31
ATEE81005C,4,51,55,3,9,12,4,30,34
GEEE84406P,1,96,97,0,26,26,7,32,39
FOEE80401B,4,46,50,1,6,7,7,21,28
LUEE81303E,2,42,44,1,9,10,2,22,24
RMPC072019,44,94,138,9,14,23,16,24,40
MIEE8ES027,6,66,72,4,14,18,9,19,28
VIPS05000N,47,71,118,1,1,2,10,29,39
CTPC070002,16,46,62,0,0,0,7,15,22
MBRC02401X,38,74,112,6,15,21,9,17,26
FIPS002013,60,105,165,8,27,35,13,27,40
BOEE813031,6,55,61,2,16,18,7,15,22
RMMM86401X,12,33,45,5,6,11,5,22,27
NAEE01700C,5,51,56,3,18,21,3,13,16
GEMM85201B,8,47,55,1,17,18,2,28,30
SAEE815028,1,27,28,0,6,6,6,9,15
APEE82301E,1,73,74,0,14,14,4,27,31
ANMM84001L,1,27,28,0,7,7,4,24,28
NAMM0CP00L,1,27,28,0,7,7,4,24,28
VIMM86601P,12,58,70,4,16,20,10,19,29
LEMM82201C,6,24,30,2,4,6,10,12,22
ARPS002017,22,64,86,0,0,0,6,20,26
FRTF01851C,45,76,121,2,18,20,0,0,0
CHMM81901T,6,23,29,1,8,9,6,21,27
CSEE19001N,4,41,45,1,12,13,13,11,24
LEPS03000X,35,71,106,1,3,4,10,17,27
PZEE84802B,1,52,53,1,6,7,9,17,26
GEMM83401T,4,23,27,2,10,12,3,19,22
LTMM80102P,7,17,24,2,4,6,6,22,28
ALEE80808E,4,53,57,0,10,10,5,25,30
BSEE8AK06V,5,105,110,1,22,23,8,26,34
LERH021519,80,87,167,18,24,42,0,0,0
GOTL00801N,47,67,114,4,9,13,13,18,31
FIEE867019,1,46,47,0,10,10,6,24,30
LTMM80201D,8,20,28,3,10,13,6,21,27
VRMM85501L,7,39,46,1,6,7,7,31,38
BGMM89501C,6,21,27,0,5,5,1,14,15
SVSL00801R,37,95,132,6,14,20,8,27,35
PGTD011515,60,92,152,14,27,41,0,0,0
REMM82401G,8,36,44,4,11,15,4,26,30
PZPS12000V,25,54,79,2,6,8,12,20,32
PAEE85202N,1,34,35,0,9,9,8,11,19
MSMM81602V,12,20,32,0,5,5,2,22,24
CEEE83801G,3,30,33,3,8,11,8,11,19
BNEE848048,0,41,41,0,6,6,3,20,23
BNEE85802R,1,62,63,0,18,18,0,0,0
TEEE84302X,1,69,70,0,19,19,3,25,28
CSEE88305R,2,39,41,1,12,13,7,16,23
TPEE03504E,2,39,41,1,12,13,7,16,23
RMEE220001,0,79,79,0,18,18,1,22,23
AQEE82001N,1,16,17,0,3,3,7,11,18
RMMM8C3018,12,45,57,2,10,12,8,19,27
CNMM848011,2,35,37,0,7,7,0,33,33
MNEE800012,4,72,76,3,20,23,6,31,37
PDEE896038,4,93,97,2,19,21,11,29,40
CRMM816019,2,8,10,1,3,4,4,26,30
SREE70101E,2,8,10,1,3,4,4,26,30
BAEE812025,2,56,58,0,21,21,10,15,25
TVEE813021,1,66,67,0,10,10,5,27,32
TORS010007,13,21,34,0,0,0,2,8,10
CTEE857028,3,45,48,1,11,12,7,16,23
CEEE822034,3,42,45,1,13,14,9,9,18
VTMM814011,12,28,40,4,8,12,6,25,31
PDEE876044,7,92,99,4,19,23,10,24,34
SIMM81103P,11,29,40,2,8,10,5,26,31
PGEE05204T,1,81,82,0,22,22,5,30,35
BGEE869033,0,24,24,0,3,3,1,19,20
MEEE83703V,1,76,77,0,12,12,11,24,35
VREE882023,2,51,53,1,11,12,4,17,21
CEMM8BE01C,14,28,42,5,3,8,15,18,33
CNEE841017,1,47,48,1,14,15,4,23,27
PDTA00701C,49,70,119,3,10,13,13,23,36
MERI01150P,64,78,142,9,30,39,0,0,0
RCEE84302T,1,48,49,1,10,11,9,18,27
TVEE818035,4,59,63,1,14,15,6,22,28
PAMM82802Q,6,41,47,1,10,11,18,9,27
NAMM826016,10,22,32,4,5,9,6,14,20
NAEE85301G,1,34,35,1,15,16,12,12,24
MISL011019,51,82,133,7,9,16,8,25,33
BLTD00601R,46,37,83,6,5,11,27,46,73
SARH07701R,41,79,120,4,25,29,20,18,38
TORA044019,78,123,201,19,45,64,22,41,63
SIEE80503C,1,51,52,0,16,16,8,17,25
BREE820037,2,52,54,1,14,15,8,17,25
CSMM01200D,3,23,26,0,2,2,0,0,0
SOEE809042,2,43,45,0,5,5,8,18,26
CEPS07001X,42,80,122,6,12,18,13,16,29
BAEE8AA029,2,63,65,0,27,27,12,17,29
BORH022508,40,81,121,5,25,30,0,0,0
RCEE842011,2,61,63,1,18,19,12,15,27
PAEE82901G,1,30,31,0,6,6,8,8,16
FOEE02105A,2,64,66,2,12,14,1,30,31
MTEE82602N,4,48,52,1,6,7,5,21,26
FRMM86101N,6,25,31,1,2,3,6,24,30
NATF02000T,53,92,145,4,24,28,19,12,31
VRMM87601N,6,34,40,0,5,5,3,20,23
VAEE866023,3,66,69,2,18,20,10,17,27
SVEE80703N,7,69,76,4,20,24,11,27,38
FIEE82303N,2,59,61,2,16,18,3,28,31
AQEE834102,0,54,54,0,16,16,13,19,32
AVEE84102G,4,40,44,1,8,9,12,11,23
VBEE81502R,7,61,68,4,14,18,5,29,34
MBMM829011,6,35,41,1,7,8,6,22,28
AVMM84603P,7,27,34,2,4,6,14,10,24
COPS00301N,36,51,87,2,5,7,3,24,27
CHMM838017,9,24,33,1,6,7,12,17,29
VVEE824028,2,34,36,0,8,8,11,8,19
BGPS01702T,80,94,174,7,14,21,18,30,48
MEEE886067,1,72,73,1,17,18,16,28,44
BGMM84401G,10,43,53,3,10,13,5,24,29
SREE80703C,0,43,43,0,17,17,10,12,22
FORH002012,47,91,138,7,21,28,14,28,42
CREE80002T,4,70,74,1,24,25,6,32,38
LUTD00750T,35,77,112,3,12,15,0,0,0
GERA012014,62,79,141,16,43,59,15,19,34
MOMM84401B,7,36,43,1,7,8,8,23,31
CNEE86101C,4,51,55,1,8,9,8,22,30
SSEE85701V,2,67,69,0,20,20,5,23,28
PTSD010005,44,110,154,11,41,52,5,23,28
COMM82003X,7,15,22,2,3,5,4,11,15
AGEE83601R,6,55,61,1,16,17,15,12,27
AQMM82804A,11,28,39,4,6,10,6,24,30
VIEE86202D,3,71,74,3,18,21,4,21,25
MEMM822012,5,25,30,2,7,9,6,14,20
CREE809017,4,70,74,1,20,21,3,39,42
TVEE833015,3,79,82,1,11,12,4,23,27
GEMM86001A,7,34,41,4,10,14,9,21,30
PIEE84201Q,2,42,44,0,10,10,8,25,33
CBMM82001D,14,23,37,2,8,10,7,19,26
CEMM8AB03C,20,23,43,6,4,10,9,16,25
RIMM822028,10,33,43,4,10,14,4,28,32
RMSL04000R,21,69,90,6,16,22,8,16,24
CAMM8AF017,7,25,32,2,6,8,4,22,26
SSMM83103Q,3,15,18,1,5,6,4,13,17
MIEE8B3038,4,82,86,2,15,17,5,29,34
SAEE8BV02V,2,52,54,1,16,17,10,13,23
FIRI017012,137,148,285,13,34,47,15,32,47
PREE83907E,1,46,47,0,7,7,10,27,37
PGEE842046,0,34,34,0,6,6,7,20,27
BAPS080006,19,43,62,1,1,2,2,17,19
UDEE84601G,6,73,79,3,7,10,2,29,31
MIEE8BB01A,8,74,82,4,6,10,14,18,32
ANEE83901D,1,49,50,0,11,11,3,24,27
RMMM71101E,1,49,50,0,11,11,3,24,27
PAEE09501G,4,62,66,2,20,22,11,10,21
PGRI039011,23,28,51,6,15,21,6,9,15
FEEE81401D,7,57,64,2,19,21,6,25,31
MIMM8FK01Q,13,38,51,7,10,17,3,22,25
MIEE8BD012,3,33,36,0,4,4,10,8,18
RMEE8GL01Q,3,97,100,0,33,33,5,20,25
BRPS01101V,45,67,112,9,17,26,13,14,27
AQTE01601T,60,126,186,7,29,36,11,32,43
RMMM897017,5,27,32,2,10,12,2,21,23
PGMM18601N,17,67,84,3,17,20,2,13,15
BAEE06403X,0,94,94,0,40,40,9,18,27
TOMM81801N,16,41,57,1,11,12,13,20,33
VAEE845022,5,70,75,3,21,24,6,18,24
NOEE82005B,1,62,63,1,15,16,15,23,38
SAMM84701N,2,18,20,0,3,3,11,8,19
MSMM822015,16,40,56,5,12,17,4,23,27
PDEE89304T,6,72,78,2,16,18,10,34,44
TOEE8AS03T,4,49,53,0,8,8,10,28,38
AVMM86101P,13,41,54,2,10,12,15,18,33
MIMM89801E,8,26,34,2,5,7,7,24,31
ALMM80703C,8,31,39,1,11,12,4,22,26
PGEE00202P,8,92,100,2,31,33,13,26,39
NAMM892015,9,42,51,2,7,9,8,15,23
LTTF090011,54,85,139,6,23,29,14,19,33
VREE85601D,0,31,31,0,9,9,2,12,14
VEMM825026,14,39,53,4,7,11,5,38,43
PZPS12001X,25,54,79,2,6,8,12,20,32
APMM804036,7,29,36,1,7,8,9,34,43
ATPS01000Q,26,51,77,0,1,1,9,16,25
BGEE897026,2,48,50,1,7,8,4,23,27
NUMM85401E,4,17,21,0,2,2,4,20,24
FGEE877028,2,60,62,1,24,25,7,10,17
APMM818012,13,39,52,2,15,17,10,24,34
RMEE72002B,13,39,52,2,15,17,10,24,34
CEEE04602L,5,154,159,1,68,69,16,16,32
LUEE84305C,2,59,61,0,10,10,1,32,33
CSTF06601D,57,67,124,8,27,35,18,13,31
TOMM8BK019,6,32,38,1,3,4,8,28,36
MBEE8F6022,5,83,88,0,21,21,4,29,33
BNMM84102A,11,19,30,0,3,3,5,17,22
CTEE858013,0,33,33,0,12,12,8,17,25
TPEE80603C,1,57,58,0,21,21,23,17,40
PDMM87701Q,8,22,30,1,4,5,4,18,22
BGTD037517,8,22,30,1,4,5,4,18,22
NAMM32100N,9,52,61,1,12,13,3,11,14
ISTD01301V,55,55,110,4,12,16,15,14,29
NAPS690029,30,99,129,9,25,34,9,16,25
PAMM8AH014,12,41,53,4,8,12,13,12,25
CNEE85303G,1,49,50,0,14,14,5,21,26
NAEE8EM01B,3,44,47,2,11,13,8,15,23
VAEE878018,3,93,96,2,21,23,5,26,31
PZEE895021,3,43,46,2,5,7,5,17,22
ATEE80501R,3,32,35,0,7,7,5,21,26
FRTN008014,32,63,95,8,20,28,13,20,33
SARH03601E,42,75,117,5,15,20,11,19,30
CHEE83001N,2,42,44,0,10,10,5,23,28
RCMM83701C,8,13,21,1,3,4,10,8,18
AGEE714013,8,13,21,1,3,4,10,8,18
FGTF00801B,89,170,259,25,85,110,32,25,57
NAMM81001L,5,18,23,1,6,7,5,15,20
MOPS00201V,78,105,183,8,30,38,12,36,48
BGEE839037,1,52,53,0,10,10,3,20,23
RMMM813013,4,33,37,2,15,17,10,16,26
FRMM857023,5,20,25,3,5,8,6,19,25
SOEE80104B,4,31,35,2,5,7,3,17,20
BAEE85301A,3,64,67,2,14,16,13,13,26
BOPS17000B,43,87,130,2,5,7,15,28,43
RIPS00801E,53,81,134,5,12,17,5,32,37
NAMM8FK019,9,33,42,1,6,7,10,9,19
ORMM82301A,8,28,36,4,5,9,6,27,33
CZEE85801Q,1,72,73,1,14,15,8,23,31
ROEE816016,6,66,72,0,21,21,6,28,34
CRMM80101G,11,41,52,6,13,19,2,28,30
GEEE86003D,11,41,52,6,13,19,2,28,30
MIEE8FW025,13,107,120,6,40,46,12,21,33
CTEE087036,0,55,55,0,18,18,7,17,24
CNMM826014,14,30,44,5,8,13,6,30,36
NAEE21902X,1,78,79,1,25,26,9,18,27
PDMM84401C,5,35,40,0,6,6,10,22,32
NAMM8F8018,13,29,42,5,8,13,10,14,24
GRMM815025,11,31,42,1,6,7,13,16,29
RCTL03401R,46,44,90,3,6,9,16,16,32
LCRC008013,35,59,94,3,10,13,5,20,25
MSEE01412R,35,59,94,3,10,13,5,20,25
ANPS00201B,24,56,80,5,8,13,6,18,24
TEEE81602G,0,34,34,0,7,7,8,17,25
LEEE00500Q,4,66,70,3,24,27,10,12,22
FIMM811018,12,48,60,5,12,17,5,26,31
GRRC00653V,57,132,189,12,42,54,0,0,0
NARH122013,33,79,112,6,26,32,17,20,37
MOMM81902Q,9,38,47,5,11,16,7,26,33
TVMM84201V,9,30,39,1,7,8,4,21,25
BNPS002018,32,82,114,2,9,11,11,22,33
FEEE82102N,2,50,52,0,17,17,4,19,23
MORC08000G,38,156,194,8,43,51,17,28,45
MCEE827055,4,80,84,1,21,22,14,23,37
SIEE807023,5,71,76,3,13,16,6,27,33
BAPS04000Q,20,57,77,3,11,14,12,11,23
RMEE8GU01G,5,44,49,2,11,13,5,22,27
TSTH00201T,63,48,111,0,6,6,12,21,33
PDEE86104A,2,64,66,0,19,19,5,20,25
GRTD013517,40,71,111,10,6,16,0,0,0
BSEE82603N,3,47,50,1,9,10,8,19,27
SAEE8BT027,2,35,37,0,11,11,14,5,19
MIMM8BM022,7,33,40,2,3,5,3,28,31
CTPC012013,24,62,86,4,19,23,10,12,22
RCEE805034,0,73,73,0,22,22,10,27,37
PGEE870028,2,57,59,0,18,18,2,32,34
FREE835016,4,34,38,0,13,13,4,18,22
COMM854022,5,41,46,1,9,10,7,19,26
VTMM81001N,6,26,32,2,8,10,3,18,21
MBTD06851A,45,110,155,2,13,15,0,0,0
LEMM8AQ01R,5,21,26,1,8,9,5,19,24
CTRC01350V,40,49,89,4,8,12,0,0,0
RAMM82101N,6,16,22,1,4,5,1,21,22
NUMM827038,6,16,22,1,4,5,1,21,22
MITD09901Q,16,74,90,1,7,8,5,19,24
PZMM872027,7,20,27,0,5,5,7,8,15
RMEE885023,0,77,77,0,14,14,5,24,29
PGTE01000A,42,122,164,10,27,37,11,25,36
VIMM85202T,12,14,26,2,4,6,4,23,27
FIEE86103C,3,72,75,0,7,7,5,32,37
SAEE01400B,1,68,69,0,18,18,12,10,22
SSMM700015,1,68,69,0,18,18,12,10,22
MSRA01101T,50,85,135,7,21,28,18,25,43
RNEE812016,1,27,28,0,5,5,6,21,27
RAEE817013,4,76,80,0,13,13,6,34,40
PNTD007019,57,62,119,3,10,13,7,26,33
ALMM82303A,5,18,23,0,4,4,8,23,31
CSEE87205A,3,76,79,0,18,18,17,15,32
MSPM012015,15,62,77,2,5,7,5,17,22
TOMM82701C,5,14,19,0,0,0,10,16,26
VISL009011,24,57,81,3,13,16,9,16,25
CTRI053513,61,105,166,7,17,24,0,0,0
VTEE834017,1,92,93,1,40,41,7,23,30
CZTA021013,1,92,93,1,40,41,7,23,30
VTMM819036,11,25,36,3,7,10,3,20,23
MIEE8A5028,5,74,79,3,17,20,8,23,31
LCEE828039,4,53,57,1,11,12,3,18,21
VEMM825015,14,39,53,4,7,11,5,38,43
LEEE83002D,2,41,43,0,8,8,14,7,21
AREE83802E,1,59,60,1,17,18,5,27,32
FGEE869018,0,36,36,0,5,5,13,9,22
FIEE840019,3,66,69,0,15,15,4,22,26
TPMM81601X,12,36,48,7,10,17,12,8,20
BSMM84201C,11,14,25,4,1,5,7,16,23
VTEE83301B,4,79,83,1,27,28,5,21,26
BSMM89702N,7,35,42,4,5,9,8,22,30
TAMM86701X,9,30,39,1,7,8,9,19,28
BSMM88801T,3,28,31,0,4,4,2,23,25
CLPS01901X,30,68,98,0,3,3,18,8,26
NUEE865012,2,22,24,0,3,3,4,20,24
TOEE8A6024,1,64,65,0,17,17,3,28,31
CSTL066513,57,67,124,8,27,35,0,0,0
RMRV089015,89,117,206,20,48,68,26,23,49
APEE83102E,0,40,40,0,10,10,4,22,26
PCMM00200Q,19,88,107,4,28,32,3,25,28
TOEE830019,1,41,42,0,6,6,6,24,30
SIMM828023,14,38,52,5,8,13,7,28,35
RIMM81702R,11,24,35,5,7,12,3,32,35
BATA02451N,11,24,35,5,7,12,3,32,35
BSMM85001B,7,22,29,0,5,5,9,14,23
VCRH040019,42,73,115,17,27,44,15,31,46
PAEE86001G,7,62,69,1,25,26,14,12,26
BSEE8AE07B,2,43,45,1,7,8,6,29,35
FRPM070002,18,71,89,4,12,16,3,19,22
CSSD028013,70,84,154,6,17,23,29,9,38
PREE834026,2,86,88,1,31,32,15,22,37
BSEE81303G,3,71,74,0,15,15,7,25,32
NAEE8CT05E,1,58,59,0,15,15,17,8,25
BAEE88501T,1,22,23,0,7,7,2,15,17
PAEE8AR055,3,56,59,1,10,11,12,14,26
VAEE85401Q,4,65,69,1,16,17,4,24,28
MCPC001016,27,66,93,1,14,15,3,24,27
PAMM84501C,11,21,32,2,1,3,13,11,24
NAEE01703G,11,21,32,2,1,3,13,11,24
PDEE88605Q,5,89,94,2,28,30,4,23,27
VAEE80604D,3,54,57,1,10,11,5,13,18
BGEE862027,3,51,54,1,14,15,5,16,21
VAEE87701C,3,83,86,0,20,20,10,21,31
BNTF008019,3,83,86,0,20,20,10,21,31
ATEE00100D,3,82,85,1,27,28,9,17,26
RMEE8DZ097,3,83,86,0,28,28,11,24,35
ALTD00350R,42,79,121,6,19,25,0,0,0
BAEE820024,1,61,62,0,27,27,8,18,26
TAMM84601V,4,21,25,1,6,7,7,15,22
RMEE8AZ021,1,43,44,0,14,14,4,18,22
VAEE87101D,5,75,80,1,24,25,3,27,30
VVEE812055,2,43,45,0,11,11,14,11,25
RNRH03050A,36,76,112,5,23,28,10,25,35
MIEE8E601D,6,46,52,2,9,11,6,14,20
LTMM854016,7,45,52,2,16,18,11,23,34
PCMM805039,10,29,39,1,8,9,5,25,30
RIMM70001D,10,29,39,1,8,9,5,25,30
AVEE86304E,1,45,46,0,12,12,5,17,22
COEE84201Q,2,51,53,0,9,9,4,19,23
UDEE85502B,3,63,66,0,21,21,2,28,30
PDEE89501A,6,158,164,0,28,28,8,43,51
PAEE8BD01C,1,22,23,0,3,3,9,7,16
MIMM8FZ01E,17,56,73,6,15,21,8,22,30
GRMM816021,10,18,28,2,5,7,5,19,24
FORF040008,35,64,99,7,21,28,7,28,35
VVPS00301P,46,72,118,4,16,20,17,15,32
SAEE8BM078,1,41,42,0,13,13,10,11,21
NARH09002T,49,85,134,15,32,47,22,14,36
SREE829017,1,37,38,0,12,12,4,22,26
MOEE83702A,6,57,63,2,13,15,13,17,30
PDRC003018,48,100,148,4,9,13,13,24,37
NURI00601X,24,39,63,3,4,7,9,11,20
FREE84603P,4,68,72,1,16,17,9,25,34
NAEE183019,4,68,72,1,16,17,9,25,34
MIMM81401A,9,35,44,3,5,8,11,11,22
BRMM82101X,6,22,28,0,10,10,8,10,18
CBMM856018,3,22,25,0,7,7,8,13,21
PDMM85202C,10,36,46,2,5,7,2,28,30
NARC11151R,69,107,176,22,41,63,0,0,0
PATD029508,33,58,91,3,14,17,0,0,0
SAEE83903T,7,63,70,4,19,23,8,16,24
VVMM83401R,8,29,37,1,4,5,5,14,19
PAPS011031,56,88,144,8,16,24,29,9,38
VBRI003017,87,100,187,18,24,42,20,38,58
VAEE828017,1,46,47,0,12,12,9,16,25
RCRA014507,31,83,114,5,24,29,0,0,0
GETF01801G,55,65,120,4,9,13,16,26,42
LOMM80301G,6,20,26,2,4,6,4,17,21
CHEE84305X,3,97,100,0,36,36,6,26,32
FGPM10000G,30,93,123,7,15,22,17,14,31
RMEE8GW028,8,99,107,2,32,34,6,16,22
FIMM818013,9,27,36,0,8,8,3,22,25
VREE81301G,4,109,113,1,30,31,12,33,45
BOMM83402X,12,39,51,2,8,10,5,32,37
TREE01512X,2,60,62,1,12,13,1,21,22
TAPC070005,28,109,137,1,3,4,11,25,36
GEEE86604D,3,61,64,1,19,20,4,16,20
AVEE88302N,3,61,64,0,17,17,10,22,32
BGEE81501L,3,66,69,0,15,15,2,25,27
VREE81402C,2,53,55,1,19,20,4,22,26
BRPS008013,26,50,76,6,8,14,14,6,20
BARC04151E,36,77,113,8,21,29,0,0,0
VREE88302V,6,73,79,0,20,20,5,23,28
AVTD009013,23,48,71,4,9,13,9,8,17
ENEE825046,3,71,74,1,30,31,15,15,30
VRMM86801P,24,53,77,5,16,21,5,35,40
RCPM04000T,28,124,152,3,17,20,19,16,35
MEPS008019,13,47,60,3,6,9,5,10,15
CSMM857024,11,18,29,2,5,7,6,11,17
LUMM81801E,6,29,35,3,12,15,4,19,23
BOMM84301N,9,26,35,1,10,11,3,22,25
MBMM864018,16,26,42,4,2,6,5,19,24
BNMM80402B,5,17,22,0,3,3,7,13,20
VIRF020004,48,104,152,10,24,34,11,20,31
TOMM881015,13,38,51,5,16,21,10,22,32
MBRC024508,38,74,112,6,15,21,0,0,0
FREE830079,4,53,57,0,15,15,5,21,26
RMEE864022,2,112,114,1,30,31,5,22,27
PIMM84101V,5,39,44,0,14,14,6,23,29
MTEE82102E,1,25,26,0,4,4,8,8,16
ANEE84001N,3,55,58,1,12,13,4,24,28
NAEE71601Q,3,55,58,1,12,13,4,24,28
MIMM8D201E,13,35,48,6,12,18,8,16,24
GEMM825013,7,22,29,1,7,8,4,23,27
PAMM8AS015,20,48,68,8,12,20,16,12,28
BLEE823038,1,55,56,1,16,17,1,21,22
BLEE81403D,2,40,42,0,5,5,5,12,17
TREE816038,6,41,47,1,9,10,6,23,29
MIMM86201Q,10,30,40,3,14,17,6,17,23
VTRI00802D,65,138,203,17,59,76,16,21,37
SAEE887026,4,34,38,1,6,7,5,16,21
CTEE822018,3,48,51,2,19,21,9,14,23
IMMM80304R,4,24,28,1,4,5,5,18,23
RMEE8G1025,3,57,60,0,19,19,5,19,24
RMMM88701L,12,27,39,7,5,12,7,21,28
TOEE8A702X,6,81,87,4,25,29,0,33,33
BNPS01401E,15,61,76,0,9,9,12,18,30
BNMM819014,6,17,23,1,1,2,8,11,19
CTPM01000E,22,82,104,3,15,18,12,12,24
SIPS010009,25,35,60,1,1,2,4,18,22
TVEE833048,3,79,82,1,11,12,4,23,27
LETL00601A,63,61,124,2,8,10,8,17,25
FEMM81201R,12,39,51,2,11,13,9,22,31
TPMM82001G,7,21,28,3,5,8,11,11,22
TOMM8A5016,11,50,61,6,13,19,3,32,35
CEEE8AA01G,2,82,84,0,26,26,18,13,31
PSEE817042,5,86,91,0,26,26,6,34,40
TOMM85501L,5,19,24,1,3,4,9,13,22
LTEE80205P,2,80,82,0,34,34,6,21,27
FOEE80803R,3,44,47,0,8,8,5,22,27
TSMM81601L,0,7,7,0,0,0,1,8,9
VEPM002013,48,84,132,5,9,14,10,28,38
RMMM833018,7,27,34,2,7,9,6,14,20
LEMM82102N,13,22,35,2,3,5,13,11,24
ARTD002013,22,64,86,0,0,0,6,20,26
FGMM85804X,11,31,42,3,6,9,8,19,27
BSEE81903E,2,46,48,0,7,7,9,16,25
SATD00101N,27,80,107,0,7,7,19,10,29
PGTF01301N,39,60,99,10,20,30,5,12,17
REEE82405R,5,82,87,3,25,28,4,26,30
RCEE812037,6,45,51,1,6,7,12,16,28
PAEE869012,5,54,59,1,23,24,12,10,22
VEPS023013,49,102,151,5,16,21,13,30,43
CAMM845028,9,18,27,2,1,3,6,17,23
LEPS01000P,33,62,95,1,0,1,13,18,31
NOMM819034,17,37,54,6,8,14,20,28,48
LIMM81901X,7,27,34,0,11,11,8,23,31
RMEE8DZ031,3,83,86,0,28,28,11,24,35
MNMM800011,11,45,56,4,13,17,6,31,37
CZEE82904V,2,38,40,0,6,6,16,11,27
RMEE8DM01Q,4,51,55,3,21,24,5,19,24
BSEE8AL04L,3,68,71,1,17,18,3,23,26
TORI04000L,51,51,102,7,21,28,25,15,40
TVEE813043,1,66,67,0,10,10,5,27,32
VTEE81606V,5,53,58,1,17,18,3,24,27
AQTF01601L,60,126,186,7,29,36,11,32,43
ALTF00301P,42,79,121,6,19,25,8,27,35
CEEE8BE04L,3,72,75,0,15,15,15,18,33
VAEE844037,2,54,56,1,11,12,2,15,17
CNEE841028,1,47,48,1,14,15,4,23,27
TOMM8BR014,27,44,71,10,9,19,7,34,41
CEMM83801E,14,34,48,6,10,16,8,11,19
RAMM82701L,11,33,44,1,9,10,4,19,23
PIEE83001D,0,65,65,0,16,16,3,31,34
BNMM848014,14,25,39,0,4,4,3,20,23
SIMM819017,5,15,20,1,2,3,5,9,14
BNMM85801P,5,15,20,1,2,3,5,9,14
BSEE88403N,3,64,67,2,8,10,11,19,30
TPEE03500A,3,64,67,2,8,10,11,19,30
MITD012014,45,100,145,5,3,8,7,31,38
MTEE81101V,3,32,35,0,2,2,9,13,22
MIMM8CA014,10,37,47,3,9,12,10,23,33
TAMM83801X,10,37,47,3,9,12,10,23,33
NAEE127011,2,57,59,0,20,20,10,9,19
FOEE82002A,2,32,34,0,5,5,5,13,18
FGEE878024,3,55,58,1,17,18,12,20,32
PAEE72301Q,3,55,58,1,17,18,12,20,32
BREE827021,2,46,48,2,17,19,8,13,21
SAEE8AE017,2,35,37,1,9,10,6,14,20
VBEE81501Q,7,61,68,4,14,18,5,29,34
BGEE869022,0,24,24,0,3,3,1,19,20
GREE816066,0,24,24,0,3,3,1,19,20
BSEE88301Q,7,92,99,2,25,27,14,22,36
CAEE847032,0,32,32,0,12,12,2,17,19
PAEE839027,1,53,54,0,14,14,13,15,28
APMM804025,7,29,36,1,7,8,9,34,43
NUEE85405Q,1,31,32,0,3,3,4,20,24
BGRI023019,42,55,97,3,8,11,13,21,34
UDTD011011,60,81,141,6,26,32,17,44,61
SAMM830029,7,12,19,1,0,1,7,10,17
TEMM82401C,14,46,60,3,17,20,11,28,39
PDPS00301Q,48,100,148,4,9,13,13,24,37
RCMM84302R,10,24,34,2,7,9,9,18,27
PAEE82802R,3,42,45,0,8,8,18,9,27
CRMM804024,11,33,44,3,7,10,5,25,30
FORH00250A,47,91,138,7,21,28,0,0,0
SAMM83901P,9,31,40,3,5,8,8,16,24
MOEE84401C,2,82,84,0,31,31,8,23,31
RMEE8EL03L,4,82,86,1,26,27,4,19,23
SSEE85702X,2,67,69,0,20,20,5,23,28
VAEE82703D,4,63,67,1,14,15,5,26,31
ENTD00801N,49,73,122,3,19,22,19,14,33
BIEE816048,8,89,97,4,28,32,11,28,39
GREE82003P,1,42,43,0,7,7,2,23,25
BORH02201X,1,42,43,0,7,7,2,23,25
MEMM87602B,7,27,34,3,9,12,13,17,30
VAEE82709Q,4,63,67,1,14,15,5,26,31
FOEE02107C,2,64,66,2,12,14,1,30,31
CBEE82002G,3,46,49,0,15,15,7,19,26
OREE818021,3,33,36,2,7,9,4,15,19
POEE813022,6,67,73,3,17,20,5,21,26
RMMM8DB013,8,34,42,3,7,10,5,26,31
FGTF048517,53,81,134,4,22,26,0,0,0
MBEE89201D,0,59,59,0,13,13,11,19,30
FIEE82305Q,2,59,61,2,16,18,3,28,31
PSEE84101Q,1,55,56,0,18,18,4,24,28
TPEE82103E,3,103,106,1,29,30,21,11,32
COTL00301X,36,51,87,2,5,7,3,24,27
TVEE84902Q,1,39,40,1,6,7,5,17,22
REMM85101X,5,29,34,1,5,6,10,16,26
CTEE044005,6,119,125,3,53,56,13,17,30
MIMM023005,11,20,31,2,1,3,0,0,0
SRMM807019,4,25,29,3,4,7,10,12,22
RAEE80703E,1,39,40,1,5,6,4,15,19
AVEE87702A,4,19,23,2,4,6,2,6,8
PTSD010027,44,110,154,11,41,52,5,23,28
CSEE852066,3,25,28,1,4,5,6,16,22
SAEE86401C,1,36,37,0,10,10,11,8,19
SSEE84403V,1,72,73,1,22,23,7,24,31
MIMM8FT01G,9,50,59,0,6,6,9,20,29
IMEE81002V,2,51,53,1,18,19,3,22,25
MIMM8BD011,7,28,35,0,3,3,10,8,18
MIPS11002E,32,79,111,2,2,4,10,25,35
ANEE84002P,3,55,58,1,12,13,4,24,28
CSMM85107A,7,50,57,0,9,9,16,21,37
ENEE81801X,1,32,33,0,7,7,12,15,27
LUPC010009,11,50,61,0,4,4,6,14,20
RIRI00801Q,53,81,134,5,12,17,5,32,37
APMM82702T,5,21,26,1,4,5,5,30,35
PDEE89302Q,6,72,78,2,16,18,10,34,44
MNEE82905T,5,71,76,2,17,19,4,30,34
CHRC011019,70,57,127,10,17,27,17,19,36
PGEE842013,0,34,34,0,6,6,7,20,27
SPRC00752L,31,69,100,5,18,23,0,0,0
LUEE830049,5,61,66,1,11,12,3,27,30
UDMM84602G,12,30,42,3,5,8,2,29,31
BLEE82804C,4,44,48,1,8,9,13,14,27
CTEE88902Q,3,61,64,1,25,26,7,23,30
RMEE827023,6,64,70,1,19,20,2,18,20
CEEE85902N,1,37,38,0,9,9,10,7,17
APEE82701T,1,34,35,0,8,8,5,30,35
LETF021018,80,87,167,18,24,42,26,15,41
ALEE80702C,1,56,57,0,17,17,4,22,26
PGEE00204R,8,92,100,2,31,33,13,26,39
TOEE8CE01C,2,55,57,0,14,14,10,21,31
SAEE09901C,5,46,51,0,8,8,6,14,20
VIEE83405C,0,55,55,0,14,14,4,20,24
PGEE03909L,5,65,70,0,27,27,3,24,27
LEPM04401X,25,49,74,3,6,9,10,14,24
LTEE812037,2,81,83,1,25,26,16,22,38
LTEE84902R,0,79,79,0,39,39,7,18,25
UDEE822013,4,37,41,1,7,8,2,25,27
PAEE871023,3,55,58,0,22,22,13,10,23
VTMM82401G,9,30,39,2,15,17,6,14,20
CSMM84203B,8,24,32,2,6,8,16,9,25
NAEE8DJ019,3,62,65,2,14,16,8,13,21
SSTD02951C,54,87,141,11,31,42,0,0,0
TSRI00201D,63,48,111,0,6,6,12,21,33
BSEE82701B,4,72,76,2,16,18,5,25,30
REEE83303D,9,93,102,2,27,29,3,33,36
LUEE843029,2,59,61,0,10,10,1,32,33
CNEE81207D,5,57,62,3,9,12,5,28,33
REMM81501R,7,8,15,0,2,2,5,17,22
MBTD068022,7,8,15,0,2,2,5,17,22
MBEE8F6033,5,83,88,0,21,21,4,29,33
VAEE83801T,2,76,78,1,18,19,2,31,33
CRMM82201L,15,37,52,7,10,17,6,36,42
TAEE808015,1,49,50,1,21,22,9,10,19
APEE818013,4,72,76,1,16,17,10,24,34
NAMM31400E,13,63,76,3,17,20,5,8,13
CEEE89502R,3,69,72,1,11,12,14,19,33
RGEE83401T,3,50,53,0,12,12,10,20,30
TVEE818046,3,50,53,0,12,12,10,20,30
BSMM85501E,7,26,33,0,6,6,1,28,29
SPMM801015,3,19,22,1,3,4,2,21,23
PAEE8AJ03C,5,57,62,4,19,23,13,15,28
LTMM82201P,19,58,77,8,21,29,9,21,30
VCMM81401D,8,24,32,1,7,8,14,23,37
SRMM84801G,6,20,26,0,9,9,10,14,24
MSTD01151D,6,20,26,0,9,9,10,14,24
PGEE80702R,1,27,28,1,4,5,6,10,16
SOMM80902V,10,23,33,1,4,5,8,18,26
CNRC014508,10,23,33,1,4,5,8,18,26
PZTD01150C,43,98,141,5,13,18,0,0,0
RGEE82902B,1,57,58,0,16,16,7,21,28
SARH02101R,29,52,81,1,8,9,17,12,29
TOEE87202C,3,72,75,2,20,22,7,34,41
FRRF008512,32,63,95,8,20,28,0,0,0
CSPS07801N,22,53,75,1,7,8,17,6,23
SARH03650V,42,75,117,5,15,20,0,0,0
BNPC02000N,16,44,60,0,0,0,8,13,21
SVEE80704P,7,69,76,4,20,24,11,27,38
CTMM00300T,10,69,79,5,14,19,4,10,14
PIEE83501L,5,87,92,3,28,31,5,32,37
AVMM84101D,7,23,30,0,5,5,12,11,23
BGEE839026,1,52,53,0,10,10,3,20,23
SAEE8BE03X,2,33,35,0,6,6,7,17,24
TORI02901V,92,158,250,33,72,105,29,29,58
SOEE801018,4,31,35,2,5,7,3,17,20
BGTD03701T,36,87,123,1,7,8,6,29,35
BORC03000L,44,140,184,14,41,55,12,28,40
TVEE87303N,6,75,81,2,22,24,6,27,33
FOMM80301E,8,26,34,3,3,6,10,29,39
LEMM83001B,1,20,21,0,4,4,14,7,21
FREE85802X,0,52,52,0,21,21,3,24,27
FIMM840018,9,19,28,3,5,8,4,22,26
FIMM83001N,1,18,19,0,2,2,3,17,20
AQEE82706N,4,48,52,3,10,13,12,19,31
CRMM809027,13,43,56,5,10,15,3,39,42
NAMM8EM01A,9,41,50,3,11,14,8,15,23
CREE80103P,1,30,31,0,9,9,2,28,30
VAEE82701B,4,63,67,1,14,15,5,26,31
CNEE826048,3,56,59,1,10,11,6,30,36
MEEE89101D,2,28,30,0,3,3,11,10,21
VREE844017,4,53,57,2,18,20,2,18,20
SAEE816046,3,31,34,1,6,7,5,12,17
MORC003017,34,95,129,6,22,28,11,20,31
TEEE81605P,0,34,34,0,7,7,8,17,25
AGEE84705B,7,50,57,1,14,15,20,7,27
REEE85401C,5,94,99,1,28,29,9,30,39
BIEE809012,6,41,47,3,8,11,9,13,22
ANMM83402A,7,31,38,1,8,9,5,21,26
TVEE842032,1,60,61,0,13,13,4,21,25
OREE82310T,3,41,44,0,14,14,6,27,33
PIEE81903R,1,83,84,0,30,30,7,31,38
BAPS04001R,20,57,77,3,11,14,12,11,23
ANMM81701G,10,40,50,1,12,13,2,36,38
BSTF03702N,10,40,50,1,12,13,2,36,38
CHMM825026,7,24,31,1,6,7,3,27,30
BSRA02203C,98,97,195,27,32,59,30,50,80
FGTD023017,46,124,170,8,33,41,16,17,33
MIMM8BB019,10,37,47,2,3,5,14,18,32
GRPS013012,40,71,111,10,6,16,4,25,29
CNEE81607R,2,37,39,0,11,11,5,23,28
SRMM809011,8,35,43,1,7,8,5,16,21
REEE813016,2,67,69,0,24,24,2,23,25
ROMM816037,16,39,55,5,8,13,6,28,34
RCEE855035,1,76,77,0,23,23,19,11,30
PGPM03901R,23,28,51,6,15,21,6,9,15
NATF092505,68,120,188,11,35,46,0,0,0
MCPC002012,31,106,137,3,8,11,10,30,40
TVMM85701L,11,24,35,1,5,6,2,20,22
SVMM80104P,6,11,17,1,1,2,5,17,22
LTEE854028,2,52,54,1,16,17,11,23,34
MSEE810043,0,30,30,0,7,7,2,16,18
CSEE19003Q,4,41,45,1,12,13,13,11,24
VIMM84403X,6,18,24,1,3,4,4,14,18
NAEE8F8019,1,93,94,0,37,37,10,14,24
MOEE817058,12,95,107,5,29,34,8,27,35
VTEE81001P,0,47,47,0,17,17,3,18,21
MEEE878013,1,28,29,0,3,3,8,14,22
RCTE03401T,46,44,90,3,6,9,16,16,32
LIEE06000G,46,44,90,3,6,9,16,16,32
MIPS09901X,16,74,90,1,7,8,5,19,24
LEEE00501R,4,66,70,3,24,27,10,12,22
FOPC04000V,28,83,111,0,8,8,10,22,32
PZEE879012,4,38,42,1,8,9,5,21,26
PGTF010005,109,152,261,13,44,57,15,35,50
CTEE84701L,1,12,13,0,2,2,5,12,17
FGEE82403R,1,36,37,0,5,5,11,8,19
FGMM84101B,11,23,34,2,5,7,7,12,19
MORI02007X,11,23,34,2,5,7,7,12,19
FIEE86101A,3,72,75,0,7,7,5,32,37
CREE82306P,10,99,109,5,26,31,4,33,37
CTEE88901P,3,61,64,1,25,26,7,23,30
VRMM873016,7,23,30,1,3,4,10,12,22
AVMM857046,6,15,21,0,4,4,5,18,23
APEE839047,2,70,72,0,26,26,4,28,32
MSPS012014,15,62,77,2,5,7,5,17,22
COEE854034,3,62,65,2,16,18,7,19,26
VIRI011019,64,67,131,7,12,19,12,26,38
LERH01750L,67,91,158,10,31,41,0,0,0
PSEE823016,3,65,68,1,24,25,7,31,38
RMMM854019,14,50,64,3,25,28,3,24,27
LCRI01251R,65,75,140,4,21,25,0,0,0
MIEE8CK019,3,42,45,0,10,10,2,16,18
TOMM8BW01L,14,60,74,6,19,25,6,38,44
TVSL01000R,26,70,96,1,8,9,10,19,29
TPEE816022,0,32,32,0,9,9,12,8,20
RNEE81106G,6,55,61,2,14,16,5,34,39
VTEE83302C,4,79,83,1,27,28,5,21,26
BSMM89801C,16,47,63,3,11,14,10,22,32
NAEE8DD02T,16,47,63,3,11,14,10,22,32
NUMM865044,12,15,27,1,2,3,4,20,24
ALEE823019,3,39,42,2,7,9,8,23,31
APEE83103G,0,40,40,0,10,10,4,22,26
PCMM00301L,26,94,120,12,23,35,4,23,27
REMM847018,15,34,49,3,10,13,3,31,34
VTMM834016,2,8,10,0,3,3,7,23,30
LUEE844025,1,48,49,0,9,9,3,29,32
TRMM82103P,10,21,31,4,4,8,1,24,25
TREE81301P,2,28,30,0,6,6,2,21,23
SAMM8A101V,10,30,40,2,2,4,8,11,19
VEEE82505A,3,89,92,0,16,16,5,38,43
CSRI02801T,70,84,154,6,17,23,29,9,38
CEEE86605X,1,27,28,0,4,4,8,11,19
MBTD04201R,33,71,104,2,3,5,6,25,31
RGEE83601D,3,57,60,1,10,11,9,21,30
BAMM88501R,7,30,37,3,5,8,2,15,17
PAEE8AR044,3,56,59,1,10,11,12,14,26
SRMM85001G,8,29,37,1,5,6,9,17,26
PDEE88602L,5,89,94,2,28,30,4,23,27
TVEE87804T,4,78,82,1,14,15,3,34,37
TOPC090009,34,81,115,3,4,7,8,24,32
SPEE81802L,1,48,49,0,13,13,2,20,22
CSEE887021,2,58,60,0,13,13,18,13,31
RNEE80101Q,4,50,54,2,16,18,9,20,29
AQEE82607V,2,33,35,1,9,10,6,22,28
BLMM81402B,11,23,34,4,3,7,5,12,17
SARH032028,28,49,77,3,9,12,14,14,28
LOEE81602Q,3,76,79,1,13,14,3,25,28
PAEE86004P,7,62,69,1,25,26,14,12,26
PGEE82201T,1,32,33,0,8,8,3,16,19
BAEE820035,1,61,62,0,27,27,8,18,26
BGEE84002A,5,67,72,0,16,16,3,24,27
PAEE033018,2,47,49,1,13,14,8,9,17
RMEE8DT021,1,60,61,0,22,22,4,19,23
FREE82902X,1,46,47,1,6,7,10,35,45
BNPS016027,46,80,126,2,13,15,26,38,64
NAMM8CV011,3,20,23,0,7,7,6,14,20
RMEE8F804B,2,69,71,1,25,26,8,21,29
NOMM812039,11,39,50,3,8,11,7,27,34
VAMM85401P,15,32,47,5,6,11,4,24,28
PEEE807037,1,39,40,1,10,11,2,24,26
CAPC00101X,31,56,87,2,4,6,8,17,25
VAMM806019,7,21,28,2,3,5,5,13,18
NASD12401B,7,21,28,2,3,5,5,13,18
FOMM80803Q,5,26,31,2,3,5,5,22,27
RMEE8C802D,4,82,86,1,28,29,4,23,27
MIEE8FZ01G,3,79,82,0,10,10,8,22,30
NAEE8E301G,1,35,36,0,12,12,6,10,16
NUEE85005C,2,21,23,0,2,2,2,17,19
CEEE8A605V,2,21,23,0,2,2,2,17,19
PDPC001011,49,86,135,9,8,17,8,19,27
REEE82406T,5,82,87,3,25,28,4,26,30
NATN122013,33,79,112,6,26,32,17,20,37
LUEE837022,5,45,50,1,9,10,1,26,27
AQMM85001C,15,46,61,7,18,25,5,33,38
VVEE812011,2,43,45,0,11,11,14,11,25
NAEE147038,2,86,88,0,27,27,10,15,25
MIMM81403C,2,86,88,0,27,27,10,15,25
CEEE84001G,1,52,53,0,14,14,6,12,18
NAEE8EY01P,1,52,53,0,14,14,6,12,18
PAPM02201A,39,77,116,4,14,18,21,14,35
VIMM88101R,11,35,46,4,6,10,11,29,40
VVEE83401T,0,36,36,0,13,13,5,14,19
CAEE84504B,3,49,52,0,10,10,6,17,23
PATD01350P,46,59,105,7,17,24,0,0,0
VBTF003014,87,100,187,18,24,42,20,38,58
PDRI026502,74,64,138,1,3,4,0,0,0
RCPS014019,31,83,114,5,24,29,19,13,32
GEPS01801D,55,65,120,4,9,13,16,26,42
PEPS00601T,100,113,213,6,18,24,21,27,48
FGPM05000Q,25,49,74,2,7,9,13,10,23
UDEE856027,8,95,103,3,21,24,4,23,27
NARI09201X,68,120,188,11,35,46,19,15,34
REMM700016,68,120,188,11,35,46,19,15,34
PDEE89505E,6,158,164,0,28,28,8,43,51
SRTL029012,34,81,115,1,7,8,20,25,45
TAPC040009,23,91,114,1,5,6,14,17,31
VTEE81601N,5,53,58,1,17,18,3,24,27
PIEE82405A,4,35,39,2,8,10,6,19,25
PSEE831026,3,43,46,1,9,10,7,30,37
PAEE88201C,8,25,33,2,3,5,9,8,17
ENEE826031,4,55,59,1,10,11,17,18,35
ANEE82602C,1,58,59,0,21,21,4,25,29
PDTF02050X,80,71,151,0,4,4,22,32,54
VVRH00350R,46,72,118,4,16,20,0,0,0
PZMM84002Q,4,18,22,1,3,4,7,14,21
SAMM8BM055,12,17,29,1,3,4,10,11,21
AVPC009014,23,48,71,4,9,13,9,8,17
ENMM825012,19,38,57,5,17,22,15,15,30
RCPM02000L,18,86,104,1,17,18,13,19,32
GOEE802021,0,41,41,0,11,11,3,17,20
NUPS018033,40,47,87,4,8,12,8,15,23
METL00901B,84,198,282,19,88,107,43,43,86
RAEE82702P,2,52,54,1,12,13,4,19,23
BGEE87507E,2,70,72,0,16,16,3,24,27
MBEE86402A,3,63,66,0,14,14,5,19,24
TOMM80601B,6,14,20,2,4,6,4,23,27
FEEE823018,8,59,67,0,13,13,8,20,28
PSEE83503E,0,32,32,0,5,5,7,22,29
FGEE830023,2,40,42,1,13,14,11,7,18
AGEE82406Q,4,60,64,1,9,10,19,10,29
LIMM80801D,11,19,30,4,5,9,7,16,23
FIMM86501L,9,35,44,2,9,11,4,30,34
AREE83202G,2,33,35,1,7,8,3,17,20
RMEE8GW017,8,99,107,2,32,34,6,16,22
LUEE82502Q,1,35,36,0,11,11,2,17,19
PIEE841032,3,79,82,1,21,22,6,23,29
MTEE82104L,1,25,26,0,4,4,8,8,16
VREE87502X,0,63,63,0,12,12,8,19,27
GEEE825014,5,51,56,3,13,16,4,23,27
AQEE83401G,5,51,56,3,13,16,4,23,27
BARC041015,36,77,113,8,21,29,9,15,24
MIEE865018,4,67,71,2,17,19,4,25,29
PSEE809021,3,16,19,1,1,2,0,0,0
IMEE80305V,2,58,60,1,15,16,5,18,23
ALEE818041,1,52,53,0,13,13,8,25,33
CTEE8AM02A,0,72,72,0,22,22,7,20,27
BNMM80403C,5,17,22,0,3,3,7,13,20
RMPS06901L,50,111,161,3,12,15,11,31,42
LUPS004016,62,71,133,9,18,27,10,28,38
VIRF02050D,48,104,152,10,24,34,11,20,31
RMEE8EL02G,4,82,86,1,26,27,4,19,23
CTPM020005,53,114,167,3,16,19,11,15,26
BOEE82404C,2,53,55,1,9,10,10,28,38
TRTD006021,7,40,47,0,8,8,3,11,14
BIEE816026,8,89,97,4,28,32,11,28,39
BOEE81301V,6,55,61,2,16,18,7,15,22
RMEE864033,2,112,114,1,30,31,5,22,27
RMSL08901P,89,117,206,20,48,68,26,23,49
MIEE8D202L,13,83,96,6,24,30,8,16,24
VERI00251L,48,84,132,5,9,14,0,0,0
RMEE8F3026,5,70,75,2,23,25,5,23,28
FGMM858051,11,31,42,3,6,9,8,19,27
CLEE81101R,0,51,51,0,14,14,12,13,25
SAPC00101P,27,80,107,0,7,7,19,10,29
FIMM84801V,11,29,40,2,8,10,7,17,24
CEMM86803C,17,33,50,3,4,7,13,17,30
BOEE875016,2,45,47,1,9,10,5,20,25
VTRI00803E,65,138,203,17,59,76,16,21,37
PAMM869011,6,32,38,4,16,20,12,10,22
SAEE8A1032,2,24,26,0,3,3,8,11,19
LEMM87001T,12,25,37,2,4,6,12,17,29
CSTF028514,70,84,154,6,17,23,0,0,0
BGEE8AF02D,2,52,54,0,13,13,7,24,31
RAMM808028,13,22,35,2,6,8,5,28,33
LEPM050006,32,85,117,10,20,30,9,15,24
TOEE8CG025,6,87,93,2,15,17,1,50,51
NAEE897019,1,43,44,1,14,15,16,10,26
BSEE8AL03G,3,68,71,1,17,18,3,23,26
SAEE89601X,1,66,67,1,13,14,7,15,22
MORC016019,26,67,93,10,20,30,9,19,28
TSEE81703G,0,31,31,0,2,2,3,15,18
MNEE821035,2,41,43,1,8,9,5,19,24
RMEE83302A,2,76,78,1,12,13,6,14,20
RMEE8DZ064,3,83,86,0,28,28,11,24,35
SPTL00201R,51,90,141,4,17,21,11,25,36
MCMM820037,5,12,17,1,1,2,4,26,30
MNEE80702T,4,53,57,2,17,19,7,19,26
VEEE855023,0,63,63,0,15,15,9,28,37
BGMM840029,15,37,52,4,8,12,3,24,27
CHTF01101V,70,57,127,10,17,27,17,19,36
SPRC007016,70,57,127,10,17,27,17,19,36
RMEE8B0028,1,75,76,0,22,22,7,20,27
VAEE86903G,5,70,75,0,22,22,5,21,26
CSEE88301L,2,39,41,1,12,13,7,16,23
RMEE220012,0,79,79,0,18,18,1,22,23
AQMM82001L,3,12,15,0,0,0,7,11,18
AVEE860021,2,56,58,0,10,10,10,19,29
CNEE848034,2,60,62,0,12,12,0,33,33
MNEE800034,4,72,76,3,20,23,6,31,37
RMMM8DM01P,17,64,81,7,19,26,5,19,24
ALTL00602B,17,64,81,7,19,26,5,19,24
TAEE838022,17,64,81,7,19,26,5,19,24
TORH010009,60,121,181,7,42,49,20,31,51
RMEE8B903Q,1,84,85,0,32,32,7,26,33
NAEE125008,1,50,51,0,7,7,7,9,16
PZRH02801B,1,50,51,0,7,7,7,9,16
SRMM829016,5,21,26,1,4,5,4,22,26
NUEE85401G,1,31,32,0,3,3,4,20,24
UDRA01101P,60,81,141,6,26,32,17,44,61
RCEE84301R,1,48,49,1,10,11,9,18,27
PAEE82803T,1,48,49,1,10,11,9,18,27
CREE805043,8,95,103,3,25,28,5,41,46
CAMM002009,12,41,53,1,6,7,1,12,13
CSEE84204D,3,39,42,1,7,8,16,9,25
LUEE83801R,4,48,52,1,12,13,4,25,29
SAMM8AK01P,4,12,16,1,2,3,5,9,14
PATF013501,46,59,105,7,17,24,0,0,0
KRMM821024,15,15,30,3,2,5,12,12,24
COEE808029,2,56,58,1,12,13,5,20,25
ENPM00801V,49,73,122,3,19,22,19,14,33
BREE820015,2,52,54,1,14,15,8,17,25
GRMM82001G,7,20,27,2,4,6,2,23,25
PDEE862035,2,62,64,1,14,15,3,24,27
VVEE833023,4,39,43,2,8,10,14,16,30
FOEE021016,2,64,66,2,12,14,1,30,31
LUMM843017,4,18,22,2,3,5,1,32,33
MSRI01102E,50,85,135,7,21,28,18,25,43
AVMM88301G,6,31,37,0,6,6,10,22,32
VAEE82003P,1,41,42,0,8,8,4,17,21
VBMM81101B,1,41,42,0,8,8,4,17,21
CTEE85902X,0,29,29,0,8,8,11,12,23
CRMM804013,11,33,44,3,7,10,5,25,30
VBEE815072,7,61,68,4,14,18,5,29,34
MBEE829012,5,76,81,3,11,14,6,22,28
BOEE854026,9,82,91,3,25,28,6,25,31
MIEE8FC02N,7,67,74,1,21,22,4,23,27
FREE82604E,2,55,57,0,19,19,7,23,30
MIMM0CD00G,2,55,57,0,19,19,7,23,30
BOEE843082,4,56,60,1,14,15,3,22,25
SREE80701A,0,43,43,0,17,17,10,12,22
ARMM83703P,0,43,43,0,17,17,10,12,22
PEMM81101Q,8,18,26,0,1,1,10,20,30
NOMM83101L,7,31,38,3,19,22,8,32,40
NAEE8GD03P,1,42,43,1,18,19,2,15,17
AVMM87703A,9,10,19,0,3,3,2,6,8
PTSD01050E,9,10,19,0,3,3,2,6,8
COEE81901P,2,50,52,1,10,11,1,31,32
AQMM82805B,11,28,39,4,6,10,6,24,30
LEEE84303L,3,60,63,1,15,16,16,11,27
MTMM82101C,2,15,17,0,3,3,8,8,16
PSEE84103T,1,55,56,0,18,18,4,24,28
REEE851011,2,44,46,1,10,11,10,16,26
SSEE83101P,1,28,29,0,4,4,4,13,17
MNEE82901N,5,71,76,2,17,19,4,30,34
VREE89101R,4,57,61,2,13,15,4,18,22
VIMM821015,14,34,48,5,6,11,2,23,25
BOMM81301T,10,25,35,2,6,8,7,15,22
APEE827041,1,34,35,0,8,8,5,30,35
CNMM826047,14,30,44,5,8,13,6,30,36
NATN00901Q,36,70,106,4,18,22,20,10,30
LEEE859014,2,71,73,1,14,15,12,19,31
SAEE09902D,5,46,51,0,8,8,6,14,20
BIEE812052,4,35,39,1,9,10,6,23,29
CTEE8A201N,2,47,49,1,19,20,5,17,22
RGEE026032,2,47,49,1,12,13,9,8,17
VIEE834029,0,55,55,0,14,14,4,20,24
CTPM012017,24,62,86,4,19,23,10,12,22
LEMM882014,4,30,34,0,11,11,10,19,29
CEMM8A9015,1,7,8,1,3,4,12,18,30
RIEE824032,2,30,32,0,8,8,5,25,30
RMPS09301D,37,88,125,4,20,24,6,24,30
LUPS01000C,36,82,118,1,3,4,8,27,35
PGRI01301R,39,60,99,10,20,30,5,12,17
CZEE82302T,2,27,29,0,4,4,7,8,15
SRTL01101R,61,113,174,10,29,39,15,45,60
APMM82701R,5,21,26,1,4,5,5,30,35
CZEE830065,3,47,50,1,12,13,7,24,31
TSRI003019,20,22,42,0,1,1,6,10,16
VESL024515,60,75,135,1,7,8,0,0,0
PGEE026049,0,87,87,0,14,14,6,22,28
RMTD10801T,38,64,102,2,5,7,11,20,31
SAMM8BT015,4,22,26,0,3,3,14,5,19
TOMM8CE01B,11,32,43,3,7,10,10,21,31
NAEE89001E,11,32,43,3,7,10,10,21,31
BGMM867018,8,16,24,1,2,3,8,11,19
PGEE84901T,1,71,72,0,25,25,3,29,32
MOPS030002,49,118,167,5,16,21,19,30,49
VAEE83813B,2,76,78,1,18,19,2,31,33
LETL04251V,71,101,172,6,28,34,0,0,0
BSEE89301A,6,86,92,0,17,17,7,31,38
LTEE84904V,0,79,79,0,39,39,7,18,25
MBEE8DP025,7,65,72,2,12,14,4,22,26
CREE82201N,8,90,98,4,32,36,6,36,42
BGMM897025,12,34,46,2,7,9,4,23,27
COEE804044,7,57,64,1,10,11,6,17,23
BSEE82604P,3,47,50,1,9,10,8,19,27
PDEE85701G,1,36,37,0,7,7,5,21,26
RMTF02250T,32,53,85,5,11,16,0,0,0
RMEE8CR018,8,115,123,2,39,41,12,22,34
CNTF01401D,71,91,162,9,29,38,9,27,36
PNRI00701P,57,62,119,3,10,13,7,26,33
APTA00801A,45,101,146,6,34,40,34,45,79
RMTL03401X,63,75,138,9,11,20,12,24,36
REEE81501T,2,28,30,0,5,5,5,17,22
VITD01101X,64,67,131,7,12,19,12,26,38
RMEE8BA013,2,59,61,0,21,21,5,22,27
CNMM80602X,8,30,38,1,6,7,8,32,40
RMMM8D1017,7,24,31,1,10,11,7,20,27
VVEE824017,2,34,36,0,8,8,11,8,19
FEMM803034,7,30,37,3,5,8,3,20,23
PDEE87803P,2,48,50,0,7,7,8,20,28
TVEE87301G,6,75,81,2,22,24,6,27,33
UDMM826019,7,33,40,2,4,6,4,27,31
ROMM80101B,7,15,22,0,3,3,3,11,14
NAMM297002,29,93,122,11,29,40,12,13,25
MIEE8CK02A,3,42,45,0,10,10,2,16,18
SAEE8B502V,2,70,72,0,20,20,10,17,27
VEEE86002E,2,69,71,0,15,15,4,30,34
FGEE86803E,1,61,62,0,17,17,19,9,28
NARC06101G,61,142,203,11,52,63,22,16,38
MOEE84402D,61,142,203,11,52,63,22,16,38
FIEE84002A,3,66,69,0,15,15,4,22,26
BGEE83204D,3,62,65,1,10,11,2,25,27
VBEE80402A,1,43,44,1,10,11,5,26,31
NAMM82201V,9,45,54,1,11,12,8,15,23
PZEE82109P,2,64,66,0,9,9,7,26,33
GRMM82003N,7,20,27,2,4,6,2,23,25
PZTD011014,43,98,141,5,13,18,16,26,42
SAMM816034,11,15,26,1,3,4,5,12,17
LIMM813011,23,57,80,5,14,19,5,26,31
OREE818032,3,33,36,2,7,9,4,15,19
GEPS17000A,34,104,138,2,14,16,8,28,36
CHEE82302G,34,104,138,2,14,16,8,28,36
AGPC010001,43,67,110,1,3,4,20,11,31
BSPS00801E,57,104,161,4,13,17,16,25,41
PCEE81701E,2,82,84,0,16,16,7,33,40
AVMM869019,13,52,65,1,11,12,8,22,30
CTMM86301D,17,59,76,8,35,43,7,20,27
RMEE8EW012,15,108,123,6,24,30,4,25,29
ALEE81501A,8,66,74,3,28,31,2,34,36
VIEE873053,3,51,54,2,13,15,6,25,31
GREE82601G,5,55,60,1,14,15,6,27,33
FOEE80305Q,2,55,57,0,8,8,10,29,39
RMEE8BY02V,3,82,85,0,26,26,6,23,29
ORMM82303C,8,28,36,4,5,9,6,27,33
SPEE80403Q,1,38,39,0,6,6,0,17,17
MIEE8FD01C,16,106,122,9,25,34,5,34,39
BSRH02201E,98,97,195,27,32,59,30,50,80
CSMM85201X,5,24,29,1,5,6,6,16,22
BOEE863021,2,73,75,2,11,13,6,25,31
PGMM01600D,5,30,35,2,16,18,2,2,4
TORH00602Q,52,80,132,18,27,45,22,33,55
AQPS019012,66,87,153,4,14,18,5,33,38
VIEE844064,0,17,17,0,3,3,4,14,18
MIPS120003,24,63,87,1,2,3,5,19,24
MOMM81801V,4,32,36,1,7,8,7,24,31
MCEE819012,2,35,37,0,7,7,2,16,18
SREE817011,1,35,36,0,8,8,7,15,22
LEEE82202E,0,40,40,0,10,10,10,12,22
PREE806033,2,54,56,1,15,16,3,24,27
ARPC001018,23,64,87,6,17,23,2,19,21
NOEE82302Q,4,99,103,1,37,38,3,36,39
COEE82703Q,6,65,71,1,15,16,5,20,25
CLEE822028,3,64,67,0,20,20,14,12,26
GRRC00602C,57,132,189,12,42,54,21,32,53
MOEE81903T,1,85,86,0,29,29,7,26,33
FGMM82402P,6,19,25,1,1,2,11,8,19
MIEE8BL027,10,77,87,3,24,27,10,23,33
PREE812018,3,42,45,0,8,8,8,21,29
NAEE8GW018,7,77,84,3,30,33,16,14,30
MORI020502,48,60,108,4,15,19,21,27,48
BAPS030005,31,52,83,1,2,3,13,10,23
CTEE823036,31,52,83,1,2,3,13,10,23
LUEE830038,5,61,66,1,11,12,3,27,30
RIMM035009,5,61,66,1,11,12,3,27,30
COMM854011,5,41,46,1,9,10,7,19,26
CRTF016011,48,99,147,5,19,24,10,29,39
CTTF012018,24,62,86,4,19,23,10,12,22
LERI01701Q,67,91,158,10,31,41,16,17,33
LIEE06106N,67,91,158,10,31,41,16,17,33
MNMM82302P,7,20,27,1,6,7,5,19,24
PGMM83201B,4,14,18,1,5,6,4,11,15
LCTF012018,65,75,140,4,21,25,23,29,52
VRRA01202V,110,152,262,23,55,78,21,43,64
TOEE8BW02P,6,95,101,4,31,35,6,38,44
LEEE85102E,2,51,53,1,13,14,19,8,27
CAEE88701A,3,75,78,1,29,30,4,21,25
TOPS047017,65,55,120,12,13,25,17,19,36
CSEE87208D,65,55,120,12,13,25,17,19,36
NAMM89001D,65,55,120,12,13,25,17,19,36
REEE84703B,7,79,86,1,23,24,3,31,34
LTTD00650E,49,118,167,11,33,44,0,0,0
TRMM82102N,10,21,31,4,4,8,1,24,25
BIPC00101R,41,75,116,7,12,19,10,18,28
IMMM81702L,8,30,38,2,5,7,6,23,29
BGMM868014,11,25,36,0,4,4,4,25,29
TOEE846042,3,55,58,1,8,9,8,30,38
VAEE837023,2,41,43,0,10,10,1,16,17
RCPC050008,11,51,62,1,2,3,7,18,25
TOEE86301L,1,68,69,0,15,15,11,28,39
METL00951R,84,198,282,19,88,107,0,0,0
TVSL010506,26,70,96,1,8,9,10,19,29
RMEE8AJ035,3,19,22,1,2,3,3,10,13
RGMM837018,11,29,40,1,6,7,11,20,31
RMEE8BJ024,0,70,70,0,20,20,6,20,26
BSMM89802D,16,47,63,3,11,14,10,22,32
CEEE70301Q,16,47,63,3,11,14,10,22,32
PCEE80903N,0,81,81,0,24,24,1,35,36
BITD00602X,34,95,129,8,29,37,9,25,34
CREE82804Q,8,65,73,4,17,21,2,28,30
COEE812021,2,46,48,0,13,13,3,22,25
BARI04201N,52,69,121,2,8,10,18,18,36
FRRA00801X,32,63,95,8,20,28,13,20,33
CEMM872012,18,40,58,9,10,19,15,11,26
CNPS01101X,29,41,70,0,8,8,7,17,24
LTMM839014,13,50,63,2,16,18,13,18,31
PCMM00300G,26,94,120,12,23,35,4,23,27
RNMM80101P,10,28,38,2,9,11,9,20,29
BNMM701012,10,28,38,2,9,11,9,20,29
SRSL00301C,45,62,107,6,19,25,26,21,47
RMTL039013,20,65,85,4,7,11,9,14,23
BGEE839059,1,52,53,0,10,10,3,20,23
PGEE82203X,1,32,33,0,8,8,3,16,19
KREE827035,9,44,53,0,9,9,18,7,25
CTEE04201E,3,52,55,1,19,20,10,11,21
IMEE80401E,3,34,37,1,7,8,3,17,20
ROMM80102C,7,15,22,0,3,3,3,11,14
ROEE80604P,3,51,54,0,12,12,7,23,30
CEEE86602R,1,27,28,0,4,4,8,11,19
LUTD004012,62,71,133,9,18,27,10,28,38
BNRA01601Q,46,80,126,2,13,15,26,38,64
BSMM80401N,11,29,40,1,5,6,2,25,27
MEEE82002C,1,39,40,0,13,13,7,12,19
FITD00901N,68,126,194,3,7,10,13,28,41
VAMM85402Q,15,32,47,5,6,11,4,24,28
PEEE807015,1,39,40,1,10,11,2,24,26
SRMM85101B,5,19,24,1,6,7,12,9,21
CARC004013,37,36,73,5,3,8,10,15,25
VAEE80503L,4,62,66,1,21,22,6,19,25
TVEE87803R,4,78,82,1,14,15,3,34,37
TOPC08000P,28,71,99,7,12,19,2,28,30
FOEE80801P,3,44,47,0,8,8,5,22,27
SPEE81801G,1,48,49,0,13,13,2,20,22
RMEE8DZ109,3,83,86,0,28,28,11,24,35
FGMM85803V,11,31,42,3,6,9,8,19,27
TEEE81603L,0,34,34,0,7,7,8,17,25
SARH03250G,28,49,77,3,9,12,0,0,0
BSMM81201L,5,39,44,0,5,5,8,18,26
CHEE826067,1,16,17,0,2,2,1,16,17
PVEE82603D,10,115,125,4,35,39,10,46,56
REEE85402D,5,94,99,1,28,29,9,30,39
NAEE80701T,2,51,53,2,24,26,7,11,18
BGEE84801X,2,38,40,0,9,9,4,16,20
PATD02251E,39,77,116,4,14,18,0,0,0
BSTA023012,27,39,66,0,5,5,7,19,26
PDTF02601E,74,64,138,1,3,4,10,31,41
RMEE8C203G,1,68,69,0,19,19,6,23,29
AVEE86305G,1,45,46,0,12,12,5,17,22
COMM84102X,10,38,48,4,6,10,7,22,29
NOEE81204B,2,75,77,1,17,18,7,27,34
PDEE89502B,6,158,164,0,28,28,8,43,51
SVMM80201B,9,26,35,3,3,6,5,25,30
CLEE829012,0,43,43,0,8,8,15,11,26
MEMM814046,6,18,24,0,1,1,12,16,28
BAEE12100Q,2,54,56,2,12,14,1,19,20
NAPS124011,2,54,56,2,12,14,1,19,20
MTPS012017,68,77,145,0,2,2,15,27,42
VTMM81601L,8,23,31,3,7,10,3,24,27
ENMM82601T,21,45,66,3,7,10,17,18,35
COEE80208L,4,39,43,1,6,7,4,15,19
ANEE82601B,1,58,59,0,21,21,4,25,29
CATD020007,48,69,117,4,14,18,6,22,28
MCEE82005A,0,26,26,0,3,3,4,26,30
FOPM05000N,18,68,86,2,4,6,5,23,28
VVTD00301E,46,72,118,4,16,20,17,15,32
SREE81904Q,0,39,39,0,8,8,4,19,23
SAEE8BM067,1,41,42,0,13,13,10,11,21
RCPS016011,33,60,93,2,12,14,18,9,27
LUMM83701X,7,16,23,0,5,5,1,26,27
PGTF040001,57,56,113,3,9,12,17,20,37
FGEE82401P,1,36,37,0,5,5,11,8,19
MNPC02000G,14,54,68,0,1,1,6,21,27
MIMM81402B,14,54,68,0,1,1,6,21,27
BGEE87505C,2,70,72,0,16,16,3,24,27
VIEE881063,2,108,110,0,28,28,11,29,40
CTEE85001C,1,41,42,0,10,10,8,10,18
SAEE8AM02C,1,17,18,0,3,3,6,12,18
RCTD01450D,31,83,114,5,24,29,0,0,0
AGMM82401D,10,32,42,2,6,8,19,10,29
LIEE80801E,1,44,45,0,15,15,7,16,23
RMMM8GW016,6,22,28,1,4,5,6,16,22
FREE82006N,1,37,38,1,5,6,5,17,22
GRPM01050X,37,91,128,3,15,18,10,20,30
VREE87501V,0,63,63,0,12,12,8,19,27
FOEE819015,1,58,59,0,11,11,9,23,32
CTEE81904G,0,53,53,0,20,20,5,16,21
FREE85201X,1,60,61,1,16,17,6,20,26
VREE867032,3,48,51,0,12,12,1,20,21
BOTD008526,39,79,118,5,11,16,0,0,0
PGEE05202Q,1,81,82,0,22,22,5,30,35
RMEE85401A,3,68,71,1,24,25,3,24,27
PZTD02851V,46,89,135,4,23,27,0,0,0
NUPS018022,40,47,87,4,8,12,8,15,23
COMM817012,6,29,35,3,6,9,3,23,26
LUMM81901A,7,38,45,0,7,7,2,20,22
BLEE83302T,7,67,74,1,15,16,10,31,41
PEMM81602X,3,21,24,0,6,6,3,14,17
PIEE840036,3,74,77,0,24,24,3,29,32
NAEE826017,0,44,44,0,18,18,6,14,20
VIRH010001,34,56,90,7,19,26,8,21,29
BIMM816014,13,46,59,6,15,21,11,28,39
RMEE864011,2,112,114,1,30,31,5,22,27
PIEE841021,3,79,82,1,21,22,6,23,29
ALEE82311R,3,39,42,2,7,9,8,23,31
RMTF08901X,89,117,206,20,48,68,26,23,49
MIPS06101D,41,105,146,8,32,40,9,22,31
MBEE89102P,3,55,58,1,16,17,0,24,24
TORC01901G,63,73,136,8,20,28,13,23,36
TVMM84901N,1,21,22,0,3,3,5,17,22
VEEE825049,3,89,92,0,16,16,5,38,43
ALEE81803X,1,52,53,0,13,13,8,25,33
TVEE82403C,5,70,75,0,12,12,4,25,29
TOEE8A6013,1,64,65,0,17,17,3,28,31
RAEE808029,3,63,66,0,14,14,5,28,33
UDEE84502R,4,61,65,1,6,7,6,24,30
TRRI006019,7,40,47,0,8,8,3,11,14
NAMM8EN016,14,47,61,4,18,22,12,14,26
PREE805026,8,31,39,2,7,9,4,19,23
TOEE85501N,1,38,39,0,6,6,9,13,22
MNEE821046,2,41,43,1,8,9,5,19,24
PZEE893029,2,41,43,1,8,9,5,19,24
CTMM8AS01L,3,23,26,1,6,7,5,16,21
SAEE8BZ015,3,8,11,1,2,3,11,10,21
RCEE812026,6,45,51,1,6,7,12,16,28
CZMM87302T,5,25,30,3,5,8,14,13,27
CERI02801P,72,87,159,18,20,38,26,8,34
BGEE840019,5,67,72,0,16,16,3,24,27
CHPC00901N,38,90,128,14,27,41,7,18,25
LEEE87903B,0,33,33,0,8,8,7,17,24
SPRC007027,31,69,100,5,18,23,7,21,28
BLEE82805D,4,44,48,1,8,9,13,14,27
AVEE86001X,2,56,58,0,10,10,10,19,29
ALTL00601A,52,93,145,11,24,35,14,20,34
BAEE812014,2,56,58,0,21,21,10,15,25
TORC090001,42,74,116,8,27,35,19,19,38
CNEE81411A,3,28,31,1,6,7,6,21,27
SAEE090012,2,61,63,0,19,19,11,12,23
ALTD00301C,42,79,121,6,19,25,8,27,35
SPTF00601X,89,107,196,4,7,11,20,44,64
VATF020006,62,75,137,1,9,10,18,17,35
MNEE80701R,4,53,57,2,17,19,7,19,26
FIEE84901Q,4,89,93,1,16,17,9,21,30
RCEE85701P,2,21,23,0,8,8,5,12,17
MEEE86201D,1,37,38,1,18,19,4,14,18
CAMM00600L,10,25,35,1,2,3,0,0,0
CSMM84101D,7,19,26,2,5,7,10,9,19
NASD109019,40,91,131,9,31,40,20,10,30
PATD02901X,33,58,91,3,14,17,17,11,28
CSEE89802B,33,58,91,3,14,17,17,11,28
MSRI01101D,50,85,135,7,21,28,18,25,43
NARI08951D,64,55,119,5,11,16,0,0,0
MOEE83603G,5,53,58,4,6,10,10,23,33
AVMM88303N,6,31,37,0,6,6,10,22,32
CBEE85002B,2,64,66,0,22,22,2,24,26
VAMM81901B,7,17,24,3,4,7,6,22,28
SAEE8AF013,1,38,39,0,11,11,2,15,17
SAEE18303T,4,61,65,3,21,24,12,7,19
AVMM84102E,7,23,30,0,5,5,12,11,23
TPEE80601A,1,57,58,0,21,21,23,17,40
MEEE84602L,1,22,23,0,4,4,4,13,17
PDTF04000Q,61,63,124,0,4,4,22,17,39
PDMM82205Q,12,32,44,3,3,6,2,30,32
TARC039517,70,117,187,13,50,63,0,0,0
NUMM85403L,4,17,21,0,2,2,4,20,24
LUEE85003D,3,47,50,0,10,10,0,23,23
SAEE83002A,1,18,19,0,2,2,7,10,17
MIMM8A401A,6,25,31,1,8,9,5,21,26
PDPS00302R,48,100,148,4,9,13,13,24,37
FERH00850R,41,59,100,9,14,23,0,0,0
CLTD00701D,63,93,156,10,19,29,31,14,45
FORI00101N,42,88,130,6,23,29,10,26,36
PEEE81104X,1,49,50,0,18,18,10,20,30
RMSL023014,42,127,169,9,42,51,16,21,37
FGMM82403Q,6,19,25,1,1,2,11,8,19
SAEE8BA02G,0,66,66,0,11,11,12,19,31
FGMM830011,8,16,24,2,6,8,11,7,18
ENRH00801G,49,73,122,3,19,22,19,14,33
RMMM67300X,49,73,122,3,19,22,19,14,33
FIEE86502P,4,72,76,1,13,14,4,30,34
BGMM876013,13,24,37,3,6,9,4,23,27
MIEE836018,5,62,67,2,13,15,10,14,24
VVMM833011,8,23,31,1,6,7,14,16,30
PZEE828037,0,42,42,0,11,11,5,13,18
PGEE86003P,3,45,48,2,12,14,5,24,29
GERC02201N,21,44,65,3,8,11,7,9,16
PAEE01703C,21,44,65,3,8,11,7,9,16
FOEE01909E,5,71,76,1,16,17,4,23,27
NAEE8B6017,1,26,27,1,12,13,12,9,21
VREE867021,3,48,51,0,12,12,1,20,21
BSTD003017,54,99,153,6,13,19,13,25,38
FREE82501G,1,56,57,0,17,17,2,26,28
CTEE859031,0,29,29,0,8,8,11,12,23
FGEE81801B,2,39,41,0,9,9,8,10,18
FREE857013,1,41,42,0,10,10,6,19,25
MEEE83908Q,9,53,62,3,6,9,10,25,35
GRMM82503R,9,29,38,1,5,6,7,21,28
TERI004012,56,95,151,18,33,51,11,18,29
ARMM83801C,8,48,56,4,11,15,5,27,32
VEEE86004L,2,69,71,0,15,15,4,30,34
NOEE83204L,4,40,44,3,12,15,14,19,33
RMMM8AM017,10,21,31,6,8,14,5,19,24
MSMM80801V,9,31,40,3,8,11,8,23,31
SAEE86402D,1,36,37,0,10,10,11,8,19
SSEE84401R,1,72,73,1,22,23,7,24,31
CNEE82610G,3,56,59,1,10,11,6,30,36
NATD00901T,36,70,106,4,18,22,20,10,30
RGMM811014,10,21,31,2,7,9,11,13,24
MIEE8FK03V,5,53,58,2,10,12,3,22,25
IMEE81102P,7,59,66,1,18,19,7,21,28
LUEE82607R,0,38,38,0,1,1,0,21,21
PIEE70201C,0,38,38,0,1,1,0,21,21
RMTD09351P,37,88,125,4,20,24,0,0,0
LUPS020003,23,44,67,2,5,7,4,20,24
RMMM8EW011,11,21,32,5,7,12,4,25,29
ALEE81502B,8,66,74,3,28,31,2,34,36
CAEE033002,4,74,78,1,25,26,2,20,22
CEEE84501P,2,90,92,0,21,21,21,7,28
BIEE809045,6,41,47,3,8,11,9,13,22
SRTF01101L,61,113,174,10,29,39,15,45,60
APMM82703V,5,21,26,1,4,5,5,30,35
TVRI023018,98,79,177,8,9,17,23,28,51
MNEE82902P,5,71,76,2,17,19,4,30,34
TOEE8AS04V,4,49,53,0,8,8,10,28,38
SAPS070007,12,30,42,0,0,0,9,10,19
MIEE87703L,5,71,76,2,14,16,6,25,31
FIEE81104C,5,71,76,2,14,16,6,25,31
LTEE80103R,3,50,53,2,22,24,6,22,28
SAMM8BS02A,3,50,53,2,22,24,6,22,28
PGMM82701X,6,34,40,0,11,11,2,23,25
RMTN02050T,21,55,76,3,10,13,9,19,28
BOMM88401X,10,23,33,1,5,6,0,21,21
LTTD02601B,29,113,142,5,11,16,16,19,35
TORH00601P,52,80,132,18,27,45,22,33,55
FREE83403C,1,43,44,0,17,17,2,16,18
LEMM859013,18,35,53,2,6,8,12,19,31
BGMM868025,11,25,36,0,4,4,4,25,29
CBRI026017,62,109,171,6,36,42,17,34,51
BRTD01451G,65,94,159,12,28,40,0,0,0
FIMM704018,65,94,159,12,28,40,0,0,0
RCTD03201P,33,80,113,2,18,20,28,30,58
MOPS04000L,25,58,83,3,3,6,6,22,28
CEEE8A602Q,4,69,73,0,17,17,9,23,32
CZMM82301Q,6,15,21,0,1,1,7,8,15
MBMM8E001A,8,26,34,0,8,8,4,20,24
RMEE884027,2,84,86,0,33,33,2,26,28
GRTA006018,57,132,189,12,42,54,21,32,53
VRTD00351P,28,74,102,3,18,21,0,0,0
PAEE871012,3,55,58,0,22,22,13,10,23
AQEE83905V,1,33,34,1,10,11,8,15,23
RMEE8B1024,3,73,76,2,22,24,7,20,27
CZEE848026,4,35,39,1,7,8,9,16,25
BSMM82701A,5,38,43,2,5,7,5,25,30
RMEE8CR029,8,115,123,2,39,41,12,22,34
SOEE824022,0,55,55,0,6,6,2,31,33
TSEE80701V,6,47,53,2,10,12,2,25,27
BSEE874022,4,86,90,3,19,22,3,28,31
SAMM8AQ01N,4,11,15,0,2,2,3,9,12
BLEE82802A,4,44,48,1,8,9,13,14,27
AVEE857069,2,43,45,0,14,14,5,18,23
RMPS48000T,22,64,86,1,2,3,7,20,27
PEEE823035,1,45,46,0,19,19,5,21,26
MBRA073016,59,78,137,15,28,43,16,14,30
RMMM8D001B,10,32,42,3,9,12,3,22,25
GEMM86501D,14,29,43,5,6,11,5,20,25
NAMM8DD01Q,14,29,43,5,6,11,5,20,25
TOTF05950X,67,79,146,8,17,25,0,0,0
UDEE82602B,3,54,57,3,9,12,4,27,31
VASL01000A,47,118,165,3,11,14,6,26,32
SAMM8B501R,2,5,7,0,2,2,10,17,27
BSEE85502L,5,56,61,1,9,10,1,28,29
MBEE86301D,5,81,86,1,17,18,9,18,27
SREE84801L,3,48,51,2,14,16,10,14,24
KRMM821035,15,15,30,3,2,5,12,12,24
BSEE84101N,2,49,51,0,10,10,7,18,25
VTMM83301A,2,4,6,0,0,0,5,21,26
PASD03350E,77,121,198,20,47,67,0,0,0
PZTD011025,43,98,141,5,13,18,16,26,42
CLPM018015,21,74,95,5,14,19,10,15,25
PNTN008013,26,89,115,1,20,21,4,28,32
NUEE865078,2,22,24,0,3,3,4,20,24
FRRA008508,32,63,95,8,20,28,0,0,0
CHEE83103G,5,54,59,2,15,17,4,24,28
UDEE84007V,2,25,27,0,1,1,4,21,25
SAMM8AZ01D,16,35,51,3,10,13,7,25,32
LUEE844036,1,48,49,0,9,9,3,29,32
NAEE11807C,1,50,51,0,18,18,10,11,21
PDEE82201L,4,65,69,2,15,17,2,30,32
PAMM15600Q,4,65,69,2,15,17,2,30,32
KREE83202G,2,54,56,0,7,7,10,10,20
FOEE80306R,2,55,57,0,8,8,10,29,39
PREE83302A,5,82,87,3,17,20,6,25,31
FGEE86801C,1,61,62,0,17,17,19,9,28
AVEE81701N,4,43,47,1,8,9,11,11,22
PDEE839034,4,66,70,2,10,12,3,23,26
AQTF019014,66,87,153,4,14,18,5,33,38
LCEE81303G,2,60,62,0,17,17,6,27,33
MIPS13000N,26,83,109,0,1,1,9,16,25
NAMM72501D,26,83,109,0,1,1,9,16,25
LEMM82202D,6,24,30,2,4,6,10,12,22
ARRF00101N,23,64,87,6,17,23,2,19,21
VAMM84701G,11,30,41,2,12,14,12,14,26
PIMM81401E,7,33,40,1,11,12,6,20,26
MIMM8E401R,9,58,67,3,14,17,6,28,34
BRMM80601T,5,28,33,0,9,9,8,15,23
AVEE807068,8,49,57,2,8,10,6,24,30
PGMM82201R,12,22,34,1,4,5,3,16,19
CLEE822017,3,64,67,0,20,20,14,12,26
MEMM85901L,3,64,67,0,20,20,14,12,26
PRMM813024,11,29,40,1,8,9,12,25,37
PEPS05000V,25,48,73,2,1,3,5,16,21
BAPC21000E,16,65,81,0,8,8,7,16,23
MIEE8FD02D,16,106,122,9,25,34,5,34,39
TOMM815016,13,42,55,3,8,11,12,24,36
BNEE813016,1,32,33,0,6,6,5,15,20
VIMM822033,15,40,55,6,8,14,7,19,26
BAMM287006,22,57,79,4,13,17,8,9,17
ALEE80804A,4,53,57,0,10,10,5,25,30
NOMM819023,17,37,54,6,8,14,20,28,48
MIEE8ED02V,7,77,84,3,23,26,6,22,28
CSEE19004R,4,41,45,1,12,13,13,11,24
AVMM852021,10,35,45,0,8,8,2,24,26
VAEE87602N,4,46,50,1,13,14,2,21,23
MEMM83507A,13,23,36,2,5,7,10,17,27
VTMM81101D,13,33,46,3,10,13,6,24,30
MIEE888011,5,56,61,3,20,23,3,16,19
CTTL013018,40,49,89,4,8,12,13,18,31
LIEE06101C,40,49,89,4,8,12,13,18,31
PGEE83201C,0,26,26,0,8,8,4,11,15
SAEE84701P,4,32,36,0,10,10,11,8,19
VRTA01204R,110,152,262,23,55,78,21,43,64
NAMM8GW017,23,49,72,4,21,25,16,14,30
TOEE8AP02X,6,87,93,2,26,28,10,32,42
CEMM84001E,10,21,31,2,8,10,6,12,18
FRMM83902D,2,8,10,1,3,4,8,20,28
LEEE85104L,2,51,53,1,13,14,19,8,27
BREE83102L,3,74,77,1,32,33,14,17,31
RIPS040009,4,14,18,0,3,3,0,0,0
CTMM88901N,5,30,35,2,10,12,7,23,30
PGEE02609E,0,87,87,0,14,14,6,22,28
RMTF10850C,38,64,102,2,5,7,0,0,0
PDEE89507L,6,158,164,0,28,28,8,43,51
SRRH02901D,34,81,115,1,7,8,20,25,45
TOSL01050T,43,82,125,2,21,23,11,13,24
APEE839014,2,70,72,0,26,26,4,28,32
CSEE823022,0,36,36,0,11,11,11,11,22
BOEE88501R,5,44,49,2,11,13,6,15,21
VTEE814023,3,55,58,1,19,20,6,25,31
LTTH00701Q,49,57,106,4,17,21,18,18,36
PAMM88201B,8,16,24,2,2,4,9,8,17
BIMM81901G,16,40,56,6,11,17,16,39,55
VVRH00301C,46,72,118,4,16,20,17,15,32
SAMM8BM077,12,17,29,1,3,4,10,11,21
MEMM574003,12,17,29,1,3,4,10,11,21
RCPC01000T,4,35,39,0,2,2,0,0,0
VIEE857055,2,89,91,0,24,24,7,22,29
BSMM88401E,12,45,57,4,5,9,11,19,30
RMEE80102V,0,38,38,0,5,5,2,16,18
TVTD04000G,35,72,107,1,2,3,7,26,33
RNMM812026,5,16,21,0,3,3,6,21,27
RCMM84303T,10,24,34,2,7,9,9,18,27
ATMM817012,14,20,34,5,5,10,10,21,31
PAEE82804V,3,42,45,0,8,8,18,9,27
BARM04251E,52,69,121,2,8,10,0,0,0
LURI01701D,47,78,125,3,15,18,18,26,44
CEMM871016,21,32,53,7,9,16,20,8,28
LTEE839015,1,67,68,0,23,23,13,18,31
VATF01701B,111,107,218,11,28,39,25,29,54
SRRA00353L,45,62,107,6,19,25,0,0,0
BAEE809018,3,60,63,1,15,16,5,22,27
RMTL03951C,20,65,85,4,7,11,0,0,0
RMMM8BA012,5,39,44,1,11,12,5,22,27
CNEE80601X,3,57,60,1,14,15,8,32,40
BARI039506,31,67,98,3,14,17,0,0,0
SAEE8BD034,2,55,57,2,13,15,16,10,26
TVEE87403D,5,76,81,3,23,26,8,26,34
LUEE81901B,4,47,51,0,14,14,2,20,22
CEMM86601P,9,17,26,1,0,1,8,11,19
PIMM840013,11,40,51,7,12,19,3,29,32
NARC098016,81,198,279,19,84,103,29,23,52
LURI00450Q,62,71,133,9,18,27,0,0,0
PGMM86701A,8,35,43,2,13,15,4,25,29
BSEE80602B,3,38,41,1,4,5,6,23,29
PVEE823065,1,60,61,0,19,19,5,34,39
PVEE814015,8,70,78,6,21,27,5,29,34
SRRA003015,45,62,107,6,19,25,26,21,47
CEMM18000T,45,62,107,6,19,25,26,21,47
PCMM80902G,12,40,52,0,10,10,1,35,36
BITD006518,34,95,129,8,29,37,0,0,0
SREE85101C,2,33,35,0,7,7,12,9,21
PZEE89501X,3,43,46,2,5,7,5,17,22
KREE819025,0,24,24,0,4,4,6,6,12
RIMM822017,10,33,43,4,10,14,4,28,32
TVEE87905P,5,76,81,1,15,16,2,38,40
TOPC08001Q,28,71,99,7,12,19,2,28,30
AGPC060002,13,48,61,1,5,6,8,16,24
MNMM821023,8,24,32,2,4,6,5,19,24
SAEE8AZ04N,4,56,60,2,15,17,7,25,32
MBMM89101L,6,24,30,2,8,10,0,24,24
AVEE86901A,3,53,56,1,14,15,8,22,30
BLMM824033,7,24,31,1,2,3,4,19,23
BAPS05000A,24,83,107,0,3,3,16,14,30
TEEE81607R,0,34,34,0,7,7,8,17,25
RCMM86401R,8,19,27,3,5,8,13,11,24
PAEE03701G,8,62,70,4,18,22,6,13,19
BOMM876011,12,32,44,4,5,9,6,16,22
NAEE21400P,2,62,64,0,16,16,9,12,21
REMM85401B,2,18,20,1,1,2,9,30,39
PDMM84701X,7,26,33,2,2,4,8,15,23
NAMM80701R,4,22,26,1,9,10,7,11,18
LEEE870031,0,45,45,0,13,13,12,17,29
CTEE04200D,3,52,55,1,19,20,10,11,21
CSTD01450V,45,75,120,8,14,22,0,0,0
FISL014016,58,122,180,11,20,31,10,28,38
PRMM839039,12,31,43,3,7,10,10,27,37
BSRC037013,120,124,244,1,3,4,49,35,84
NAMM8CF01R,14,37,51,4,11,15,13,11,24
CHEE825016,1,46,47,0,6,6,3,27,30
MOEE81109D,1,34,35,0,2,2,4,17,21
UDMM84502Q,9,26,35,0,4,4,6,24,30
LCEE81904G,3,69,72,1,16,17,3,28,31
SAEE8AU01B,2,39,41,1,7,8,11,10,21
VCMM80501P,15,25,40,6,6,12,7,21,28
NAEE8CU016,1,71,72,1,26,27,12,8,20
RMMM8C201C,6,54,60,3,10,13,6,23,29
AVEE86301B,1,45,46,0,12,12,5,17,22
COEE841043,3,79,82,0,17,17,7,22,29
NOEE81206D,2,75,77,1,17,18,7,27,34
BAMM88102E,4,28,32,1,3,4,9,11,20
COEE845017,1,57,58,0,15,15,6,23,29
VAMM85501E,2,28,30,1,8,9,2,18,20
CNEE84903X,2,44,46,0,9,9,7,20,27
PAEE09300V,3,54,57,2,9,11,12,8,20
SAEE866036,4,25,29,0,3,3,10,11,21
CARI00401Q,37,36,73,5,3,8,10,15,25
MIMM8DL01P,8,33,41,4,9,13,4,22,26
RMEE8C801C,4,82,86,1,28,29,4,23,27
AQRA01701X,4,82,86,1,28,29,4,23,27
MEEE87809B,1,28,29,0,3,3,8,14,22
COEE80207G,4,39,43,1,6,7,4,15,19
AGMM818016,9,33,42,1,7,8,8,14,22
LCEE824076,5,79,84,0,22,22,7,27,34
TOEE81901E,5,57,62,0,12,12,7,19,26
FOPS010028,45,72,117,2,1,3,13,26,39
UDMM81101G,10,28,38,3,7,10,2,24,26
FGEE82402Q,1,36,37,0,5,5,11,8,19
CSEE87702A,3,40,43,0,11,11,7,13,20
MIEE8E502P,6,87,93,4,17,21,11,27,38
CHPS01201L,71,92,163,3,9,12,23,24,47
PASD02201Q,39,77,116,4,14,18,21,14,35
CBEE85501D,0,32,32,0,12,12,1,20,21
VIEE881041,2,108,110,0,28,28,11,29,40
ANMM81801B,3,27,30,2,8,10,7,24,31
PDRI02601N,74,64,138,1,3,4,10,31,41
REEE83201G,1,39,40,0,14,14,7,16,23
VVPM01000T,47,112,159,3,15,18,21,15,36
FRMM82002C,5,12,17,2,3,5,5,17,22
GRPM01000E,37,91,128,3,15,18,10,20,30
ALEE80807D,4,53,57,0,10,10,5,25,30
FIEE870037,2,104,106,1,21,22,11,32,43
PAEE8A003L,2,65,67,1,27,28,11,13,24
CHEE07200Q,6,78,84,0,28,28,4,24,28
FGEE84203A,3,53,56,1,18,19,7,17,24
ANEE827017,3,53,56,1,18,19,7,17,24
PDEE868023,6,48,54,3,7,10,8,12,20
PZSL02701P,23,66,89,2,10,12,13,10,23
APEE804048,9,59,68,1,20,21,9,34,43
PZEE83802R,0,34,34,0,3,3,8,9,17
SOEE81901D,1,58,59,0,9,9,7,19,26
NARH25050C,41,70,111,12,37,49,15,11,26
COEE81904T,2,50,52,1,10,11,1,31,32
CTEE84801C,1,51,52,0,10,10,7,19,26
GETN00701R,22,65,87,3,10,13,4,19,23
CAEE86301T,4,66,70,0,27,27,14,16,30
PSEE83501C,0,32,32,0,5,5,7,22,29
CSMM898019,8,45,53,0,11,11,9,14,23
BOMM80501V,21,37,58,6,8,14,8,29,37
MIRC06151B,41,105,146,8,32,40,0,0,0
MCRI010019,53,60,113,8,24,32,9,25,34
BOPS00801X,39,79,118,5,11,16,5,23,28
SAEE890066,1,35,36,0,9,9,9,11,20
VBEE81002N,1,35,36,0,9,9,9,11,20
PSEE840032,2,87,89,1,19,20,4,31,35
MIMM865017,17,25,42,3,8,11,4,25,29
VAMM836037,5,40,45,3,8,11,5,16,21
VREE832022,0,48,48,0,13,13,4,27,31
TVMM82402A,13,40,53,2,7,9,4,25,29
RMTF071514,66,62,128,10,22,32,0,0,0
PSMM80401Q,7,16,23,1,5,6,6,15,21
ANMM83802N,3,17,20,0,4,4,1,17,18
BIEE816015,8,89,97,4,28,32,11,28,39
ANEE848018,2,72,74,1,13,14,10,26,36
ANEE83902E,1,49,50,0,11,11,3,24,27
RMEE8AC025,3,70,73,1,18,19,6,25,31
RMEE812018,1,51,52,1,17,18,2,18,20
TORC01950X,63,73,136,8,20,28,0,0,0
TVEE84901P,1,39,40,1,6,7,5,17,22
CZMM87301R,5,25,30,3,5,8,14,13,27
CTMM822017,10,29,39,1,10,11,9,14,23
BNPM003015,24,71,95,4,8,12,13,11,24
LESL03000R,42,103,145,3,29,32,11,15,26
BNTA01650X,46,80,126,2,13,15,0,0,0
ROEE81502B,2,52,54,0,10,10,5,21,26
LERI02150Q,80,87,167,18,24,42,0,0,0
NARC00901E,36,70,106,4,18,22,20,10,30
SIRH030008,26,54,80,11,15,26,9,14,23
NAMM8F9014,11,45,56,2,6,8,11,13,24
PDMM84301L,6,38,44,1,7,8,2,26,28
GOTD008017,47,67,114,4,9,13,13,18,31
RGEE02600V,2,47,49,1,12,13,9,8,17
LTEE80104T,3,50,53,2,22,24,6,22,28
TOPC070004,27,43,70,0,1,1,12,15,27
CESD042016,29,86,115,4,32,36,12,25,37
VEMM839013,10,27,37,1,3,4,6,23,29
MNMM821012,8,24,32,2,4,6,5,19,24
LUSL020509,78,126,204,17,41,58,8,26,34
RCTF05050V,79,129,208,4,36,40,27,19,46
UDMM83802L,4,22,26,0,2,2,2,15,17
PGRI011015,60,92,152,14,27,41,26,58,84
SPTF006519,89,107,196,4,7,11,0,0,0
VATF02050G,62,75,137,1,9,10,18,17,35
BGMM841036,16,34,50,3,4,7,6,25,31
KRMM812029,16,34,50,3,4,7,6,25,31
SAPS06000L,25,73,98,0,2,2,19,17,36
CSEE831032,4,57,61,3,11,14,14,9,23
FOEE81604R,7,83,90,4,21,25,10,36,46
PAPS029014,33,58,91,3,14,17,17,11,28
SPRI00701V,31,69,100,5,18,23,7,21,28
VETF022019,68,81,149,15,24,39,15,27,42
TPEE02700B,7,84,91,4,31,35,11,13,24
COEE845039,1,57,58,0,15,15,6,23,29
RCEE855013,1,76,77,0,23,23,19,11,30
TOEE81203T,2,86,88,0,23,23,7,32,39
BOEE884011,2,31,33,1,6,7,0,21,21
REMM13200B,2,31,33,1,6,7,0,21,21
TEEE83601Q,1,76,77,0,22,22,5,30,35
CSEE8AT01A,0,32,32,0,7,7,5,13,18
RNMM80701N,6,40,46,1,9,10,2,29,31
ENEE826042,4,55,59,1,10,11,17,18,35
RAEE82001V,2,71,73,1,19,20,5,29,34
PDTL01050D,28,37,65,0,3,3,5,12,17
TATF038511,106,125,231,12,41,53,0,0,0
BAEE868025,5,65,70,0,19,19,7,17,24
RMMM884015,11,42,53,2,10,12,2,26,28
TASD028019,11,42,53,2,10,12,2,26,28
CEMM8BE03E,14,28,42,5,3,8,15,18,33
CNMM84302V,6,40,46,2,7,9,7,28,35
LUEE85005G,3,47,50,0,10,10,0,23,23
FERI008508,41,59,100,9,14,23,0,0,0
CLTD00750T,63,93,156,10,19,29,0,0,0
CAMM008008,24,63,87,5,11,16,4,14,18
RMRI02350R,42,127,169,9,42,51,0,0,0
LUEE83901L,4,73,77,0,19,19,9,20,29
FGMM82401N,6,19,25,1,1,2,11,8,19
RMPS37000A,23,77,100,1,6,7,8,22,30
BLPS006011,46,37,83,6,5,11,27,46,73
GREE82002N,1,42,43,0,7,7,2,23,25
MIMM836017,9,34,43,1,9,10,10,14,24
MTEE808013,2,26,28,0,2,2,8,11,19
SAEE80601C,4,29,33,2,7,9,7,8,15
RCMM87401B,11,37,48,4,12,16,14,11,25
VRMM87501T,7,35,42,1,6,7,8,19,27
GOMM80901N,6,17,23,0,5,5,2,14,16
RMPS49000C,37,82,119,1,2,3,9,19,28
MSRI01151V,50,85,135,7,21,28,0,0,0
FREE852032,1,60,61,1,16,17,6,20,26
NATF08951A,64,55,119,5,11,16,0,0,0
SVEE81507R,3,83,86,1,21,22,6,29,35
SAEE8BF05T,1,21,22,0,4,4,7,10,17
AVMM88304P,6,31,37,0,6,6,10,22,32
SVEE80601Q,1,55,56,0,13,13,6,28,34
FGEE81804E,1,55,56,0,13,13,6,28,34
SAMM8AF012,13,20,33,1,3,4,2,15,17
AVEE84103L,4,40,44,1,8,9,12,11,23
MEEE814025,4,26,30,0,1,1,12,16,28
CTEE86203R,5,63,68,4,26,30,12,19,31
CLRI010503,47,64,111,8,25,33,25,8,33
PVEE81207Q,3,53,56,1,12,13,2,25,27
FEMM803023,7,30,37,3,5,8,3,20,23
FREE82601B,2,55,57,0,19,19,7,23,30
LEEE817034,2,54,56,1,17,18,14,10,24
COEE838014,2,70,72,2,11,13,7,24,31
LEEE831018,0,37,37,0,13,13,8,8,16
FOPS00101C,42,88,130,6,23,29,10,26,36
AREE83803G,1,59,60,1,17,18,5,27,32
PEMM81102R,8,18,26,0,1,1,10,20,30
FREE85801V,0,52,52,0,21,21,3,24,27
MIMM8EP018,12,24,36,4,8,12,8,19,27
VCTD01351C,41,95,136,8,27,35,0,0,0
CNEE86205C,3,123,126,0,46,46,12,46,58
MITD02301E,39,103,142,5,11,16,19,20,39
BSEE84102P,2,49,51,0,10,10,7,18,25
BOEE82405D,2,53,55,1,9,10,10,28,38
PZTA01101N,43,98,141,5,13,18,16,26,42
CAEE870011,4,42,46,1,10,11,6,24,30
PZEE828015,0,42,42,0,11,11,5,13,18
BOMM80502X,21,37,58,6,8,14,8,29,37
RGEE811015,3,50,53,1,15,16,11,13,24
LUEE82604N,0,38,38,0,1,1,0,21,21
CSEE852011,3,25,28,1,4,5,6,16,22
PIMM61000C,3,25,28,1,4,5,6,16,22
NOMM82401D,8,30,38,5,13,18,7,25,32
LEEE89902G,1,22,23,1,8,9,5,14,19
PSEE84102R,1,55,56,0,18,18,4,24,28
MNMM82901L,9,49,58,2,16,18,4,30,34
MIEE87702G,5,71,76,2,14,16,6,25,31
RMMM8DS013,1,5,6,1,2,3,3,20,23
CTEE8BB018,3,58,61,1,25,26,7,13,20
CARA02801L,45,72,117,5,20,25,14,18,32
RMEE8AM018,1,46,47,0,14,14,5,19,24
REEE81201A,2,77,79,2,22,24,7,18,25
LTTD027017,41,87,128,6,17,23,8,20,28
CTMM830016,9,21,30,5,7,12,6,20,26
MIEE8FK02T,5,53,58,2,10,12,3,22,25
FREE835027,4,34,38,0,13,13,4,18,22
BIMM81203V,8,30,38,0,8,8,6,23,29
LEEE859025,2,71,73,1,14,15,12,19,31
RMMM89402R,4,24,28,1,7,8,4,20,24
RMRC093012,37,88,125,4,20,24,6,24,30
CZEE822011,4,36,40,1,9,10,11,8,19
PZEE874042,1,62,63,1,11,12,3,27,30
ORRI01201P,46,83,129,5,17,22,11,22,33
VRRC003012,28,74,102,3,18,21,6,19,25
ALTF01000R,70,76,146,2,9,11,11,31,42
CTEE81103X,2,32,34,1,10,11,5,9,14
LTEE85301B,2,55,57,1,23,24,9,18,27
SOEE824044,0,55,55,0,6,6,2,31,33
BSMM87401X,15,39,54,7,7,14,3,28,31
CZEE86702G,0,74,74,0,18,18,10,20,30
BLEE829026,2,38,40,1,6,7,7,17,24
PEMM823012,8,23,31,2,10,12,5,21,26
BGEE86807B,3,62,65,1,10,11,4,25,29
PNMM82901R,14,43,57,2,9,11,6,24,30
GEEE86502G,4,52,56,1,15,16,5,20,25
LEPS04601E,4,52,56,1,15,16,5,20,25
SPTH00601B,89,107,196,4,7,11,20,44,64
VVPC00701V,31,74,105,4,14,18,14,18,32
CREE82203Q,8,90,98,4,32,36,6,36,42
ROEE82204L,1,63,64,0,20,20,4,22,26
BGMM81501G,5,38,43,1,11,12,2,25,27
LTMM833015,15,40,55,5,15,20,7,28,35
PVMM83201N,17,34,51,7,11,18,7,25,32
VARI04000E,45,66,111,8,28,36,15,20,35
BAEE17700Q,4,69,73,3,25,28,3,19,22
AVEE00507P,1,88,89,0,23,23,12,18,30
PDEE85704P,1,36,37,0,7,7,5,21,26
CEEE073021,5,102,107,1,34,35,15,16,31
SOMM81302E,2,30,32,0,5,5,3,27,30
VEEE84902Q,0,62,62,0,13,13,6,15,21
TAEE852028,1,31,32,0,8,8,7,13,20
VVEE83501N,2,60,62,0,9,9,19,15,34
FEEE82203E,4,51,55,1,11,12,2,23,25
LOMM80202R,5,29,34,0,8,8,1,22,23
NAEE8FC016,3,83,86,1,30,31,9,17,26
CEEE848016,2,63,65,0,9,9,10,13,23
ATMM81301P,11,21,32,3,5,8,2,27,29
TAEE86802T,2,71,73,1,35,36,8,18,26
TSEE807042,6,47,53,2,10,12,2,25,27
FIEE818014,2,53,55,0,9,9,3,22,25
RMEE8D8035,1,69,70,0,16,16,11,13,24
CEEE8AY04D,4,52,56,3,13,16,12,13,25
CNMM83601P,4,17,21,0,2,2,7,15,22
AVEE857036,2,43,45,0,14,14,5,18,23
BOEE88504X,5,44,49,2,11,13,6,15,21
PVEE83402B,9,100,109,5,36,41,5,28,33
NAEE8DD01R,9,100,109,5,36,41,5,28,33
BSEE85403T,3,71,74,0,12,12,6,33,39
PDMM82201G,12,32,44,3,3,6,2,30,32
PDMM87702R,8,22,30,1,4,5,4,18,22
SAEE83004C,1,18,19,0,2,2,7,10,17
KRMM83201D,1,5,6,0,0,0,10,10,20
TEEE83101L,4,53,57,2,20,22,6,27,33
LUEE81803N,3,56,59,1,23,24,4,19,23
VIMM85701X,7,42,49,1,9,10,7,22,29
SAEE8B501T,2,70,72,0,20,20,10,17,27
CTEE8AL02E,2,61,63,1,17,18,7,20,27
PAMM8AH025,12,41,53,4,8,12,13,12,25
MBMM86301C,8,27,35,2,6,8,9,18,27
VAEE85704A,4,73,77,3,23,26,9,18,27
COMM15400T,4,73,77,3,23,26,9,18,27
CTEE06901E,2,67,69,1,25,26,4,19,23
PDEE83106L,1,46,47,0,8,8,5,18,23
AVEE81704R,4,43,47,1,8,9,11,11,22
MEEE851013,3,87,90,2,35,37,7,21,28
PDEE884032,7,54,61,1,11,12,7,19,26
VAEE82601G,2,35,37,1,9,10,4,12,16
TSMM800024,6,9,15,0,0,0,2,23,25
AGEE826038,4,48,52,0,6,6,16,16,32
FRRA008021,32,63,95,8,20,28,13,20,33
SARI037506,54,56,110,3,8,11,0,0,0
CHMM83101C,16,37,53,6,11,17,4,24,28
TESD01000D,12,11,23,1,5,6,2,5,7
UDEE84002N,2,25,27,0,1,1,4,21,25
VAEE84701L,5,61,66,0,17,17,12,14,26
LUMM844013,2,19,21,0,6,6,3,29,32
COEE83403V,3,70,73,1,14,15,4,25,29
NAMM8FY018,8,25,33,4,8,12,13,14,27
RMTD19000N,19,47,66,3,3,6,5,18,23
FRMM857012,5,20,25,3,5,8,6,19,25
SOEE803032,2,45,47,0,6,6,9,9,18
BGEE885042,2,28,30,1,7,8,3,19,22
GREE82503T,3,41,44,2,5,7,7,21,28
BOPS02001E,42,78,120,1,3,4,8,26,34
SPMM80501C,8,29,37,0,3,3,6,21,27
PEPS03000N,38,86,124,2,1,3,6,26,32
AVMM70301T,38,86,124,2,1,3,6,26,32
SVMM820011,7,26,33,3,7,10,4,21,25
BNMM813015,4,19,23,1,3,4,5,15,20
PZEE84807L,1,52,53,1,6,7,9,17,26
ALMM808038,9,25,34,3,3,6,5,25,30
CAMM824016,8,28,36,1,10,11,10,22,32
VVMM818042,13,27,40,0,6,6,11,15,26
FEEE811012,3,78,81,2,17,19,8,25,33
MEEE89105N,2,28,30,0,3,3,11,10,21
MSMM80901P,12,39,51,6,19,25,6,27,33
CTMM8A201L,11,35,46,5,12,17,5,17,22
MIPS15000V,24,45,69,1,2,3,9,12,21
AVEE852066,3,53,56,1,14,15,2,24,26
MEMM835025,13,23,36,2,5,7,10,17,27
ARTD001017,23,64,87,6,17,23,2,19,21
NOEE82402G,1,80,81,1,27,28,7,25,32
FIEE848032,6,46,52,3,6,9,7,17,24
CREE81301V,4,62,66,2,14,16,6,32,38
MTTF012019,68,77,145,0,2,2,15,27,42
APEE82703X,1,34,35,0,8,8,5,30,35
ALEE81303R,1,63,64,0,14,14,9,20,29
CSRI01401X,45,75,120,8,14,22,24,16,40
TOMM8AP01T,8,32,40,1,11,12,10,32,42
BIMM802027,9,19,28,2,3,5,6,22,28
PDEE86001B,1,37,38,0,9,9,7,11,18
VIMM822011,15,40,55,6,8,14,7,19,26
PGEE026005,0,87,87,0,14,14,6,22,28
NOMM81001G,5,25,30,3,4,7,4,21,25
NOMM819012,17,37,54,6,8,14,20,28,48
LIEE819033,4,79,83,2,20,22,8,23,31
PGMM848022,17,53,70,2,15,17,8,19,27
TPMM84001R,18,51,69,9,15,24,9,10,19
SVEE80106T,3,27,30,0,5,5,5,17,22
VRTD13000D,18,68,86,0,1,1,9,18,27
TOSL01000C,43,82,125,2,21,23,11,13,24
VTMM80902E,8,16,24,2,3,5,4,14,18
CTTD01301T,40,49,89,4,8,12,13,18,31
PZMM874063,12,27,39,2,3,5,3,27,30
CEEE80804V,2,78,80,0,15,15,14,23,37
RCRA01401V,31,83,114,5,24,29,19,13,32
UDMM81203D,4,26,30,0,4,4,5,29,34
PZEE880016,0,39,39,0,10,10,5,14,19
VRTA01201N,110,152,262,23,55,78,21,43,64
RMMM05300D,8,23,31,1,0,1,0,0,0
BGEE875018,2,70,72,0,16,16,3,24,27
SIEE81801C,7,34,41,4,7,11,0,20,20
BSEE88401G,3,64,67,2,8,10,11,19,30
SAEE8AM05G,1,17,18,0,3,3,6,12,18
TOTA044026,78,123,201,19,45,64,22,41,63
VRMM84001V,7,39,46,1,11,12,7,29,36
PZMM864039,8,24,32,0,4,4,6,21,27
CHEE07202T,6,78,84,0,28,28,4,24,28
CNRI00201A,28,67,95,2,19,21,10,24,34
AQMM83401E,9,34,43,2,6,8,13,19,32
BGEE86806A,3,62,65,1,10,11,4,25,29
BSEE88302R,7,92,99,2,25,27,14,22,36
SOEE81903G,1,58,59,0,9,9,7,19,26
NURA01802G,1,58,59,0,9,9,7,19,26
PDMM85702G,11,23,34,0,3,3,5,21,26
SSEE812019,2,50,52,1,18,19,7,16,23
CREE804014,3,48,51,0,13,13,5,25,30
PEEE816021,1,29,30,0,6,6,3,14,17
NARI097013,35,82,117,5,25,30,18,11,29
SAEE832055,2,20,22,0,4,4,5,12,17
GERI01101X,34,65,99,1,15,16,10,18,28
SAEE8A1021,2,24,26,0,3,3,8,11,19
PCMM80901E,12,40,52,0,10,10,1,35,36
TAEE86801R,2,71,73,1,35,36,8,18,26
VVEE833034,4,39,43,2,8,10,14,16,30
CREE82803P,8,65,73,4,17,21,2,28,30
TOEE896032,3,68,71,1,22,23,5,24,29
MEEE87603D,2,61,63,1,16,17,13,17,30
ATEE80105N,1,45,46,0,12,12,10,26,36
TOMM8A6012,6,24,30,1,11,12,3,28,31
BARM042015,52,69,121,2,8,10,18,18,36
VARI01701E,111,107,218,11,28,39,25,29,54
SAEE8AZ02G,4,56,60,2,15,17,7,25,32
BNEE722014,4,56,60,2,15,17,7,25,32
SRRC00401X,38,50,88,8,8,16,16,17,33
RMEE87301Q,6,62,68,1,20,21,2,27,29
PZEE88901L,6,62,68,1,20,21,2,27,29
CTMM806019,5,13,18,2,2,4,8,9,17
TPEE82006T,2,67,69,1,14,15,11,11,22
PAEE03700E,8,62,70,4,18,22,6,13,19
BSMM849017,12,33,45,6,6,12,10,21,31
MIEE8FB03V,5,73,78,4,11,15,2,29,31
CTEE043009,5,73,78,4,11,15,2,29,31
VEEE83003Q,6,55,61,3,8,11,5,18,23
PRMM833018,5,28,33,3,3,6,6,25,31
PREE839029,1,46,47,0,7,7,10,27,37
BSTF03701L,120,124,244,1,3,4,49,35,84
CHEE82507C,1,46,47,0,6,6,3,27,30
RMTD07101C,66,62,128,10,22,32,12,25,37
PVEE802031,5,72,77,4,21,25,2,31,33
SAEE8AU02C,2,39,41,1,7,8,11,10,21
NAEE8CU027,1,71,72,1,26,27,12,8,20
UDMM84601E,12,30,42,3,5,8,2,29,31
LCEE81901C,3,69,72,1,16,17,3,28,31
BSEE80606G,3,38,41,1,4,5,6,23,29
VIEE86304B,2,71,73,0,15,15,11,25,36
TRRH00701N,51,167,218,15,64,79,10,35,45
BSEE86202Q,4,51,55,1,7,8,4,26,30
PAMM81601C,13,36,49,5,5,10,19,8,27
PAMM8AR01X,12,18,30,1,7,8,12,14,26
VAEE85501G,5,44,49,2,8,10,2,18,20
CLEE02501Q,2,59,61,0,21,21,11,9,20
SAMM866013,5,18,23,1,2,3,10,11,21
PDEE884021,7,54,61,1,11,12,7,19,26
LEMM00600E,13,61,74,1,9,10,7,10,17
PRPS05000E,38,99,137,5,20,25,6,27,33
LUEE82501P,1,35,36,0,11,11,2,17,19
RMEE8DZ042,3,83,86,0,28,28,11,24,35
ENMM818031,28,45,73,4,8,12,12,15,27
CHMM82201N,5,16,21,1,4,5,4,14,18
ALSL004019,30,77,107,5,9,14,9,22,31
CHMM826011,10,12,22,3,2,5,1,16,17
BAMM897013,2,25,27,1,5,6,8,19,27
REEE85404G,5,94,99,1,28,29,9,30,39
VAMM84501X,7,36,43,2,8,10,6,18,24
VVMM81301Q,14,28,42,3,4,7,16,10,26
FEEE81802T,5,57,62,2,13,15,3,33,36
PDMM89302P,11,39,50,3,3,6,10,34,44
CHTF01201P,71,92,163,3,9,12,23,24,47
RMEE8CK01D,7,90,97,3,24,27,6,22,28
ANEE81802D,2,79,81,2,27,29,7,24,31
CSEE19000L,4,41,45,1,12,13,13,11,24
GEEE839012,2,67,69,0,15,15,5,27,32
COMM84101V,10,38,48,4,6,10,7,22,29
MIMM89702Q,23,57,80,13,19,32,11,24,35
VVPC04000D,6,21,27,1,5,6,24,7,31
PGPS003011,32,55,87,8,19,27,7,13,20
LERA021504,80,87,167,18,24,42,0,0,0
FOEE701013,80,87,167,18,24,42,0,0,0
ALEE80806C,4,53,57,0,10,10,5,25,30
SITF020002,76,105,181,5,17,22,12,35,47
PIMM824015,7,23,30,2,5,7,6,19,25
AVRH016025,64,76,140,11,28,39,25,20,45
MSMM807024,4,17,21,0,6,6,2,13,15
GREE816011,5,35,40,4,3,7,5,19,24
FOPS010006,45,72,117,2,1,3,13,26,39
VATD22000N,26,50,76,6,8,14,7,18,25
NARH17050R,39,102,141,6,37,43,23,20,43
MIEE8AG02X,9,81,90,3,27,30,9,21,30
MSEE815035,2,47,49,1,16,17,3,22,25
SSSD027012,37,94,131,11,30,41,8,22,30
GETF01701Q,37,51,88,9,13,22,12,33,45
APRC00301A,25,60,85,3,15,18,5,20,25
RMRC03301A,30,70,100,13,25,38,7,20,27
NATD05000B,36,54,90,0,4,4,5,16,21
VIEE84005Q,3,63,66,1,17,18,11,23,34
PAEE8A002G,2,65,67,1,27,28,11,13,24
NOPS040011,32,103,135,8,21,29,9,22,31
MCRI01051P,53,60,113,8,24,32,9,25,34
CEMM822011,8,15,23,5,3,8,9,9,18
SAEE890077,1,35,36,0,9,9,9,11,20
BNMM842037,6,35,41,0,3,3,7,14,21
CTMM858012,8,54,62,4,11,15,8,17,25
VRMM81301E,13,46,59,1,14,15,12,33,45
LIMM09601A,13,46,59,1,14,15,12,33,45
TPMM70501L,13,46,59,1,14,15,12,33,45
BGPS03401E,39,87,126,3,4,7,5,29,34
VAEE836049,1,48,49,0,10,10,5,16,21
CSMM857013,11,18,29,2,5,7,6,11,17
VIMM813016,8,45,53,1,11,12,6,28,34
VREE832011,0,48,48,0,13,13,4,27,31
RIMM808022,12,27,39,2,4,6,4,20,24
NAEE8GD01L,1,42,43,1,18,19,2,15,17
TVTD06000R,25,68,93,0,2,2,8,20,28
NAMM8B7012,10,28,38,3,3,6,6,12,18
BGMM87701V,8,43,51,0,6,6,4,23,27
BSEE89002X,1,74,75,1,16,17,8,20,28
FREE86104T,2,54,56,1,20,21,6,24,30
ANEE84803A,2,72,74,1,13,14,10,26,36
NAEE8AL03G,0,44,44,0,12,12,11,14,25
GOEE80902Q,4,22,26,1,4,5,2,14,16
CNTD01101Q,29,41,70,0,8,8,7,17,24
ANMM83901C,6,29,35,3,7,10,3,24,27
SVEE80604V,1,55,56,0,13,13,6,28,34
TOEE122018,5,80,85,1,15,16,6,19,25
SIEE82501G,3,82,85,2,22,24,10,20,30
TORI01951N,63,73,136,8,20,28,0,0,0
VRMM845023,9,31,40,1,6,7,4,38,42
VEMM86001C,6,29,35,1,5,6,4,30,34
RMEE88601T,1,42,43,1,13,14,5,15,20
RMEE8DH013,1,55,56,0,13,13,5,15,20
BNTD01401A,15,61,76,0,9,9,12,18,30
AQMM828017,11,28,39,4,6,10,6,24,30
ROTE007028,41,89,130,1,12,13,12,28,40
CREE80803D,1,53,54,0,14,14,5,27,32
NAEE8EN017,3,40,43,1,16,17,12,14,26
LETD007504,38,54,92,1,12,13,0,0,0
NARH00750C,20,34,54,0,7,7,0,0,0
ATEE80104L,1,45,46,0,12,12,10,26,36
LIEE817019,2,43,45,1,8,9,4,20,24
RIEE82203A,0,71,71,0,27,27,4,28,32
PDEE84301N,3,53,56,0,8,8,2,26,28
GOTF00851V,47,67,114,4,9,13,0,0,0
NAEE8F9015,3,43,46,1,14,15,11,13,24
CSPS07101V,31,87,118,1,11,12,20,10,30
LTEE80204N,2,80,82,0,34,34,6,21,27
TOPC06000D,30,112,142,6,14,20,9,27,36
CERI042011,29,86,115,4,32,36,12,25,37
SREE816015,1,28,29,1,4,5,7,13,20
BGEE89401N,0,19,19,0,2,2,0,0,0
PIEE70001R,0,19,19,0,2,2,0,0,0
CBMM830025,7,11,18,2,1,3,6,20,26
UDEE83203Q,2,48,50,0,9,9,2,22,24
RMEE8EV016,3,50,53,1,15,16,3,13,16
AGEE84704A,7,50,57,1,14,15,20,7,27
CZEE872056,2,46,48,0,8,8,11,18,29
MOEE818021,4,65,69,2,12,14,7,24,31
PNEE822024,2,78,80,1,13,14,2,29,31
SAPS04000B,15,59,74,0,0,0,16,11,27
RAEE812021,5,49,54,1,11,12,6,25,31
VETD02251C,68,81,149,15,24,39,0,0,0
LEPS07000A,28,88,116,1,3,4,12,21,33
SAEE8AU05G,2,39,41,1,7,8,11,10,21
RGEE02100Q,3,44,47,0,12,12,8,10,18
NAEE898015,1,33,34,0,13,13,12,5,17
ROEE81504D,2,52,54,0,10,10,5,21,26
RCEE855046,1,76,77,0,23,23,19,11,30
PAEE093032,3,54,57,2,9,11,12,8,20
CZMM82902Q,14,20,34,0,3,3,16,11,27
TVEE856041,1,41,42,0,8,8,4,17,21
VEEE839036,2,52,54,1,11,12,6,23,29
MOEE817047,12,95,107,5,29,34,8,27,35
BRRI014511,65,94,159,12,28,40,0,0,0
AQTD01601A,60,126,186,7,29,36,11,32,43
BGTD00901N,41,102,143,1,10,11,13,21,34
COMM802029,10,27,37,1,7,8,4,15,19
CBEE809061,3,41,44,0,8,8,0,0,0
LIEE06002N,3,41,44,0,8,8,0,0,0
MITF09701A,89,102,191,12,14,26,23,29,52
LCEE824065,5,79,84,0,22,22,7,27,34
RMEE8CA01N,1,81,82,0,28,28,3,27,30
FIEE81106E,1,72,73,0,16,16,5,26,31
CEMM8BE05L,14,28,42,5,3,8,15,18,33
CNEE843097,2,78,80,0,20,20,7,28,35
VRTD003019,28,74,102,3,18,21,6,19,25
SAEE85001E,0,22,22,0,6,6,4,8,12
MSEE82102B,3,43,46,2,11,13,4,25,29
CAMM031009,24,84,108,10,30,40,2,17,19
AQEE84803G,1,57,58,0,18,18,5,30,35
AGEE82605A,4,48,52,0,6,6,16,16,32
VCMM80104E,7,15,22,2,2,4,1,23,24
VREE875031,0,63,63,0,12,12,8,19,27
RMPS50000T,22,68,90,1,1,2,10,15,25
FRMM852031,12,18,30,3,4,7,6,20,26
LERC017013,67,91,158,10,31,41,16,17,33
PAMM06400T,22,71,93,7,24,31,6,10,16
MEMM814057,6,18,24,0,1,1,12,16,28
CLTD090005,48,63,111,3,14,17,19,13,32
PVEE81202E,3,53,56,1,12,13,2,25,27
SAEE18300P,4,61,65,3,21,24,12,7,19
MEEE84601G,1,22,23,0,4,4,4,13,17
PDTL010004,28,37,65,0,3,3,5,12,17
PAMM838019,24,40,64,8,13,21,6,10,16
APEE804037,9,59,68,1,20,21,9,34,43
TATF03801G,106,125,231,12,41,53,21,29,50
FETD00801E,41,59,100,9,14,23,10,25,35
FRMM82603C,10,34,44,2,10,12,7,23,30
LEMM817033,6,19,25,1,4,5,14,10,24
PTEE829018,2,85,87,1,29,30,3,27,30
MOEE045229,5,104,109,3,20,23,5,32,37
VARC030007,45,114,159,8,26,34,7,19,26
NAPS200008,20,80,100,0,8,8,10,13,23
ISMM83501A,2,7,9,0,1,1,0,0,0
FOTF00101E,42,88,130,6,23,29,10,26,36
RMRI02301C,42,127,169,9,42,51,16,21,37
MIEE8EP019,3,40,43,3,10,13,8,19,27
FGMM82301T,14,21,35,5,1,6,8,14,22
VCRC013504,41,95,136,8,27,35,0,0,0
RMPS39000G,27,59,86,2,6,8,6,18,24
MITD026023,27,59,86,2,6,8,6,18,24
CAEE883024,3,46,49,2,15,17,2,17,19
MIEE837014,6,53,59,0,16,16,5,19,24
MTEE808035,2,26,28,0,2,2,8,11,19
MIMM8AV013,7,41,48,1,9,10,8,27,35
TEEE819034,1,59,60,0,28,28,10,16,26
ARRC01951E,47,100,147,10,23,33,0,0,0
SSMM822042,7,16,23,1,4,5,1,19,20
FGTD003012,22,57,79,3,13,16,11,9,20
CTEE858024,0,33,33,0,12,12,8,17,25
LEMM89901D,7,33,40,2,7,9,5,14,19
BSEE854094,3,71,74,0,12,12,6,33,39
FIEE871033,3,85,88,0,21,21,8,30,38
PSMM84101P,7,27,34,2,9,11,4,24,28
PGMM821011,7,19,26,0,5,5,4,14,18
VRMM832021,9,35,44,2,8,10,4,27,31
COEE838058,9,35,44,2,8,10,4,27,31
NOEE83203G,4,40,44,3,12,15,14,19,33
PSEE80401R,2,29,31,0,6,6,6,15,21
MEEE06002X,1,62,63,0,18,18,5,12,17
MSEE80903T,4,76,80,0,22,22,6,27,33
CTEE8AK03Q,2,45,47,0,9,9,11,15,26
NAEE82201X,2,60,62,1,26,27,8,15,23
MIEE8FK01R,5,53,58,2,10,12,3,22,25
BIMM809022,3,26,29,1,5,6,9,13,22
MIEE8BC027,4,72,76,1,17,18,4,25,29
MIPS03000R,25,58,83,0,2,2,7,18,25
TOTD01901V,63,73,136,8,20,28,13,23,36
RMMM8D7016,3,18,21,1,0,1,8,15,23
BGMM88501T,8,13,21,2,3,5,3,19,22
VAEE87102E,5,75,80,1,24,25,3,27,30
PGMM842023,6,50,56,2,16,18,7,20,27
REEE828021,5,62,67,2,20,22,5,19,24
LTTD02751L,41,87,128,6,17,23,0,0,0
CZMM86701D,11,40,51,2,9,11,10,20,30
TOEE8CF029,7,91,98,4,34,38,6,29,35
BNTF004023,7,91,98,4,34,38,6,29,35
PREE80701R,2,46,48,0,12,12,2,26,28
CEEE8A9038,1,95,96,0,29,29,12,18,30
LETD04401P,25,49,74,3,6,9,10,14,24
TOEE71501A,25,49,74,3,6,9,10,14,24
CEEE899024,2,25,27,0,8,8,11,9,20
MBEE8E001B,6,57,63,1,15,16,4,20,24
BGEE896019,2,49,51,1,12,13,10,13,23
ROEE82205N,1,63,64,0,20,20,4,22,26
LEMM8AL02P,8,24,32,1,4,5,10,13,23
TVEE86502N,2,87,89,0,22,22,7,29,36
BGEE82802Q,3,31,34,0,5,5,2,12,14
PSEE83302T,3,70,73,1,30,31,7,33,40
RCEE85702Q,2,21,23,0,8,8,5,12,17
BGMM81601B,6,27,33,1,8,9,7,12,19
BAEE17701R,4,69,73,3,25,28,3,19,22
REMM839019,3,31,34,1,7,8,5,24,29
MOMM824027,11,27,38,3,7,10,7,23,30
VVEE83506V,2,60,62,0,9,9,19,15,34
PDPC02301T,46,87,133,4,5,9,8,24,32
SAPC110009,1,2,3,0,0,0,0,0,0
BSMM82601E,8,21,29,3,3,6,8,19,27
PORC01051X,8,21,29,3,3,6,8,19,27
CEMM848015,11,31,42,1,7,8,10,13,23
TPEE00300V,1,61,62,0,23,23,11,10,21
TAPM020008,14,92,106,7,26,33,8,17,25
PNEE82903X,6,119,125,2,37,39,6,24,30
BOEE88503V,5,44,49,2,11,13,6,15,21
PSMM831014,6,21,27,1,4,5,7,30,37
NAEE8DD03V,6,21,27,1,4,5,7,30,37
RMEE8B901N,1,84,85,0,32,32,7,26,33
VVRH00302D,46,72,118,4,16,20,17,15,32
FIPC030003,18,39,57,0,0,0,5,17,22
UDEE827016,5,45,50,3,9,12,5,19,24
NUTD01651E,42,74,116,2,7,9,0,0,0
NAMM41400B,12,55,67,3,7,10,9,3,12
TEMM83101G,6,21,27,1,5,6,6,27,33
MBEE8AC01C,5,31,36,3,8,11,5,13,18
BSEE85504P,5,56,61,1,9,10,1,28,29
BAMM859018,12,35,47,2,12,14,5,18,23
MBEE86302E,5,81,86,1,17,18,9,18,27
NAEE8ES03T,4,63,67,1,31,32,10,19,29
TOEE882012,3,58,61,1,24,25,9,20,29
CTEE06900D,2,67,69,1,25,26,4,19,23
PDEE83105G,1,46,47,0,8,8,5,18,23
AGMM826015,16,28,44,2,5,7,16,16,32
SARH02201L,43,69,112,2,15,17,16,20,36
RGRC01302V,43,69,112,2,15,17,16,20,36
GEEE825025,5,51,56,3,13,16,4,23,27
VCEE810028,6,83,89,3,19,22,7,26,33
SAEE18301Q,4,61,65,3,21,24,12,7,19
CZEE83901A,7,62,69,1,15,16,11,18,29
FEEE803024,7,48,55,3,16,19,3,20,23
CAEE8AA037,2,83,85,0,21,21,4,23,27
SOEE80301X,2,45,47,0,6,6,9,9,18
GEEE84402E,1,96,97,0,26,26,7,32,39
GRMM82502Q,9,29,38,1,5,6,7,21,28
BOPS030004,48,93,141,2,4,6,14,28,42
TAEE802027,3,69,72,2,35,37,7,16,23
LEMM817022,6,19,25,1,4,5,14,10,24
AQEE824044,3,29,32,1,9,10,8,14,22
LUEE81805Q,3,56,59,1,23,24,4,19,23
SPEE80501D,2,47,49,0,7,7,6,21,27
CTEE8AL03G,2,61,63,1,17,18,7,20,27
RMMM8G1013,6,37,43,2,10,12,5,19,24
NAEE8ED02C,4,43,47,0,16,16,14,8,22
VAEE857017,4,73,77,3,23,26,9,18,27
FRMM85801T,9,45,54,5,11,16,3,24,27
PGRI02801E,67,98,165,16,35,51,18,30,48
ENEE091002,4,48,52,0,5,5,9,9,18
PGEE86701B,2,55,57,2,24,26,4,25,29
MNMM83601Q,13,44,57,6,12,18,8,25,33
CAMM824038,8,28,36,1,10,11,10,22,32
MEEE851035,3,87,90,2,35,37,7,21,28
RCMM82907Q,16,25,41,4,3,7,15,14,29
PAMM847014,5,22,27,0,7,7,7,12,19
VVEE818076,5,45,50,0,11,11,11,15,26
FEEE811045,3,78,81,2,17,19,8,25,33
FOEE80802Q,3,44,47,0,8,8,5,22,27
TOEE82202B,3,37,40,1,9,10,4,23,27
TEPS04000V,20,37,57,1,5,6,0,0,0
AGMM083009,20,37,57,1,5,6,0,0,0
BOEE80604V,5,71,76,2,16,18,6,25,31
FGEE85901N,3,61,64,1,30,31,5,16,21
NOEE82401E,1,80,81,1,27,28,7,25,32
FIEE84801X,6,46,52,3,6,9,7,17,24
REEE82402N,5,82,87,3,25,28,4,26,30
COEE83001D,1,57,58,0,14,14,3,20,23
PEMM83701X,9,57,66,0,17,17,7,22,29
BREE80602X,1,42,43,0,15,15,8,15,23
LETF03801N,62,58,120,3,9,12,12,15,27
RMMM819012,12,33,45,2,7,9,8,14,22
VEEE83002P,6,55,61,3,8,11,5,18,23
CSTF01402T,45,75,120,8,14,22,24,16,40
PEPS01000C,22,90,112,0,1,1,10,18,28
BSTL036011,22,90,112,0,1,1,10,18,28
CHEE825049,1,46,47,0,6,6,3,27,30
PZEE84806G,1,52,53,1,6,7,9,17,26
VIEE822023,3,65,68,1,19,20,7,19,26
NOEE819046,4,77,81,2,12,14,20,28,48
REMM812019,9,35,44,5,5,10,7,18,25
MIEE8BM023,3,59,62,1,16,17,3,28,31
CNEE848023,2,60,62,0,12,12,0,33,33
SVMM80101G,6,11,17,1,1,2,5,17,22
MSEE80905X,4,76,80,0,22,22,6,27,33
BIEE809023,6,41,47,3,8,11,9,13,22
PIEE82705T,4,63,67,0,20,20,4,30,34
MEMM835069,13,23,36,2,5,7,10,17,27
PGEE84902V,1,71,72,0,25,25,3,29,32
ALMM831017,4,10,14,1,2,3,4,23,27
NUMM827016,4,10,14,1,2,3,4,23,27
PZEE872017,4,28,32,0,4,4,7,8,15
CEEE808061,2,78,80,0,15,15,14,23,37
FREE84001N,2,33,35,0,8,8,6,20,26
BRMM82401B,8,23,31,2,9,11,14,6,20
SAEE8AB05X,3,63,66,1,14,15,11,24,35
BNEE848026,0,41,41,0,6,6,3,20,23
ANRC01301A,74,128,202,17,43,60,17,29,46
PGEE848012,2,17,19,1,2,3,8,19,27
PZEE864029,2,48,50,2,13,15,6,21,27
VRTD13050V,18,68,86,0,1,1,9,18,27
TOSL01001D,18,68,86,0,1,1,9,18,27
FOMM09500N,18,68,86,0,1,1,9,18,27
TVEE813054,1,66,67,0,10,10,5,27,32
NAEE12700X,2,57,59,0,20,20,10,9,19
LTPC080004,15,56,71,1,12,13,5,12,17
CNMM86601E,13,55,68,4,11,15,5,36,41
LTRC00701P,49,57,106,4,17,21,18,18,36
VBMM812017,16,40,56,4,10,14,8,38,46
BSEE88303T,7,92,99,2,25,27,14,22,36
SREE82803D,3,59,62,2,22,24,8,20,28
RCRA01402X,3,59,62,2,22,24,8,20,28
BGRI017023,80,94,174,7,14,21,18,30,48
PAMM82803R,6,41,47,1,10,11,18,9,27
SSMM812018,9,33,42,3,9,12,7,16,23
TOMM8BX01C,18,26,44,6,8,14,4,28,32
TVRH060504,49,104,153,14,36,50,18,25,43
NAMM8FC015,10,53,63,3,15,18,9,17,26
PDEE862057,2,62,64,1,14,15,3,24,27
RMEE8D902X,3,79,82,0,19,19,9,19,28
PSMM81101V,3,79,82,0,19,19,9,19,28
RMMM8DA017,7,25,32,4,8,12,5,20,25
NOPS04000X,32,103,135,8,21,29,9,22,31
VATD01301T,34,67,101,2,3,5,12,19,31
BORI009011,32,31,63,3,8,11,8,10,18
RCEE00601V,2,34,36,0,5,5,0,0,0
SRRA004011,38,50,88,8,8,16,16,17,33
REEE84603G,8,77,85,3,27,30,4,27,31
CNEE82203X,0,64,64,0,12,12,6,28,34
PZMM88901G,17,35,52,3,9,12,8,19,27
PTMM824014,2,15,17,2,3,5,6,24,30
CNEE80406D,0,42,42,0,6,6,7,21,28
ATMM809035,14,30,44,3,3,6,9,17,26
MIEE8FB02T,5,73,78,4,11,15,2,29,31
PRMM834014,8,40,48,5,10,15,15,22,37
CEMM86604T,9,17,26,1,0,1,8,11,19
PIEE840025,3,74,77,0,24,24,3,29,32
PEEE81103V,1,49,50,0,18,18,10,20,30
NATF09701X,35,82,117,5,25,30,18,11,29
PVMM80202V,11,38,49,5,12,17,2,31,33
NAEE8GE01C,1,48,49,0,16,16,10,15,25
CTEE06906Q,2,67,69,1,25,26,4,19,23
RGEE83502P,1,34,35,0,6,6,3,16,19
RMMM8BH02T,9,21,30,6,4,10,5,18,23
VIEE864036,7,57,64,2,15,17,4,20,24
BSEE86201P,4,51,55,1,7,8,4,26,30
PDEE839012,4,66,70,2,10,12,3,23,26
PAEE8AR066,3,56,59,1,10,11,12,14,26
TVEE83501R,6,58,64,2,12,14,1,24,25
GEMM85802B,7,39,46,2,11,13,14,28,42
PDMM88401V,11,41,52,2,12,14,7,19,26
CHEE705014,11,41,52,2,12,14,7,19,26
ANEE84804B,2,72,74,1,13,14,10,26,36
UDEE83101T,2,58,60,1,12,13,2,27,29
PRRI010009,52,50,102,3,10,13,15,21,36
LUMM82501N,3,7,10,2,2,4,2,17,19
VIEE86604V,6,84,90,3,25,28,10,19,29
UDEE84101C,2,64,66,1,15,16,5,24,29
CTMM8AT01C,5,19,24,2,6,8,5,14,19
PAEE8AR011,3,56,59,1,10,11,12,14,26
VAEE84704Q,5,61,66,0,17,17,12,14,26
CTEE80602B,0,22,22,0,6,6,8,9,17
SATD034011,28,59,87,6,5,11,14,17,31
PAEE03703N,8,62,70,4,18,22,6,13,19
RGPS01601R,34,73,107,2,6,8,12,26,38
AVMM807067,13,30,43,0,5,5,6,24,30
CERI02901E,39,51,90,3,9,12,12,17,29
RCMM81902X,10,23,33,1,7,8,12,11,23
TVEE84401G,1,42,43,0,6,6,2,17,19
PDMM89301N,11,39,50,3,3,6,10,34,44
MNMM82801R,12,43,55,3,14,17,6,28,34
ROEE811057,3,54,57,1,16,17,2,24,26
FIRC01601D,36,115,151,2,23,25,12,26,38
BNEE81207L,3,25,28,1,4,5,10,12,22
LCEE81903E,3,69,72,1,16,17,3,28,31
VCEE80501Q,4,46,50,2,7,9,7,21,28
MIEE8ED01T,7,77,84,3,23,26,6,22,28
LETH00701D,38,54,92,1,12,13,20,13,33
SAEE866069,4,25,29,0,3,3,10,11,21
SSMM848046,17,46,63,4,16,20,5,33,38
SITF05000T,24,38,62,1,7,8,3,2,5
IMMM814014,9,22,31,6,10,16,5,23,28
FOEE80804T,3,44,47,0,8,8,5,22,27
MTRH014501,57,91,148,15,30,45,0,0,0
PZMM893017,57,91,148,15,30,45,0,0,0
MIMM8FY01P,21,51,72,4,9,13,11,16,27
NAEE8E401B,0,47,47,0,18,18,9,12,21
AVRA016508,64,76,140,11,28,39,0,0,0
COEE80101D,5,39,44,0,6,6,11,15,26
RMPS09101T,25,99,124,3,19,22,15,17,32
PGTA011019,60,92,152,14,27,41,26,58,84
REEE82401L,5,82,87,3,25,28,4,26,30
CAEE033013,4,74,78,1,25,26,2,20,22
FEMM81801Q,12,33,45,4,8,12,3,33,36
MSMM815012,22,41,63,6,14,20,3,22,25
MIEE81406L,22,41,63,6,14,20,3,22,25
GEMM839011,8,42,50,4,14,18,5,27,32
COEE80701C,5,77,82,3,20,23,5,29,34
GEPS01701N,37,51,88,9,13,22,12,33,45
NOEE819035,4,77,81,2,12,14,20,28,48
PEPS011019,23,50,73,6,13,19,5,15,20
REEE83301B,9,93,102,2,27,29,3,33,36
GEEE820033,2,35,37,1,6,7,3,17,20
FRMM82001B,5,12,17,2,3,5,5,17,22
CTEE857017,3,45,48,1,11,12,7,16,23
CNMM812016,6,30,36,2,5,7,5,28,33
NASL010002,42,86,128,16,30,46,9,14,23
VIMM84002G,8,44,52,2,9,11,11,23,34
PDEE87404C,4,96,100,1,20,21,6,45,51
PDEE868034,6,48,54,3,7,10,8,12,20
PDTD18000R,6,7,13,0,1,1,0,0,0
NARH17000B,39,102,141,6,37,43,23,20,43
LIMM096009,39,102,141,6,37,43,23,20,43
CNEE84301V,2,78,80,0,20,20,7,28,35
NATD07701C,62,89,151,7,29,36,25,10,35
FETF006015,61,106,167,3,13,16,15,34,49
CLRA007017,63,93,156,10,19,29,31,14,45
BAEE01401R,2,91,93,1,26,27,9,14,23
VCEE81501A,3,42,45,0,11,11,4,22,26
RMTF02202E,32,53,85,5,11,16,7,17,24
LEEE8AG012,32,53,85,5,11,16,7,17,24
CAEE863041,4,66,70,0,27,27,14,16,30
VVEE822102,3,67,70,0,12,12,18,12,30
CZMM84403V,3,29,32,0,4,4,12,20,32
VREE840032,1,86,87,1,22,23,7,29,36
RMEE8GV03D,1,86,87,1,22,23,7,29,36
APPM007016,59,88,147,11,18,29,8,29,37
RMRI033013,30,70,100,13,25,38,7,20,27
VREE81303N,4,109,113,1,30,31,12,33,45
FREE86103R,2,54,56,1,20,21,6,24,30
REMM814011,9,30,39,3,7,10,6,26,32
NAMM8B501A,14,76,90,2,18,20,9,9,18
MCRI010008,53,60,113,8,24,32,9,25,34
FGTD044029,41,80,121,9,15,24,17,13,30
FIMM825016,11,37,48,3,6,9,3,28,31
TOEE073018,1,24,25,0,2,2,0,0,0
SIEE82504P,3,82,85,2,22,24,10,20,30
PAEE83801A,0,16,16,0,4,4,6,10,16
MEMM885026,10,22,32,3,3,6,14,10,24
BSRI01201B,65,147,212,4,17,21,18,29,47
BSMM80302V,6,30,36,2,4,6,7,24,31
MOEE84403E,2,82,84,0,31,31,8,23,31
MIPM026017,2,82,84,0,31,31,8,23,31
NAEE8B7013,1,37,38,1,13,14,6,12,18
CRMM80801A,11,30,41,2,10,12,5,27,32
BREE81501N,0,46,46,0,16,16,9,13,22
BGMM87702X,8,43,51,0,6,6,4,23,27
BAEE840029,2,76,78,1,24,25,6,19,25
BSEE89001V,1,74,75,1,16,17,8,20,28
LOEE80805X,3,54,57,1,12,13,8,26,34
TEEE819023,1,59,60,0,28,28,10,16,26
CSSL07101Q,31,87,118,1,11,12,20,10,30
RMEE84001C,4,94,98,2,34,36,3,22,25
RMEE8DB025,1,68,69,0,16,16,5,26,31
RMEE8F203B,7,77,84,0,27,27,6,24,30
TPEE82001L,2,67,69,1,14,15,11,11,22
TOTA023014,2,67,69,1,14,15,11,11,22
MCEE82402E,1,46,47,0,9,9,4,21,25
BNRI00201D,32,82,114,2,9,11,11,22,33
BAPS150007,28,89,117,0,3,3,16,16,32
LEPS050005,28,89,117,0,3,3,16,16,32
RGEE02101R,3,44,47,0,12,12,8,10,18
LTMM80101N,7,17,24,2,4,6,6,22,28
VBEE00203R,1,47,48,0,18,18,3,18,21
CSMM852032,5,24,29,1,5,6,6,16,22
CNEE81703C,3,60,63,0,19,19,3,35,38
RCEE85103T,0,40,40,0,9,9,14,11,25
AGMM85701R,14,22,36,5,2,7,9,18,27
SREE808016,1,51,52,1,16,17,11,18,29
ROMM815019,8,29,37,3,6,9,5,21,26
PAEE09504P,4,62,66,2,20,22,11,10,21
TORC007019,42,78,120,10,24,34,9,22,31
TVEE85602V,1,41,42,0,8,8,4,17,21
LIEE818015,1,75,76,0,23,23,4,26,30
NAEE21404V,2,62,64,0,16,16,9,12,21
FRMM835015,2,14,16,0,3,3,4,18,22
NAEE8F802A,1,93,94,0,37,37,10,14,24
MIPS070007,30,71,101,0,0,0,14,16,30
PRRI01050P,52,50,102,3,10,13,15,21,36
MOMM817013,13,43,56,5,8,13,8,27,35
BRRI01401G,65,94,159,12,28,40,20,20,40
CBEE80904V,3,41,44,0,8,8,0,0,0
CHSD01401P,33,103,136,8,32,40,9,20,29
POEE820047,5,101,106,0,24,24,8,41,49
ANMM849013,3,14,17,2,2,4,6,19,25
PVEE807045,3,14,17,2,2,4,6,19,25
ANMM844021,2,42,44,0,13,13,6,31,37
BLEE832011,3,60,63,1,9,10,11,24,35
VAEE845011,5,70,75,3,21,24,6,18,24
NARC118016,52,98,150,9,21,30,12,26,38
AQEE84303C,2,72,74,1,31,32,5,24,29
SSEE83601T,1,41,42,0,13,13,6,17,23
VCEE80002N,3,39,42,1,11,12,6,20,26
PDEE89305V,6,72,78,2,16,18,10,34,44
CHTF012514,71,92,163,3,9,12,0,0,0
CTMM823013,9,28,37,2,10,12,8,11,19
PCEE00802T,5,69,74,2,12,14,2,30,32
LUMM829011,15,32,47,10,8,18,4,26,30
RMMM8B0016,9,41,50,4,12,16,7,20,27
RAEE81301Q,3,35,38,0,7,7,4,17,21
TPEE02701C,7,84,91,4,31,35,11,13,24
AQEE82004R,1,16,17,0,3,3,7,11,18
UDEE85402G,5,70,75,0,6,6,6,36,42
PEEE823013,1,45,46,0,19,19,5,21,26
COEE854023,3,62,65,2,16,18,7,19,26
MIEE8EF01D,2,58,60,1,7,8,7,21,28
CRTD014013,54,103,157,4,8,12,6,29,35
LERF01701R,67,91,158,10,31,41,16,17,33
PSMM823015,11,38,49,5,9,14,7,31,38
MSEE807014,2,27,29,0,5,5,2,13,15
TOEE84701P,5,48,53,2,17,19,2,19,21
BOMM838016,11,15,26,3,3,6,1,22,23
PEMM81904D,6,17,23,2,2,4,7,17,24
BGEE804038,1,28,29,0,5,5,4,20,24
ENEE82203N,9,79,88,2,29,31,21,13,34
SSMM85201P,5,30,35,2,11,13,8,23,31
PTEE82903A,2,85,87,1,29,30,3,27,30
SATD064516,49,58,107,3,10,13,0,0,0
MOEE045008,5,104,109,3,20,23,5,32,37
VARC030018,5,104,109,3,20,23,5,32,37
LEMM853014,8,28,36,1,7,8,8,19,27
IMTD00103D,30,89,119,4,22,26,4,27,31
VTEE82401L,1,45,46,0,12,12,6,14,20
ARMM82902P,4,17,21,2,3,5,2,23,25
MTMM83403L,7,16,23,1,1,2,8,12,20
RMPS420006,20,53,73,1,0,1,0,0,0
COEE80704G,5,77,82,3,20,23,5,29,34
CEEE848038,2,63,65,0,9,9,10,13,23
ATEE81302R,3,44,47,0,10,10,2,27,29
CAEE883013,3,46,49,2,15,17,2,17,19
RMPS520003,25,60,85,2,6,8,9,16,25
CTEE710037,25,60,85,2,6,8,9,16,25
FGPC003013,22,57,79,3,13,16,11,9,20
SAEE890055,1,35,36,0,9,9,9,11,20
PAMM09900R,37,92,129,12,33,45,20,10,30
BSEE854083,3,71,74,0,12,12,6,33,39
PDEE870045,0,75,75,0,15,15,5,29,34
RNEE80302C,5,72,77,3,18,21,9,26,35
FRMM82605E,10,34,44,2,10,12,7,23,30
COEE838036,2,70,72,2,11,13,7,24,31
SPEE80209A,2,31,33,0,10,10,2,24,26
LIMM700012,2,31,33,0,10,10,2,24,26
UDSD01000P,46,103,149,0,16,16,11,27,38
AVEE87703B,4,19,23,2,4,6,2,6,8
VAEE81204R,0,60,60,0,14,14,9,19,28
MEEE06001V,1,62,63,0,18,18,5,12,17
PGEE80701Q,1,27,28,1,4,5,6,10,16
MIEE8FS01R,4,43,47,1,8,9,6,21,27
LEMM88901V,8,41,49,2,14,16,10,20,30
FRTA00801Q,32,63,95,8,20,28,13,20,33
LTEE83802A,0,54,54,0,21,21,9,21,30
MCEE818027,0,41,41,0,9,9,4,18,22
VCEE81004A,0,41,41,0,9,9,4,18,22
RMEE813025,5,91,96,3,17,20,10,16,26
CZEE83905E,7,62,69,1,15,16,11,18,29
TREE817034,2,33,35,0,5,5,1,21,22
RMEE8D7017,3,79,82,1,18,19,8,15,23
PGEE821012,3,37,40,1,11,12,4,14,18
VAEE87105N,5,75,80,1,24,25,3,27,30
TAEE802038,3,69,72,2,35,37,7,16,23
NAMM8ED01A,15,21,36,8,8,16,14,8,22
VREE890022,4,76,80,0,12,12,7,23,30
REEE82801X,5,62,67,2,20,22,5,19,24
SVEE82101T,1,64,65,1,14,15,4,29,33
BSEE80403R,3,55,58,1,10,11,2,25,27
SITD008027,3,55,58,1,10,11,2,25,27
CNEE826059,3,56,59,1,10,11,6,30,36
CTEE830017,2,53,55,0,16,16,6,20,26
PGEE042003,4,84,88,0,23,23,1,29,30
CTEE8A101T,1,24,25,0,8,8,6,15,21
CSEE887065,2,58,60,0,13,13,18,13,31
BNPC00401R,22,37,59,1,5,6,15,8,23
PCTA00201P,62,153,215,13,45,58,23,43,66
CEEE8A9027,1,95,96,0,29,29,12,18,30
TEMM81605N,7,18,25,0,3,3,8,17,25
UDEE83802N,5,28,33,1,7,8,2,15,17
CEMM898016,8,37,45,2,11,13,18,12,30
REEE85403E,5,94,99,1,28,29,9,30,39
CTEE84203G,2,59,61,1,29,30,8,15,23
LEMM8AL01N,8,24,32,1,4,5,10,13,23
BNPC002026,32,82,114,2,9,11,11,22,33
PAEE89001B,8,66,74,2,26,28,9,17,26
PAEE870016,5,42,47,3,15,18,8,13,21
RMEE8GR02Q,5,127,132,4,33,37,7,31,38
NAMM8DJ018,7,21,28,5,5,10,8,13,21
PDMM861027,12,53,65,3,11,14,5,20,25
RMPM10601B,62,143,205,8,22,30,11,32,43
BSEE82601G,3,47,50,1,9,10,8,19,27
SOMM824032,7,29,36,2,4,6,2,31,33
SAEE8BT016,2,35,37,0,11,11,14,5,19
NARI092508,68,120,188,11,35,46,0,0,0
VREE86204X,3,94,97,1,20,21,9,26,35
RCEE80617G,2,57,59,1,17,18,11,14,25
SVEE80103P,3,27,30,0,5,5,5,17,22
LCEE81703V,8,85,93,4,19,23,3,31,34
PAMM88001Q,21,30,51,4,14,18,15,12,27
VAEE82105L,1,93,94,0,24,24,9,28,37
TOEE8CF018,7,91,98,4,34,38,6,29,35
BAEE09400L,2,75,77,1,27,28,8,13,21
LTEE81601C,1,53,54,0,25,25,3,17,20
PGEE039018,5,65,70,0,27,27,3,24,27
NAEE86502V,0,16,16,0,4,4,7,11,18
VVEE82802G,5,52,57,3,14,17,15,7,22
BGEE81503P,3,66,69,0,15,15,2,25,27
RIEE82701B,5,97,102,2,33,35,6,28,34
RAMM82001T,18,46,64,7,10,17,5,29,34
VAMM83801R,10,32,42,1,9,10,2,31,33
LETD044514,10,32,42,1,9,10,2,31,33
MIRI09701D,89,102,191,12,14,26,23,29,52
FEPS00101X,46,57,103,8,17,25,7,26,33
TOMM715019,46,57,103,8,17,25,7,26,33
VVTD00350V,46,72,118,4,16,20,0,0,0
SRMM81901G,12,25,37,2,6,8,4,19,23
FIPC04000N,15,45,60,0,2,2,6,14,20
BGMM897014,12,34,46,2,7,9,4,23,27
ROMM823018,4,19,23,1,3,4,4,15,19
PGTD110516,36,97,133,4,23,27,14,23,37
PVMM80802T,18,30,48,6,7,13,12,28,40
TEEE82503B,2,88,90,1,36,37,10,28,38
TVEE86506T,2,87,89,0,22,22,7,29,36
RGMM83401R,16,33,49,4,7,11,10,20,30
MBEE8AD029,5,71,76,3,15,18,7,22,29
FREE84002P,2,33,35,0,8,8,6,20,26
PDEE85602R,0,45,45,0,7,7,3,16,19
TOEE80703A,3,42,45,2,5,7,10,17,27
MOEE824017,5,60,65,4,11,15,7,23,30
FEEE82202D,4,51,55,1,11,12,2,23,25
SAPC10000P,29,79,108,1,1,2,20,13,33
RCTD014015,31,83,114,5,24,29,19,13,32
LIEE80702Q,5,46,51,3,14,17,4,16,20
CHEE841014,0,62,62,0,19,19,4,21,25
MEEE706029,0,62,62,0,19,19,4,21,25
BAMM867017,0,62,62,0,19,19,4,21,25
CEEE8AY09P,4,52,56,3,13,16,12,13,25
AVMM86002X,11,21,32,2,2,4,10,19,29
CEEE872024,2,63,65,0,29,29,15,11,26
BAEE811029,2,30,32,0,5,5,7,13,20
MNMM827033,9,27,36,4,6,10,1,29,30
COPS01101L,20,67,87,0,3,3,6,21,27
BATF04101P,36,77,113,8,21,29,9,15,24
FEMM803012,7,30,37,3,5,8,3,20,23
PDMM87704V,8,22,30,1,4,5,4,18,22
GEEE84404L,1,96,97,0,26,26,7,32,39
CEEE8AN01V,2,57,59,0,15,15,5,15,20
NUPC016016,42,74,116,2,7,9,6,22,28
NAMM34100V,20,60,80,12,18,30,8,11,19
TEMM83002R,13,34,47,5,9,14,8,27,35
LUEE81804P,3,56,59,1,23,24,4,19,23
VIMM85801Q,9,30,39,3,4,7,4,26,30
PGRH028013,67,98,165,16,35,51,18,30,48
CLEE02100B,1,48,49,0,9,9,6,11,17
FIMM839014,10,54,64,3,8,11,8,25,33
VIPS010007,21,42,63,1,1,2,7,15,22
LCEE808012,0,54,54,0,10,10,6,18,24
MNEE83601R,4,77,81,1,23,24,8,25,33
PDEE834031,0,38,38,0,8,8,4,14,18
AVMM81701L,12,25,37,3,2,5,11,11,22
VTMM83201E,10,60,70,4,19,23,3,17,20
TSEE81103L,7,61,68,3,13,16,0,25,25
PAEE847015,1,47,48,0,21,21,7,12,19
TOEE89601X,3,68,71,1,22,23,5,24,29
TSEE800047,2,29,31,0,2,2,2,23,25
AGMM826037,16,28,44,2,5,7,16,16,32
SAEE816013,3,31,34,1,6,7,5,12,17
SARH021505,29,52,81,1,8,9,0,0,0
SATD03750R,54,56,110,3,8,11,0,0,0
MIEE8D102R,14,97,111,8,29,37,8,25,33
TEPS02000N,24,73,97,2,6,8,5,20,25
AGMM714012,24,73,97,2,6,8,5,20,25
SAEE8B001P,2,53,55,0,13,13,10,12,22
RMMM87301P,12,32,44,3,11,14,2,27,29
GREE831013,4,68,72,1,17,18,6,27,33
AQEE82504X,1,36,37,1,7,8,2,18,20
CLEE81102T,0,51,51,0,14,14,12,13,25
CTEE86301E,7,75,82,4,42,46,7,20,27
BLMM81701T,2,5,7,0,0,0,3,5,8
LOEE814035,5,102,107,2,36,38,9,26,35
CAMM8AA014,11,41,52,6,18,24,4,23,27
BSMM8AD018,17,35,52,6,4,10,9,24,33
SAEE88901R,1,20,21,0,6,6,5,12,17
FOMM80302G,8,26,34,3,3,6,10,29,39
ARMM81702C,6,26,32,1,9,10,2,17,19
AQEE824011,3,29,32,1,9,10,8,14,22
OREE82201G,2,28,30,0,8,8,4,14,18
VREE84803L,5,39,44,3,7,10,3,21,24
PEPM020004,29,117,146,2,14,16,9,26,35
BSSL036511,69,112,181,2,15,17,0,0,0
CHEE825027,1,46,47,0,6,6,3,27,30
RMTH06601P,42,55,97,6,6,12,6,22,28
MIMM8C401G,8,33,41,2,7,9,9,21,30
REEE813027,2,67,69,0,24,24,2,23,25
NUEE869019,2,56,58,0,15,15,3,23,26
SAMM88002A,3,18,21,0,3,3,4,13,17
IMEE80015V,4,45,49,0,4,4,5,21,26
PIMM82701L,12,43,55,4,14,18,4,30,34
VAMM87701B,8,34,42,3,7,10,10,21,31
MCEE818049,0,41,41,0,9,9,4,18,22
MEEE835026,3,51,54,0,8,8,10,17,27
PZMM894013,5,25,30,0,6,6,0,19,19
MEMM877016,14,24,38,1,3,4,10,20,30
BOMM80602Q,15,35,50,3,9,12,6,25,31
TOEE867021,3,60,63,3,16,19,6,25,31
ALPS00401C,30,77,107,5,9,14,9,22,31
MIMM8BL01D,15,47,62,2,17,19,10,23,33
ROEE811035,3,54,57,1,16,17,2,24,26
BNMM848036,14,25,39,0,4,4,3,20,23
RIPM01101B,42,113,155,6,18,24,11,26,37
GEEE838016,4,64,68,2,20,22,6,22,28
BAMM88101D,4,28,32,1,3,4,9,11,20
MIMM8BM019,7,33,40,2,3,5,3,28,31
CNEE848078,2,60,62,0,12,12,0,33,33
APEE81104B,5,29,34,0,6,6,2,23,25
FREE814059,2,50,52,1,12,13,7,21,28
ALRC00601L,52,93,145,11,24,35,14,20,34
NAEE346003,5,86,91,3,37,40,7,19,26
CSEE837053,7,49,56,3,16,19,16,16,32
VRTF03000V,83,89,172,0,5,5,18,30,48
TOSD02000L,30,106,136,5,21,26,19,17,36
CNMM814041,4,21,25,1,3,4,6,21,27
VTEE820019,1,45,46,0,18,18,3,19,22
LTPM030007,35,132,167,3,29,32,10,22,32
VTMM80901D,8,16,24,2,3,5,4,14,18
VREE89704V,6,54,60,2,11,13,7,21,28
CTMM83202V,8,20,28,2,3,5,6,17,23
CEMM8A601N,13,40,53,2,7,9,9,23,32
NUEE827039,13,40,53,2,7,9,9,23,32
LTEE846029,3,76,79,0,33,33,11,20,31
SREE82801B,3,59,62,2,22,24,8,20,28
CEEE89701B,4,61,65,1,18,19,16,12,28
PAPS028018,54,75,129,9,21,30,29,28,57
BSEE88402L,3,64,67,2,8,10,11,19,30
CZEE814067,0,42,42,0,7,7,9,8,17
NAEE8DE02N,2,47,49,1,14,15,16,14,30
PDEE862068,2,62,64,1,14,15,3,24,27
PSEE811032,2,62,64,1,14,15,3,24,27
NASD04050R,34,86,120,6,26,32,17,14,31
IMTD00701A,39,49,88,4,7,11,11,12,23
APTD00203X,82,160,242,27,56,83,18,39,57
TAPC11000A,31,81,112,2,9,11,14,14,28
SAEE8BG02E,3,38,41,1,14,15,10,10,20
PAMM8A001D,6,27,33,2,10,12,11,13,24
TOEE8AE028,2,47,49,0,11,11,4,21,25
CHEE07203V,6,78,84,0,28,28,4,24,28
CNEE86602L,2,83,85,1,31,32,5,36,41
REMM84601C,4,32,36,1,6,7,4,27,31
CBEE851027,2,23,25,0,5,5,0,0,0
VAMM82001G,5,28,33,3,7,10,4,17,21
BGEE81502N,3,66,69,0,15,15,2,25,27
PTEE824015,2,58,60,1,14,15,6,24,30
PDTD20001T,2,58,60,1,14,15,6,24,30
PGEE03910P,5,65,70,0,27,27,3,24,27
SOMM81901C,5,31,36,2,4,6,7,19,26
ATEE80807E,0,43,43,0,10,10,4,25,29
TPMM708014,0,43,43,0,10,10,4,25,29
FERC00701B,42,123,165,11,19,30,10,35,45
CLRI00701V,63,93,156,10,19,29,31,14,45
SSMM812029,9,33,42,3,9,12,7,16,23
NARI097024,35,82,117,5,25,30,18,11,29
TVRI010005,46,36,82,2,6,8,8,18,26
GETF01102T,46,36,82,2,6,8,8,18,26
BGMM82901D,5,21,26,2,6,8,2,16,18
PRMM81602G,5,18,23,2,4,6,5,17,22
SSTH00450R,66,110,176,13,42,55,0,0,0
CNEE83108X,5,69,74,2,12,14,6,30,36
MEEE886045,1,72,73,1,17,18,16,28,44
RGMM83601C,20,44,64,4,10,14,9,21,30
TOTL036013,53,82,135,15,27,42,6,26,32
PDEE839023,4,66,70,2,10,12,3,23,26
BITL00751E,97,131,228,30,53,83,0,0,0
MEMM87601A,7,27,34,3,9,12,13,17,30
PIMM81502B,9,36,45,2,11,13,4,30,34
CNTA012015,64,73,137,14,16,30,36,20,56
NAMM71602Q,64,73,137,14,16,30,36,20,56
RGTF01301B,92,122,214,8,27,35,25,29,54
PCTL007514,42,115,157,6,26,32,0,0,0
BSRI001011,64,71,135,4,2,6,13,29,42
KRTF03000C,4,8,12,0,3,3,2,0,2
SRRA00352G,45,62,107,6,19,25,0,0,0
CEMM8AX01D,4,25,29,1,6,7,8,12,20
PAEE88701G,5,35,40,2,8,10,8,15,23
TOEE073007,1,24,25,0,2,2,0,0,0
PREE82304T,5,72,77,1,17,18,7,39,46
CTEE808045,2,45,47,0,14,14,9,15,24
BSTD012012,65,147,212,4,17,21,18,29,47
IMEE80306X,2,58,60,1,15,16,5,18,23
MITA10301Q,34,73,107,5,18,23,9,15,24
MNEE828041,34,73,107,5,18,23,9,15,24
SREE802017,34,73,107,5,18,23,9,15,24
SAEE8BX04L,7,64,71,2,21,23,15,7,22
PAEE8AY026,3,70,73,1,24,25,9,16,25
AVMM701016,3,70,73,1,24,25,9,16,25
LCMM81901B,6,41,47,2,13,15,3,28,31
MEEE899014,3,56,59,0,11,11,8,19,27
VCMM80502Q,15,25,40,6,6,12,7,21,28
CAEE824017,1,58,59,1,15,16,10,22,32
VAEE85402R,4,65,69,1,16,17,4,24,28
MIEE8DB01G,6,46,52,2,12,14,7,17,24
PGTD031011,42,77,119,2,16,18,13,22,35
SREE85002N,0,38,38,0,9,9,9,17,26
LETD00701Q,38,54,92,1,12,13,20,13,33
GEEE85802C,4,77,81,0,17,17,14,28,42
PDEE88603N,5,89,94,2,28,30,4,23,27
FEEE812041,5,59,64,3,15,18,9,22,31
CAMM8AD01G,6,4,10,1,1,2,0,0,0
GEEE85203E,5,94,99,2,30,32,2,28,30
MORI01901D,74,109,183,4,12,16,19,32,51
LUEE825071,1,35,36,0,11,11,2,17,19
NAMM8E301E,4,21,25,0,6,6,6,10,16
ENMM81801V,28,45,73,4,8,12,12,15,27
FIEE848021,6,46,52,3,6,9,7,17,24
PGTD01101Q,60,92,152,14,27,41,26,58,84
BSMM81102T,8,26,34,1,5,6,6,23,29
MNPS008015,77,97,174,18,26,44,11,28,39
CAEE033046,4,74,78,1,25,26,2,20,22
PEEE837022,4,82,86,2,21,23,7,22,29
AVEE807079,8,49,57,2,8,10,6,24,30
MTTF01101D,46,65,111,6,10,16,20,14,34
RCMM817017,7,20,27,0,7,7,8,10,18
CLEE815025,2,62,64,0,13,13,14,15,29
NUMM87501G,4,30,34,0,6,6,4,15,19
PGEE02306X,4,74,78,2,15,17,6,28,34
MIMM8E601C,6,28,34,0,7,7,6,14,20
FOEE81601N,7,83,90,4,21,25,10,36,46
CSEE19005T,4,41,45,1,12,13,13,11,24
GRTH009508,4,41,45,1,12,13,13,11,24
FGEE84704E,3,36,39,2,8,10,11,7,18
NOEE819079,4,77,81,2,12,14,20,28,48
PESL011016,23,50,73,6,13,19,5,15,20
LIEE819011,4,79,83,2,20,22,8,23,31
BOEE818012,4,59,63,1,16,17,3,26,29
PGTF003013,32,55,87,8,19,27,7,13,20
SITF050507,24,38,62,1,7,8,3,2,5
LEEE859036,2,71,73,1,14,15,12,19,31
ARMM82201V,4,15,19,1,4,5,4,17,21
VTEE814012,3,55,58,1,19,20,6,25,31
COEE80105N,5,39,44,0,6,6,11,15,26
TOMM85002E,13,31,44,5,9,14,6,29,35
BATF230001,59,77,136,9,19,28,11,20,31
NARH15050G,60,142,202,18,57,75,16,25,41
RMRC01351E,26,45,71,3,7,10,0,0,0
CNEE84302X,2,78,80,0,20,20,7,28,35
NATF07701P,62,89,151,7,29,36,25,10,35
ALMM83502G,4,19,23,0,4,4,11,17,28
MIEE81401B,3,45,48,0,6,6,11,11,22
PIEE832048,8,84,92,4,30,34,5,27,32
BNMM848047,14,25,39,0,4,4,3,20,23
VIEE881052,2,108,110,0,28,28,11,29,40
RMEE8B0017,1,75,76,0,22,22,7,20,27
SSPS02701G,37,94,131,11,30,41,8,22,30
SIEE819018,2,33,35,0,9,9,5,9,14
CTMM84801B,9,28,37,3,8,11,7,19,26
CAMM86302T,12,32,44,1,11,12,14,16,30
RMMM8GV01A,11,18,29,4,5,9,3,15,18
AGRI024029,84,63,147,13,5,18,33,12,45
PZEE86403A,2,48,50,2,13,15,6,21,27
RMTL034519,63,75,138,9,11,20,0,0,0
TOMM87201A,12,29,41,6,6,12,7,34,41
RMPS44000B,36,92,128,3,2,5,11,29,40
REEE81503X,2,28,30,0,5,5,5,17,22
LTPS02000G,25,84,109,0,4,4,10,24,34
MCRI01002A,53,60,113,8,24,32,9,25,34
FGTD044018,41,80,121,9,15,24,17,13,30
FIEE825028,5,70,75,1,14,15,3,28,31
BNEE842038,0,19,19,0,4,4,7,14,21
BSEE88304V,7,92,99,2,25,27,14,22,36
BSEE80302X,1,65,66,0,12,12,7,24,31
FIMM826012,5,15,20,0,1,1,8,21,29
TOEE828019,5,52,57,2,7,9,8,29,37
FIEE87504B,6,86,92,1,19,20,6,35,41
CNMM86101B,3,28,31,0,7,7,8,22,30
RMMM8EL01D,3,22,25,0,5,5,4,19,23
RMMM80102T,3,17,20,0,4,4,2,16,18
PASL032505,46,147,193,16,61,77,0,0,0
BSEE890042,1,74,75,1,16,17,8,20,28
FRMM86102P,6,25,31,1,2,3,6,24,30
CHMM82402A,5,19,24,2,7,9,4,15,19
PVTF00201D,67,91,158,6,26,32,11,26,37
CHEE83104L,67,91,158,6,26,32,11,26,37
SVEE81506Q,3,83,86,1,21,22,6,29,35
CNEE822041,0,64,64,0,12,12,6,28,34
BGMM83603P,14,29,43,4,4,8,5,19,24
TOTD02101V,34,82,116,10,28,38,10,16,26
TVEE84801V,2,53,55,0,11,11,5,17,22
CBMM849015,11,20,31,1,8,9,4,19,23
PDMM870022,12,41,53,4,9,13,5,29,34
RNEE80405B,7,88,95,4,25,29,7,29,36
ALEE81901N,2,56,58,0,17,17,11,18,29
SPEE802056,2,31,33,0,10,10,2,24,26
NATF05101E,81,103,184,6,19,25,21,17,38
RMEE8DH035,81,103,184,6,19,25,21,17,38
AVMM877018,9,10,19,0,3,3,2,6,8
RMEE8FA01D,2,48,50,0,17,17,4,18,22
VBEE00200N,1,47,48,0,18,18,3,18,21
VAEE81201N,0,60,60,0,14,14,9,19,28
CREE809028,4,70,74,1,20,21,3,39,42
MEEE851024,3,87,90,2,35,37,7,21,28
MIMM8FS01Q,9,55,64,1,7,8,6,21,27
LOMM80802Q,7,15,22,1,3,4,8,26,34
MIPS08000T,26,62,88,1,1,2,10,17,27
PRSD01000E,48,81,129,1,16,17,11,19,30
MNEE821024,2,41,43,1,8,9,5,19,24
BSMM81901B,6,25,31,0,4,4,9,16,25
SARC00601D,42,43,85,1,6,7,13,13,26
FGMM80701X,9,15,24,2,4,6,11,8,19
COEE82702P,6,65,71,1,15,16,5,20,25
RGSL01601N,34,73,107,2,6,8,12,26,38
NAEE20600Q,6,59,65,2,21,23,8,11,19
BREE80702Q,4,33,37,1,9,10,9,8,17
CLMM822016,12,36,48,4,16,20,14,12,26
NATN11801B,52,98,150,9,21,30,12,26,38
CETD029015,39,51,90,3,9,12,12,17,29
ORMM066008,39,51,90,3,9,12,12,17,29
CHPS01101R,70,57,127,10,17,27,17,19,36
VREE89102T,4,57,61,2,13,15,4,18,22
BAPS11000R,12,45,57,0,1,1,6,12,18
BGMM8AF01B,15,38,53,4,10,14,7,24,31
SPRI007507,31,69,100,5,18,23,0,0,0
CTEE823025,1,28,29,0,6,6,8,11,19
LUEE829012,1,38,39,1,8,9,4,26,30
RAEE81302R,3,35,38,0,7,7,4,17,21
BSPS01602E,53,103,156,9,18,27,15,16,31
CTEE8A0056,1,33,34,0,11,11,8,17,25
BLEE82701D,1,18,19,0,4,4,5,13,18
CTEE88802X,7,63,70,6,22,28,15,13,28
AGEE85701T,4,48,52,2,9,11,9,18,27
AVEE86105X,2,53,55,0,8,8,15,18,33
BAMM812013,12,24,36,5,10,15,10,15,25
BLEE828019,4,44,48,1,8,9,13,14,27
RMEE8B8052,7,66,73,2,14,16,5,22,27
IMEE814037,3,75,78,1,25,26,5,23,28
CTMM8A101R,17,41,58,6,14,20,6,15,21
BGMM85601T,11,24,35,4,5,9,3,18,21
MIEE887015,1,57,58,0,15,15,4,18,22
AQPS01601E,60,126,186,7,29,36,11,32,43
LIEE06001L,60,126,186,7,29,36,11,32,43
CHPM014019,33,103,136,8,32,40,9,20,29
VVEE024007,0,16,16,0,6,6,0,0,0
PDEE89801T,5,65,70,1,12,13,8,20,28
MEMM8AD013,14,33,47,5,12,17,15,21,36
MIMM8AN01E,5,33,38,1,12,13,9,19,28
PEEE81903D,0,39,39,0,11,11,7,17,24
VAEE845033,5,70,75,3,21,24,6,18,24
FREE80305V,0,38,38,0,7,7,4,29,33
FGEE83701R,1,37,38,0,14,14,7,10,17
TOEE8AL04P,4,93,97,0,21,21,8,26,34
FIEE862049,4,82,86,0,19,19,6,34,40
LEMM853025,8,28,36,1,7,8,8,19,27
IMPS00102L,30,89,119,4,22,26,4,27,31
REEE83904D,1,66,67,0,21,21,5,24,29
FOEE81603Q,7,83,90,4,21,25,10,36,46
AREE829071,1,48,49,0,10,10,2,23,25
RCMM02800N,7,28,35,0,4,4,0,0,0
VREE862051,3,94,97,1,20,21,9,26,35
BOEE83002N,2,54,56,1,10,11,3,20,23
CSEE87207C,3,76,79,0,18,18,17,15,32
VIRC016515,52,112,164,10,35,45,0,0,0
LERF017505,52,112,164,10,35,45,0,0,0
SAMM89001X,5,22,27,0,4,4,9,11,20
PAMM12600X,23,67,90,6,23,29,9,7,16
PSMM823026,11,38,49,5,9,14,7,31,38
LEEE854011,3,22,25,0,5,5,8,7,15
TOEE85002G,2,66,68,0,8,8,6,29,35
ARMM82801T,6,23,29,1,4,5,0,15,15
TOMM84602V,10,33,43,3,8,11,8,30,38
LIMM098001,10,33,43,3,8,11,8,30,38
SAMM8BA01D,4,35,39,1,6,7,12,19,31
UDSD010504,46,103,149,0,16,16,11,27,38
PGMM80702Q,4,15,19,0,5,5,6,10,16
MIMM836028,9,34,43,1,9,10,10,14,24
CNMM83602Q,4,17,21,0,2,2,7,15,22
GERC01901T,4,17,21,0,2,2,7,15,22
LUTL01701E,47,78,125,3,15,18,18,26,44
TOEE87201B,3,72,75,2,20,22,7,34,41
CEEE872013,2,63,65,0,29,29,15,11,26
RMRI03601E,30,90,120,9,33,42,12,23,35
SIEE82503N,3,82,85,2,22,24,10,20,30
BSMM85401P,13,35,48,2,4,6,6,33,39
TREE81504D,3,51,54,2,11,13,6,22,28
AGEE83102P,6,34,40,2,8,10,16,7,23
VIMM871016,13,52,65,3,10,13,7,25,32
MIEE84702Q,3,62,65,1,13,14,7,18,25
TERC00801L,66,129,195,18,58,76,20,31,51
VREE832044,0,48,48,0,13,13,4,27,31
MCEE81104E,7,47,54,1,13,14,8,19,27
CZEE856058,1,53,54,0,15,15,9,21,30
NAMM8ED02B,1,53,54,0,15,15,9,21,30
BSEE80402Q,3,55,58,1,10,11,2,25,27
NAMM8B6016,17,49,66,4,10,14,12,9,21
RCEE829134,2,65,67,0,14,14,15,14,29
PAEE847026,1,47,48,0,21,21,7,12,19
PZMM89501V,6,11,17,2,2,4,5,17,22
PZMM822026,8,14,22,0,3,3,1,17,18
KREE820018,2,17,19,1,5,6,5,6,11
TSEE801021,3,66,69,2,15,17,4,18,22
TOEE824023,10,51,61,4,13,17,2,34,36
RMEE87901P,3,33,36,1,8,9,1,16,17
AQMM82502R,2,22,24,0,4,4,2,18,20
TEMM81602E,7,18,25,0,3,3,8,17,25
NAEE80801N,3,33,36,1,14,15,2,16,18
PAPS080008,46,118,164,13,20,33,25,15,40
BNTF00201A,46,118,164,13,20,33,25,15,40
VEEE82904L,2,43,45,0,10,10,5,18,23
PNEE822013,2,78,80,1,13,14,2,29,31
RMMM8CJ01L,13,32,45,4,9,13,4,21,25
BSSL03601G,69,112,181,2,15,17,15,30,45
RMEE8GR03R,5,127,132,4,33,37,7,31,38
RMEE8DH024,1,55,56,0,13,13,5,15,20
RMMM8FA01C,12,43,55,6,13,19,4,18,22
CNMM817019,16,33,49,4,8,12,3,35,38
SREE808027,1,51,52,1,16,17,11,18,29
APEE827052,1,34,35,0,8,8,5,30,35
NARC09250G,68,120,188,11,35,46,0,0,0
TOTF00701V,42,78,120,10,24,34,9,22,31
TVEE85701N,2,50,52,2,11,13,2,20,22
RCEE80616E,2,57,59,1,17,18,11,14,25
LCMM81701Q,16,62,78,5,15,20,3,31,34
PAEE88003V,2,53,55,0,17,17,15,12,27
TOEE8BU023,5,82,87,3,21,24,6,30,36
PGEE04207A,4,84,88,0,23,23,1,29,30
NAEE8F804C,1,93,94,0,37,37,10,14,24
PIEE82706V,4,63,67,0,20,20,4,30,34
NAPS14101P,43,124,167,5,39,44,21,18,39
PGMM848011,17,53,70,2,15,17,8,19,27
BGRC00902B,41,102,143,1,10,11,13,21,34
CBMM80902Q,10,30,40,4,6,10,0,0,0
MERI02301L,52,100,152,8,36,44,19,24,43
MIRI09751V,89,102,191,12,14,26,0,0,0
CEEE898017,2,73,75,0,25,25,18,12,30
AGRI011016,52,51,103,7,6,13,24,11,35
SREE81901L,0,39,39,0,8,8,4,19,23
BGEE897015,2,48,50,1,7,8,4,23,27
UDMM81102L,10,28,38,3,7,10,2,24,26
PVMM80803V,18,30,48,6,7,13,12,28,40
TVEE86503P,2,87,89,0,22,22,7,29,36
MIEE8BL038,10,77,87,3,24,27,10,23,33
TVRH01000N,60,124,184,7,50,57,15,52,67
PARA021013,47,110,157,18,54,72,29,9,38
MOEE824028,5,60,65,4,11,15,7,23,30
PTEE81801T,0,36,36,0,7,7,4,15,19
MBEE8E002C,6,57,63,1,15,16,4,20,24
BAEE855012,2,72,74,1,21,22,4,27,31
VBRA01000N,18,31,49,8,12,20,6,28,34
PDRC024019,25,39,64,0,2,2,7,15,22
BATF067518,64,83,147,5,18,23,0,0,0
RCTD014026,64,83,147,5,18,23,0,0,0
CHEE841047,0,62,62,0,19,19,4,21,25
FRMM814014,7,27,34,1,10,11,7,21,28
VRTL010518,51,55,106,3,6,9,6,25,31
TEMM83501V,8,19,27,3,5,8,4,26,30
AVMM86001V,11,21,32,2,2,4,10,19,29
BAEE08801A,2,68,70,0,28,28,10,9,19
COEE854012,3,62,65,2,16,18,7,19,26
NAEE86501T,0,16,16,0,4,4,7,11,18
MOMM833011,2,23,25,0,4,4,6,18,24
RMEE8EE027,5,60,65,0,12,12,2,23,25
CRPS014017,54,103,157,4,8,12,6,29,35
BAEE811018,2,30,32,0,5,5,7,13,20
CTEE832042,2,47,49,0,4,4,6,17,23
KRTH01201B,46,54,100,1,7,8,17,17,34
RAEE82002X,2,71,73,1,19,20,5,29,34
CNEE806043,3,57,60,1,14,15,8,32,40
FIPC180001,20,29,49,1,1,2,0,0,0
NASD04000B,34,86,120,6,26,32,17,14,31
AVPM01301X,27,56,83,1,9,10,14,12,26
NUTD016015,42,74,116,2,7,9,6,22,28
MIEE8CJ02R,2,47,49,0,10,10,5,17,22
BOMM840016,11,22,33,0,4,4,4,29,33
PDMM85601P,3,20,23,0,3,3,3,16,19
PEEE81701Q,4,60,64,0,22,22,7,18,25
IMTD00101B,30,89,119,4,22,26,4,27,31
AVMM843026,6,22,28,1,6,7,9,12,21
CLEE02101C,1,48,49,0,9,9,6,11,17
GETL007019,22,65,87,3,10,13,4,19,23
LCEE808045,0,54,54,0,10,10,6,18,24
PDMM83402V,8,33,41,2,6,8,4,14,18
TSEE81101E,7,61,68,3,13,16,0,25,25
PIEE84101X,3,79,82,1,21,22,6,23,29
MIPS05901D,46,134,180,15,52,67,11,24,35
APRC002521,82,160,242,27,56,83,0,0,0
SARI03701T,54,56,110,3,8,11,22,13,35
VIEE864014,7,57,64,2,15,17,4,20,24
MCPC09000R,32,86,118,2,4,6,12,26,38
SAMM8B001N,1,17,18,1,5,6,10,12,22
CLEE81901B,1,17,18,1,5,6,10,12,22
REEE84602E,8,77,85,3,27,30,4,27,31
FEEE803013,7,48,55,3,16,19,3,20,23
VAEE837034,7,48,55,3,16,19,3,20,23
FOEE80303N,2,55,57,0,8,8,10,29,39
CHMM818012,14,29,43,4,11,15,7,34,41
PGTF02801B,67,98,165,16,35,51,18,30,48
RMTL06601B,42,55,97,6,6,12,6,22,28
CSEE815056,3,32,35,1,7,8,18,11,29
FRMM82901T,6,24,30,2,4,6,10,35,45
TRTF006016,7,40,47,0,8,8,3,11,14
FITE004012,49,128,177,9,40,49,15,22,37
BOMM86301V,12,34,46,1,10,11,6,25,31
LEEE88901X,0,69,69,0,23,23,10,20,30
SAEE816035,3,31,34,1,6,7,5,12,17
CNRA01204C,64,73,137,14,16,30,36,20,56
MCMM818015,3,14,17,1,1,2,4,18,22
CTEE8AS01N,1,32,33,0,7,7,5,16,21
PGEE82903P,1,23,24,0,5,5,2,15,17
CAMM824049,8,28,36,1,10,11,10,22,32
CEEE8AX02G,1,43,44,0,6,6,8,12,20
PIMM81402G,7,33,40,1,11,12,6,20,26
BLEE817031,2,9,11,0,0,0,3,5,8
SORI013018,43,61,104,3,10,13,7,22,29
PAEE86005Q,7,62,69,1,25,26,14,12,26
PGEE822041,1,32,33,0,8,8,3,16,19
CTMM88501A,10,31,41,0,6,6,8,19,27
LEMM88003E,9,26,35,0,5,5,9,16,25
ARMM81001L,8,24,32,2,5,7,3,17,20
TOEE816035,6,63,69,3,17,20,6,21,27
GEEE839034,2,67,69,0,15,15,5,27,32
CZMM872033,12,26,38,1,4,5,11,18,29
MIEE8C501C,20,113,133,8,32,40,9,18,27
TOEE8CH043,8,81,89,4,20,24,5,30,35
FGEE01101N,3,58,61,0,20,20,6,11,17
MIEE8BM01A,3,59,62,1,16,17,3,28,31
APEE811018,5,29,34,0,6,6,2,23,25
ALTL00651Q,52,93,145,11,24,35,0,0,0
TVRI00701A,71,59,130,4,7,11,19,20,39
NAEE346014,5,86,91,3,37,40,7,19,26
TOEE8AZ01E,4,121,125,2,33,35,13,26,39
VEMM838017,5,25,30,2,6,8,3,18,21
VAEE87703E,3,83,86,0,20,20,10,21,31
PZEE894014,2,25,27,1,7,8,0,19,19
NUEE827017,2,25,27,1,7,8,0,19,19
CNPC030005,25,41,66,0,0,0,4,22,26
BSMM81103V,8,26,34,1,5,6,6,23,29
LUEE83505D,0,61,61,0,14,14,0,25,25
MSEE815013,2,47,49,1,16,17,3,22,25
BSMM895022,7,38,45,1,6,7,7,17,24
PATF02801A,54,75,129,9,21,30,29,28,57
RISD01101R,42,113,155,6,18,24,11,26,37
PETF00601X,100,113,213,6,18,24,21,27,48
CZMM814033,6,14,20,1,3,4,9,8,17
MCEE80305L,6,14,20,1,3,4,9,8,17
FRMM81102N,7,26,33,0,6,6,5,18,23
CSMM8AU015,5,20,25,1,3,4,10,14,24
RMEE8CU015,4,66,70,0,16,16,5,23,28
CEMM82301R,11,20,31,2,7,9,6,13,19
PDEE87405D,4,96,100,1,20,21,6,45,51
VBEE81101C,4,96,100,1,20,21,6,45,51
PDTD20000R,26,106,132,0,2,2,13,26,39
PGEE03906D,5,65,70,0,27,27,3,24,27
MEEE707014,5,65,70,0,27,27,3,24,27
VREE87002R,2,46,48,0,11,11,4,13,17
PDTD00301G,48,100,148,4,9,13,13,24,37
FEPM00701X,42,123,165,11,19,30,10,35,45
GOEE801014,2,41,43,0,9,9,4,22,26
CLPS00701N,63,93,156,10,19,29,31,14,45
METD008015,13,47,60,3,6,9,5,10,15
TOEE8BP02E,3,57,60,0,10,10,12,26,38
NOEE819068,4,77,81,2,12,14,20,28,48
BGMM83002P,8,26,34,2,9,11,3,20,23
VVEE82207T,3,67,70,0,12,12,18,12,30
PRMM81702B,3,15,18,0,2,2,4,22,26
TVRI01050E,46,36,82,2,6,8,8,18,26
TOPS03601R,53,82,135,15,27,42,6,26,32
BGEE876014,1,48,49,0,14,14,4,23,27
PDEE862046,2,62,64,1,14,15,3,24,27
RNEE01502Q,8,114,122,3,36,39,9,29,38
TPEE00401Q,2,75,77,0,28,28,7,11,18
PDSL01000P,32,56,88,3,5,8,10,14,24
RCEE87507E,2,40,42,0,11,11,7,16,23
UDEE81703N,6,77,83,0,12,12,3,27,30
PAEE013002,2,75,77,0,27,27,16,9,25
IMPS00701E,39,49,88,4,7,11,11,12,23
GOEE80801V,4,46,50,1,9,10,2,19,21
RGSL013016,92,122,214,8,27,35,25,29,54
KRTF02000T,55,57,112,1,3,4,16,20,36
PAMM88801A,14,38,52,4,13,17,18,9,27
FIEE825039,5,70,75,1,14,15,3,28,31
BASL04101D,36,77,113,8,21,29,9,15,24
SOMM815015,6,17,23,2,3,5,4,19,23
BSPS012016,65,147,212,4,17,21,18,29,47
IMMM80303Q,4,24,28,1,4,5,5,18,23
MIMM01900D,1,12,13,0,2,2,0,0,0
COEE837029,3,55,58,0,9,9,3,17,20
CEMM86602Q,9,17,26,1,0,1,8,11,19
ENEE091057,4,48,52,0,5,5,9,9,18
PVEE80201V,5,72,77,4,21,25,2,31,33
RMMM8BJ01L,10,39,49,3,9,12,6,20,26
SREE86401E,1,26,27,0,6,6,6,14,20
CEMM70901N,1,26,27,0,6,6,6,14,20
BIRC00601G,34,95,129,8,29,37,9,25,34
TVEE83503V,6,58,64,2,12,14,1,24,25
SREE85004Q,0,38,38,0,9,9,9,17,26
MIMM87701D,13,40,53,1,7,8,6,25,31
LOEE807054,4,52,56,2,7,9,4,24,28
MOPS019018,74,109,183,4,12,16,19,32,51
PIEE81501B,4,65,69,2,19,21,4,30,34
RMEE8GH02X,4,82,86,2,24,26,5,23,28
MIEE8D201G,13,83,96,6,24,30,8,16,24
BSTF00101T,64,71,135,4,2,6,13,29,42
CLMM81903C,64,71,135,4,2,6,13,29,42
ANMM80402E,7,25,32,1,8,9,3,27,30
GRMM83201T,8,29,37,1,5,6,2,27,29
FGMM85901L,12,27,39,4,15,19,5,16,21
CTEE803053,3,41,44,1,11,12,12,11,23
SATL03401B,28,59,87,6,5,11,14,17,31
MNRA00801P,77,97,174,18,26,44,11,28,39
TOEE8AC01G,10,94,104,4,23,27,10,32,42
RCEE81402T,0,29,29,0,2,2,9,10,19
PDEE846026,7,74,81,1,10,11,10,27,37
AREE81702D,0,40,40,0,10,10,2,17,19
MNEE82802V,12,85,97,6,27,33,6,28,34
BGEE847036,2,46,48,1,10,11,6,14,20
SAEE8BX01D,7,64,71,2,21,23,15,7,22
PGMM841016,16,75,91,7,25,32,1,25,26
AVEE701017,16,75,91,7,25,32,1,25,26
BREE02301N,7,93,100,2,43,45,5,20,25
CATD02751C,7,93,100,2,43,45,5,20,25
GRPC009017,39,95,134,4,22,26,9,24,33
BOEE82901C,1,32,33,0,8,8,5,14,19
LERH00701N,38,54,92,1,12,13,20,13,33
PGRC00301D,32,55,87,8,19,27,7,13,20
CAPS001013,31,56,87,2,4,6,8,17,25
AREE82304V,6,64,70,4,24,28,9,23,32
MTPC01301X,28,66,94,3,5,8,6,21,27
CTEE89301A,1,21,22,0,8,8,10,11,21
CRMM81901R,7,35,42,2,13,15,4,24,28
AQRA017043,31,68,99,9,30,39,20,15,35
BAMM290002,11,66,77,2,15,17,6,10,16
RMRS092019,18,31,49,3,0,3,11,12,23
LEMM88005L,9,26,35,0,5,5,9,16,25
BATD220004,35,74,109,9,27,36,10,11,21
RMTD01301C,26,45,71,3,7,10,11,11,22
NUEE87501L,2,25,27,0,5,5,4,15,19
VIEE88901C,4,70,74,0,13,13,1,27,28
VIEE881074,2,108,110,0,28,28,11,29,40
GETF018511,55,65,120,4,9,13,0,0,0
VVRH01001G,55,65,120,4,9,13,0,0,0
ALTD00601X,52,93,145,11,24,35,14,20,34
CZEE86801A,2,42,44,0,10,10,7,15,22
MIEE8C6029,4,49,53,2,9,11,8,19,27
ALMM808016,9,25,34,3,3,6,5,25,30
MIEE8BW01E,3,39,42,0,7,7,5,17,22
TOEE8AZ03L,4,121,125,2,33,35,13,26,39
MIMM8EE01L,13,42,55,5,17,22,7,22,29
FOEE03103V,5,74,79,1,17,18,6,26,32
BSMM88301P,10,46,56,3,10,13,14,22,36
PZEE84001Q,1,39,40,0,4,4,7,14,21
RMRH05901Q,48,69,117,7,20,27,10,26,36
LTEE833038,3,78,81,2,25,27,7,28,35
VATD020509,45,115,160,1,2,3,20,27,47
CHMM812013,3,20,23,0,7,7,2,22,24
CNTF01901L,57,57,114,3,9,12,7,20,27
PASL03201R,46,147,193,16,61,77,23,19,42
CSEE89801A,5,56,61,1,16,17,9,14,23
CNMM83702G,4,22,26,2,5,7,2,20,22
CSRI26000A,9,8,17,0,2,2,0,0,0
CEEE88701R,0,63,63,0,16,16,15,11,26
NAEE81001N,2,44,46,1,12,13,5,15,20
BNEE83805P,2,48,50,0,12,12,8,17,25
PAMM138006,17,73,90,2,25,27,9,8,17
VBEE81102D,17,73,90,2,25,27,9,8,17
TPMM80501D,3,8,11,1,4,5,7,2,9
PAEE839016,1,53,54,0,14,14,13,15,28
NAEE05400B,0,71,71,0,22,22,5,15,20
PDMM870011,12,41,53,4,9,13,5,29,34
SAEE830019,1,18,19,0,2,2,7,10,17
MCEE80903D,0,30,30,0,3,3,4,14,18
BSMM85403R,13,35,48,2,4,6,6,33,39
PSEE803033,3,13,16,0,3,3,6,8,14
NAMM8GD01G,7,27,34,3,11,14,2,15,17
UDTD010004,34,85,119,2,2,4,5,24,29
AVEE877019,4,19,23,2,4,6,2,6,8
VAMM81201L,8,47,55,4,11,15,9,19,28
MEEE060031,1,62,63,0,18,18,5,12,17
BAMM840017,10,32,42,2,10,12,6,19,25
MIEE8FT01L,4,73,77,1,10,11,9,20,29
AGEE826016,4,48,52,0,6,6,16,16,32
FOEE01812V,6,80,86,0,16,16,4,28,32
RMEE84002D,4,94,98,2,34,36,3,22,25
NAEE8CS02G,1,61,62,0,17,17,10,16,26
AVEE87103C,1,37,38,0,9,9,9,9,18
CNMM821011,7,22,29,2,6,8,3,18,21
MEEE81702L,1,26,27,0,3,3,2,15,17
NAEE8FZ037,0,34,34,0,9,9,9,6,15
COEE82701N,6,65,71,1,15,16,5,20,25
TVMM84802V,6,36,42,3,9,12,5,17,22
BGMM884012,10,36,46,1,5,6,2,22,24
CBEE849016,2,43,45,1,12,13,4,19,23
ANEE83203R,1,75,76,1,14,15,4,29,33
TETA00801D,66,129,195,18,58,76,20,31,51
BNRC00401C,22,37,59,1,5,6,15,8,23
BSRI01601P,53,103,156,9,18,27,15,16,31
VIEE821016,1,60,61,0,20,20,2,23,25
BLMM82701C,5,11,16,1,1,2,5,13,18
NUEE86802E,1,35,36,0,7,7,7,14,21
GEEE81301T,7,57,64,5,21,26,4,29,33
RGEE026054,2,47,49,1,12,13,9,8,17
MIPS11000C,32,79,111,2,2,4,10,25,35
CBRH010005,50,92,142,14,32,46,17,20,37
CEMM12300N,5,38,43,1,10,11,0,0,0
PTMM811012,18,51,69,4,14,18,14,30,44
PARH00402E,48,144,192,15,76,91,24,22,46
PTEE80603N,4,57,61,2,18,20,4,26,30
CHTF01301E,64,83,147,9,10,19,12,23,35
VVEE024018,0,16,16,0,6,6,0,0,0
UDMM83701Q,12,25,37,4,5,9,1,26,27
PDEE89802V,5,65,70,1,12,13,8,20,28
MEEE8AD014,1,74,75,0,24,24,15,21,36
MNMM80601X,16,24,40,4,4,8,3,28,31
BRMM80701N,8,19,27,1,4,5,9,8,17
ROEE82201D,1,63,64,0,20,20,4,22,26
FREE80304T,0,38,38,0,7,7,4,29,33
LEEE8AL03R,6,55,61,0,16,16,10,13,23
SAPS10000T,27,39,66,1,1,2,10,14,24
PREE020029,4,90,94,1,24,25,1,28,29
LOMM81203C,12,36,48,1,9,10,7,28,35
FIEE862016,4,82,86,0,19,19,6,34,40
SAEE01406N,1,68,69,0,18,18,12,10,22
FOMM81601L,20,43,63,3,14,17,10,36,46
LUMM830015,13,37,50,5,9,14,3,27,30
PGEE042014,4,84,88,0,23,23,1,29,30
CTEE8A0067,1,33,34,0,11,11,8,17,25
ANEE80902P,2,26,28,0,8,8,5,20,25
GRPS00901A,39,95,134,4,22,26,9,24,33
FGMM84702B,8,16,24,1,1,2,11,7,18
PGEE02607C,0,87,87,0,14,14,6,22,28
CTEE88801V,7,63,70,6,22,28,15,13,28
RMTF108014,38,64,102,2,5,7,11,20,31
VRSL03000N,53,110,163,4,21,25,15,25,40
IMEE814015,3,75,78,1,25,26,5,23,28
NAMM8F3015,4,31,35,0,8,8,12,7,19
BOEE884022,2,31,33,1,6,7,0,21,21
LERH017018,67,91,158,10,31,41,16,17,33
RAEE81901P,6,89,95,3,20,23,6,32,38
LEEE853026,4,54,58,2,13,15,8,19,27
TOEE85003L,2,66,68,0,8,8,6,29,35
AREE82801V,3,22,25,1,3,4,0,15,15
TOEE84601V,3,55,58,1,8,9,8,30,38
BAEE86901X,1,58,59,0,22,22,10,14,24
MIEE8AN02L,4,76,80,3,19,22,9,19,28
FOEE82301R,0,40,40,0,6,6,4,19,23
MTEE82601L,4,48,52,1,6,7,5,21,26
TATF029516,4,48,52,1,6,7,5,21,26
LUEE849039,4,53,57,0,12,12,1,33,34
COEE81507N,2,71,73,0,14,14,4,28,32
MIEE8CF029,5,80,85,1,22,23,13,14,27
TOEE8AL03N,4,93,97,0,21,21,8,26,34
REEE83905E,1,66,67,0,21,21,5,24,29
CATL031015,103,88,191,10,25,35,21,23,44
RMTD022017,103,88,191,10,25,35,21,23,44
LUEE83802T,4,48,52,1,12,13,4,25,29
SSTL02951V,54,87,141,11,31,42,0,0,0
SREE84102V,3,48,51,2,12,14,10,16,26
COEE80803A,2,56,58,1,12,13,5,20,25
MIEE836029,5,62,67,2,13,15,10,14,24
APTL00701B,59,88,147,11,18,29,8,29,37
CBMM83303N,8,17,25,2,4,6,7,14,21
RMTD03401D,63,75,138,9,11,20,12,24,36
GERC01902V,45,88,133,8,18,26,7,31,38
RMPS450002,16,59,75,0,6,6,8,19,27
FREE82502L,1,56,57,0,17,17,2,26,28
BAMM811017,5,28,33,0,5,5,7,13,20
FGTD00351B,22,57,79,3,13,16,0,0,0
BIEE81908X,10,64,74,5,16,21,16,39,55
CLMM70001C,10,64,74,5,16,21,16,39,55
SAEE80602D,4,29,33,2,7,9,7,8,15
BOEE854015,9,82,91,3,25,28,6,25,31
TREE81505E,3,51,54,2,11,13,6,22,28
TOTF06101G,63,43,106,4,6,10,13,20,33
VIEE871017,4,75,79,1,14,15,7,25,32
MIEE84703R,3,62,65,1,13,14,7,18,25
APMM81001B,12,51,63,3,18,21,7,27,34
VEEE86003G,2,69,71,0,15,15,4,30,34
BSMM81601X,8,29,37,3,4,7,5,21,26
NAEE82501B,0,44,44,0,15,15,7,13,20
BSEE89602V,2,84,86,2,20,22,5,32,37
RCEE82902G,2,65,67,0,14,14,15,14,29
TSEE81201A,4,65,69,1,12,13,7,16,23
PZTD01152E,43,98,141,5,13,18,0,0,0
KRMM820017,3,5,8,1,1,2,5,6,11
RMSL08201X,38,97,135,6,27,33,15,19,34
PSRH004013,28,39,67,2,15,17,11,16,27
SATD02101V,29,52,81,1,8,9,17,12,29
TOMM823015,5,11,16,2,1,3,4,13,17
CEEE8AY06G,4,52,56,3,13,16,12,13,25
VRMM8AA01V,10,35,45,1,6,7,10,14,24
ALEE81503C,8,66,74,3,28,31,2,34,36
BIEE809034,6,41,47,3,8,11,9,13,22
NAEE80802P,3,33,36,1,14,15,2,16,18
VEEE82903G,2,43,45,0,10,10,5,18,23
CHEE818013,1,61,62,0,22,22,7,34,41
TARF006018,27,81,108,2,5,7,15,17,32
BSTL03652B,69,112,181,2,15,17,0,0,0
NAMM8CG01L,8,29,37,2,4,6,14,6,20
BSEE80401P,3,55,58,1,10,11,2,25,27
RMEE8FB019,4,56,60,1,21,22,4,24,28
BSEE86102X,7,92,99,0,22,22,1,31,32
BAEE840018,2,76,78,1,24,25,6,19,25
TORH006503,52,80,132,18,27,45,0,0,0
TVEE85702P,2,50,52,2,11,13,2,20,22
MEEE878046,1,28,29,0,3,3,8,14,22
SVTD011511,24,56,80,2,3,5,0,0,0
CZEE82301R,2,27,29,0,4,4,7,8,15
SOTD01301V,43,61,104,3,10,13,7,22,29
CEEE898028,2,73,75,0,25,25,18,12,30
PVTF01401Q,10,7,17,2,2,4,2,0,2
PRMM812017,4,20,24,1,1,2,8,21,29
MIEE8E501N,6,87,93,4,17,21,11,27,38
PARI02201E,39,77,116,4,14,18,21,14,35
PAMM871011,14,46,60,3,16,19,13,10,23
CESL024024,14,46,60,3,16,19,13,10,23
ANEE81702N,4,67,71,1,17,18,2,36,38
TEEE84503L,2,55,57,1,14,15,4,27,31
PDTD02401L,25,39,64,0,2,2,7,15,22
CZMM85301G,11,45,56,1,8,9,5,16,21
COMM84701T,7,21,28,3,6,9,3,24,27
FGEE009092,1,101,102,0,40,40,13,14,27
NATF09201R,68,120,188,11,35,46,19,15,34
MIEE8EC023,2,58,60,1,10,11,1,25,26
FRMM814036,7,27,34,1,10,11,7,21,28
PDMM897011,10,36,46,2,8,10,4,18,22
CLEE829034,0,43,43,0,8,8,15,11,26
BLEE82803B,4,44,48,1,8,9,13,14,27
BLTF01101E,77,61,138,9,3,12,22,24,46
VVEE82801E,5,52,57,3,14,17,15,7,22
BGPM00901V,41,102,143,1,10,11,13,21,34
CTEE83202X,2,47,49,0,4,4,6,17,23
LIEE06003P,2,47,49,0,4,4,6,17,23
KRSD00901C,57,100,157,16,20,36,18,20,38
BLEE83303V,57,100,157,16,20,36,18,20,38
FOPC030008,37,73,110,1,6,7,12,27,39
AGTL011017,52,51,103,7,6,13,24,11,35
NARI01002C,66,120,186,17,53,70,18,18,36
FIPM02000L,13,87,100,0,8,8,11,15,26
ROEE82202E,1,63,64,0,20,20,4,22,26
RCMM71601E,1,63,64,0,20,20,4,22,26
PDMM85703L,11,23,34,0,3,3,5,21,26
SOEE81401A,2,39,41,1,5,6,4,15,19
VBPS030009,25,63,88,1,9,10,8,21,29
LIMM80701N,5,18,23,2,4,6,4,16,20
CHMM841013,2,22,24,1,9,10,4,21,25
NAEE8FD023,3,70,73,0,18,18,16,14,30
RCTF038508,64,75,139,4,20,24,0,0,0
SSEE81203B,2,50,52,1,18,19,7,16,23
MCMM80302C,8,14,22,1,2,3,6,15,21
APTD00201T,82,160,242,27,56,83,18,39,57
BOMM88501Q,9,16,25,2,4,6,6,15,21
MCPS02000N,18,49,67,0,0,0,6,19,25
TOMM8AE016,5,27,32,3,5,8,4,21,25
BOTD00803T,5,27,32,3,5,8,4,21,25
REEE847019,7,79,86,1,23,24,3,31,34
TOEE137012,6,43,49,0,8,8,7,23,30
BAEE867018,3,90,93,1,38,39,12,19,31
PGEE04008Q,2,88,90,0,25,25,8,20,28
CNRC00201N,28,67,95,2,19,21,10,24,34
VAMM837033,6,37,43,1,10,11,1,16,17
FIEE825017,5,70,75,1,14,15,3,28,31
CAEE80701D,1,65,66,0,23,23,10,18,28
LIPS010002,41,82,123,6,10,16,6,29,35
COTD01101C,20,67,87,0,3,3,6,21,27
RMMM80101R,3,17,20,0,4,4,2,16,18
TVSD01000A,29,54,83,0,7,7,5,19,24
CTEE06806X,2,56,58,1,25,26,2,15,17
TOTD036512,53,82,135,15,27,42,0,0,0
PDEE838016,5,71,76,1,13,14,5,28,33
LEEE889043,0,69,69,0,23,23,10,20,30
LUTA01701N,47,78,125,3,15,18,18,26,44
CNRA01202A,64,73,137,14,16,30,36,20,56
LEMM80402X,14,27,41,4,9,13,8,14,22
VIEE864025,7,57,64,2,15,17,4,20,24
KRTD07000L,5,13,18,1,4,5,6,1,7
RMRC03601T,30,90,120,9,33,42,12,23,35
RMTB02000G,44,50,94,2,2,4,9,18,27
TRMM817033,5,14,19,2,1,3,1,21,22
PNEE80801R,5,66,71,1,6,7,3,25,28
CBEE828059,3,43,46,1,15,16,3,20,23
VIMM81601N,11,31,42,1,6,7,6,20,26
AGEE83201D,0,34,34,0,6,6,13,6,19
CTEE88501B,1,60,61,0,15,15,8,19,27
AREE81002P,1,33,34,0,8,8,3,17,20
CEEE86601Q,1,27,28,0,4,4,8,11,19
FREE829053,1,46,47,1,6,7,10,35,45
BNTL01601C,46,80,126,2,13,15,26,38,64
CZEE872045,2,46,48,0,8,8,11,18,29
MIEE8C504G,20,113,133,8,32,40,9,18,27
PGMM82802R,5,23,28,1,6,7,7,20,27
FIRF00451A,49,128,177,9,40,49,0,0,0
LEPM01101L,49,128,177,9,40,49,0,0,0
LOEE80701X,4,52,56,2,7,9,4,24,28
TSEE813016,2,41,43,2,6,8,6,22,28
VATN003015,53,48,101,3,8,11,11,15,26
RMMM82901L,8,24,32,2,4,6,8,21,29
PZEE893018,8,24,32,2,4,6,8,21,29
LEEE82304C,0,51,51,0,10,10,10,16,26
RMEE87902Q,3,33,36,1,8,9,1,16,17
ARRF001502,23,64,87,6,17,23,0,0,0
PZMM885029,11,20,31,1,2,3,8,20,28
UDMM83201L,7,22,29,2,5,7,2,22,24
TOEE86701X,3,60,63,3,16,19,6,25,31
SARH032017,28,49,77,3,9,12,14,14,28
BSMM86902D,12,32,44,4,4,8,19,18,37
SAEE8AV017,1,25,26,0,3,3,5,9,14
CATA01451X,58,75,133,15,34,49,0,0,0
LUMM835018,3,26,29,0,8,8,0,25,25
VIEE828033,3,65,68,1,12,13,6,21,27
CSPS01601A,20,33,53,3,3,6,12,6,18
BIEE802017,0,46,46,0,6,6,6,22,28
BGMM8AE01G,12,41,53,4,11,15,10,24,34
TOEE816024,6,63,69,3,17,20,6,21,27
RMMM8BZ01D,10,46,56,2,9,11,13,17,30
NAEE34402D,4,76,80,2,28,30,14,15,29
MTSL01301X,28,66,94,3,5,8,6,21,27
CSEE8AU016,1,37,38,0,7,7,10,14,24
COEE80102E,5,39,44,0,6,6,11,15,26
LCEE823047,5,106,111,2,28,30,6,43,49
BATD22050D,35,74,109,9,27,36,10,11,21
SREE81902N,0,39,39,0,8,8,4,19,23
TARC039539,70,117,187,13,50,63,0,0,0
CEMM80802Q,9,39,48,0,7,7,14,23,37
VAEE84003X,2,69,71,0,19,19,2,21,23
CNEE843075,2,78,80,0,20,20,7,28,35
RCRH01601P,33,60,93,2,12,14,18,9,27
UDEE81103P,2,44,46,1,4,5,2,24,26
NATD076512,49,90,139,11,26,37,0,0,0
TVMM86501G,10,34,44,2,8,10,7,29,36
BGMM82801N,7,18,25,3,3,6,2,12,14
KREE80803Q,2,36,38,1,9,10,14,4,18
RMRC122516,44,106,150,9,33,42,0,0,0
PDEE83002L,5,81,86,1,24,25,7,20,27
CEEE04504V,2,63,65,1,21,22,8,10,18
PIEE832015,8,84,92,4,30,34,5,27,32
FGEE82406X,1,36,37,0,5,5,11,8,19
CZEE814056,0,42,42,0,7,7,9,8,17
PDEE862013,2,62,64,1,14,15,3,24,27
RNEE01501P,8,114,122,3,36,39,9,29,38
PZEE86405C,2,48,50,2,13,15,6,21,27
FREE82003E,1,37,38,1,5,6,5,17,22
VCEE80108Q,0,35,35,0,7,7,1,23,24
CSMM8AJ01N,5,33,38,0,8,8,16,14,30
PDTD01001P,5,33,38,0,8,8,16,14,30
UDEE81701G,6,77,83,0,12,12,3,27,30
IMTF00803E,43,34,77,2,7,9,6,22,28
GOEE80903R,4,22,26,1,4,5,2,14,16
SAEE8BG03G,3,38,41,1,14,15,10,10,20
FGTA03701P,50,61,111,5,14,19,37,23,60
VVMM82802E,6,10,16,1,1,2,15,7,22
VAEE82001L,1,41,42,0,8,8,4,17,21
CETA00201P,57,44,101,2,6,8,39,25,64
KRTD00901T,57,100,157,16,20,36,18,20,38
SAMM8AF023,13,20,33,1,3,4,2,15,17
AVEE84104N,4,40,44,1,8,9,12,11,23
FIEE871022,3,85,88,0,21,21,8,30,38
PVEE81201D,3,53,56,1,12,13,2,25,27
BGEE868059,3,62,65,1,10,11,4,25,29
MEEE84603N,1,22,23,0,4,4,4,13,17
PDTF02000E,80,71,151,0,4,4,22,32,54
PZEE84005X,1,39,40,0,4,4,7,14,21
FEPS00701V,42,123,165,11,19,30,10,35,45
CLPC00701E,63,93,156,10,19,29,31,14,45
TOEE82805D,5,52,57,2,7,9,8,29,37
MOEE040005,10,120,130,6,37,43,11,30,41
FIEE87503A,6,86,92,1,19,20,6,35,41
PEEE81601X,1,29,30,0,6,6,3,14,17
ISTD003018,21,67,88,2,15,17,10,24,34
PEEE81101R,1,49,50,0,18,18,10,20,30
GERI007018,22,65,87,3,10,13,4,19,23
VCRI01601X,51,54,105,9,21,30,10,18,28
MIPS02201V,27,67,94,0,8,8,7,20,27
PREE81706L,0,25,25,0,4,4,4,22,26
COEE81905V,2,50,52,1,10,11,1,31,32
RGEE83602E,3,57,60,1,10,11,9,21,30
BARI026515,53,84,137,10,16,26,0,0,0
CEMM71001T,53,84,137,10,16,26,0,0,0
BIRC00602L,34,95,129,8,29,37,9,25,34
MTMM80901T,34,95,129,8,29,37,9,25,34
MEEE87604E,2,61,63,1,16,17,13,17,30
ATEE804033,2,35,37,0,9,9,3,17,20
BOEE17204Q,4,65,69,1,13,14,5,22,27
BATH042012,52,69,121,2,8,10,18,18,36
CZEE86103N,0,57,57,0,22,22,11,18,29
MIRC059012,46,134,180,15,52,67,11,24,35
RMEE8DA029,8,78,86,2,32,34,5,20,25
SSEE822076,2,28,30,0,8,8,1,19,20
BSRC00301X,54,99,153,6,13,19,13,25,38
CLEE81902C,54,99,153,6,13,19,13,25,38
SRPC00301C,45,62,107,6,19,25,26,21,47
COEE83602D,7,79,86,3,21,24,8,26,34
SOEE81505A,2,30,32,0,4,4,4,19,23
UDMM85301N,10,31,41,2,4,6,2,32,34
RMPC06901D,50,111,161,3,12,15,11,31,42
MEEE899025,3,56,59,0,11,11,8,19,27
TRTD00601X,7,40,47,0,8,8,3,11,14
MIEE8DD028,15,100,115,5,28,33,15,22,37
PGRI03101A,42,77,119,2,16,18,13,22,35
CLEE02500P,2,59,61,0,21,21,11,9,20
GEEE85701G,4,35,39,3,8,11,7,16,23
MIEE87701E,5,71,76,2,14,16,6,25,31
MIEE8FR04P,5,78,83,3,25,28,7,25,32
FREE843026,3,52,55,0,11,11,6,27,33
SAEE075043,4,81,85,1,21,22,13,13,26
RMEE841029,3,54,57,2,12,14,1,26,27
PRPM010005,23,99,122,4,19,23,14,31,45
MBEE8CQ019,6,68,74,2,15,17,3,24,27
GREE83201V,3,75,78,1,21,22,2,27,29
RMPS09201N,18,31,49,3,0,3,11,12,23
LEEE88005N,2,45,47,1,9,10,9,16,25
PVEE807034,2,45,47,1,9,10,9,16,25
MNRI00801A,77,97,174,18,26,44,11,28,39
NAEE21401Q,2,62,64,0,16,16,9,12,21
PEEE836026,1,35,36,1,7,8,5,17,22
PDEE846037,7,74,81,1,10,11,10,27,37
AQMM845011,11,37,48,4,12,16,5,25,30
AQEE85001D,4,92,96,3,27,30,5,33,38
FEEE817044,1,45,46,0,15,15,1,24,25
LEEE88008R,2,45,47,1,9,10,9,16,25
PGEE841017,4,24,28,0,7,7,1,25,26
VVPS07000C,7,6,13,1,2,3,1,0,1
CAPS120008,19,52,71,1,7,8,4,19,23
CSMM83702V,15,39,54,2,6,8,16,16,32
MIMM8C6017,17,43,60,6,9,15,8,19,27
BOEE86501G,4,26,30,1,8,9,3,20,23
AVRI01650X,64,76,140,11,28,39,0,0,0
ENEE82101Q,4,65,69,1,14,15,19,18,37
CHPS01301C,64,83,147,9,10,19,12,23,35
TPMM843018,13,33,46,7,7,14,8,10,18
LTMM846017,15,26,41,8,8,16,11,20,31
MCEE82006B,0,26,26,0,3,3,4,26,30
MNEE806011,4,49,53,1,14,15,3,28,31
PGEE834025,5,77,82,1,24,25,3,29,32
ALMM83002C,10,42,52,2,11,13,6,28,34
LEEE8AN02B,1,44,45,0,17,17,10,11,21
ALMM83501E,4,19,23,0,4,4,11,17,28
VATD02000X,45,115,160,1,2,3,20,27,47
NAEE8BT01Q,2,42,44,0,10,10,7,13,20
CNTD01950P,57,57,114,3,9,12,0,0,0
GEMM82001X,5,16,21,1,2,3,3,17,20
LUMM84101G,9,22,31,0,5,5,4,23,27
RMPC14000N,16,44,60,0,0,0,7,13,20
RAEE81904T,6,89,95,3,20,23,6,32,38
NAEE05401C,0,71,71,0,22,22,5,15,20
RMEE8EA02X,3,44,47,0,8,8,10,18,28
TATF02901R,3,44,47,0,8,8,10,18,28
GEEE82701Q,5,79,84,2,20,22,8,31,39
VEEE809018,4,85,89,2,10,12,6,30,36
CEMM89601E,14,34,48,6,13,19,14,8,22
BSEE85503N,5,56,61,1,9,10,1,28,29
SSPM010006,23,144,167,5,44,49,15,23,38
NAEE8GD02N,1,42,43,1,18,19,2,15,17
BGMM83001N,8,26,34,2,9,11,3,20,23
UDTL01000E,62,71,133,3,11,14,6,21,27
SAEE8A0025,1,48,49,0,12,12,12,12,24
BGEE876025,1,48,49,0,14,14,4,23,27
PASD033016,77,121,198,20,47,67,28,18,46
TAMM81202R,6,21,27,2,4,6,10,11,21
SAMM807028,8,12,20,0,3,3,1,13,14
CNEE83605X,1,29,30,0,9,9,7,15,22
RCMM875017,6,16,22,2,6,8,7,16,23
PAEE013057,2,75,77,0,27,27,16,9,25
IMRI00801G,43,34,77,2,7,9,6,22,28
FOEE01908D,5,71,76,1,16,17,4,23,27
PVRC00201X,67,91,158,6,26,32,11,26,37
REEE819059,2,30,32,0,4,4,2,18,20
MOEE80702E,3,34,37,1,5,6,5,11,16
BNEE71701L,3,34,37,1,5,6,5,11,16
FREE82503N,1,56,57,0,17,17,2,26,28
BNEE83706X,1,56,57,0,17,17,2,26,28
RMEE8F3015,5,70,75,2,23,25,5,23,28
PVEE835016,6,85,91,1,18,19,4,38,42
UDEE819017,5,67,72,1,14,15,7,28,35
MEEE81704P,1,26,27,0,3,3,2,15,17
RMMM812017,5,33,38,2,13,15,2,18,20
PREE82301P,5,72,77,1,17,18,7,39,46
SAMM8BB019,8,23,31,1,6,7,13,6,19
BSEE85104B,3,63,66,1,12,13,4,22,26
TORC02101G,34,82,116,10,28,38,10,16,26
VREE845024,6,66,72,3,13,16,4,38,42
BGEE884024,5,59,64,1,14,15,2,22,24
CBEE849027,5,59,64,1,14,15,2,22,24
PTEE82601R,7,90,97,2,26,28,8,27,35
AQMM824021,6,21,27,4,7,11,8,14,22
SPEE81301C,0,36,36,0,6,6,2,17,19
RMEE8BU02P,4,81,85,1,30,31,3,26,29
TVMM824019,13,40,53,2,7,9,4,25,29
SPMM80401L,3,25,28,0,6,6,0,17,17
AREE83701N,4,52,56,1,14,15,6,18,24
FREE857035,1,41,42,0,10,10,6,19,25
CNEE85201N,5,64,69,1,19,20,3,27,30
RIMM810022,8,9,17,1,1,2,4,20,24
AQEE82805C,2,67,69,0,15,15,6,24,30
BATD02601A,53,84,137,10,16,26,17,25,42
AVEE81703Q,4,43,47,1,8,9,11,11,22
PVEE81701L,3,89,92,2,31,33,7,23,30
MEEE851057,3,87,90,2,35,37,7,21,28
PZMM822015,8,14,22,0,3,3,1,17,18
NUMM86801C,6,21,27,2,4,6,7,14,21
RGEE811026,3,50,53,1,15,16,11,13,24
CSRI07201X,31,52,83,0,11,11,21,10,31
CEMM10800G,23,74,97,10,19,29,8,9,17
TOEE823027,0,21,21,0,4,4,4,13,17
MTMM808023,6,16,22,0,0,0,8,11,19
FGEE807022,3,41,44,0,6,6,11,8,19
CTEE87502T,3,68,71,2,26,28,7,19,26
COMM82701L,9,31,40,2,7,9,5,20,25
RGPC01601N,34,73,107,2,6,8,12,26,38
CETF02801G,72,87,159,18,20,38,26,8,34
GRMM830016,10,28,38,2,6,8,3,26,29
BNPS003014,24,71,95,4,8,12,13,11,24
CTEE81402A,4,56,60,0,18,18,5,23,28
SAPS09000C,19,68,87,1,1,2,16,10,26
LOMM81202B,12,36,48,1,9,10,7,28,35
MIEE87602Q,3,52,55,0,8,8,4,20,24
VRMM89101Q,7,24,31,1,3,4,4,18,22
GEEE812012,6,67,73,3,26,29,6,20,26
BSTF01601G,53,103,156,9,18,27,15,16,31
CATF027019,46,62,108,3,19,22,9,23,32
VIEE821027,1,60,61,0,20,20,2,23,25
PZEE87603L,2,31,33,0,4,4,5,14,19
ROEE81501A,2,52,54,0,10,10,5,21,26
BOMM883014,9,15,24,2,4,6,7,18,25
RNPC01000V,52,177,229,7,17,24,22,30,52
FREE843059,3,52,55,0,11,11,6,27,33
LTMM855012,7,24,31,0,6,6,13,15,28
TOEE8BT038,6,81,87,3,29,32,11,32,43
FIMM855012,2,37,39,1,8,9,8,25,33
BGEE863012,4,77,81,0,18,18,4,23,27
CBRC05000A,5,5,10,2,1,3,0,0,0
MIMM8DF01T,23,43,66,7,11,18,5,22,27
PTEE811024,5,95,100,0,24,24,14,30,44
BGEE85601V,1,51,52,0,16,16,3,18,21
MIEE888022,5,56,61,3,20,23,3,16,19
PGEE848023,2,17,19,1,2,3,8,19,27
BGTF007018,36,49,85,2,4,6,10,16,26
FIEE85601V,6,71,77,0,15,15,7,16,23
POEE81901X,7,97,104,1,24,25,2,37,39
AGEE034005,2,62,64,1,17,18,7,21,28
MEEE8AD07A,1,74,75,0,24,24,15,21,36
CZEE82303V,2,27,29,0,4,4,7,8,15
RCMM846028,18,24,42,5,4,9,18,11,29
PAMM820025,11,21,32,2,1,3,11,10,21
PZMM874085,12,27,39,2,3,5,3,27,30
SSEE02713N,5,92,97,3,36,39,0,24,24
FREE80302Q,0,38,38,0,7,7,4,29,33
GEMM867015,8,43,51,1,9,10,5,39,44
FREE84702D,4,89,93,0,33,33,7,24,31
FGMM83701Q,7,18,25,3,2,5,7,10,17
TOMM8AL01E,6,14,20,1,2,3,8,26,34
FREE83904L,2,90,92,1,29,30,8,20,28
CATF031509,103,88,191,10,25,35,0,0,0
MTEE83401G,2,25,27,1,1,2,8,12,20
TOMM807028,11,22,33,1,5,6,10,17,27
GREE817062,3,40,43,0,5,5,9,22,31
AVRI00201N,25,14,39,0,1,1,4,11,15
COEE808018,2,56,58,1,12,13,5,20,25
PGEE026016,0,87,87,0,14,14,6,22,28
RMPS108012,38,64,102,2,5,7,11,20,31
MIEE85402V,3,78,81,1,19,20,7,21,28
PGEE847027,1,74,75,1,23,24,4,30,34
VRTD05000T,15,70,85,0,4,4,4,20,24
CSMM872015,14,31,45,3,12,15,17,15,32
RMPS450013,14,31,45,3,12,15,17,15,32
LERA02101Q,80,87,167,18,24,42,26,15,41
CEEE8A202C,2,39,41,1,8,9,10,11,21
SAMM80601B,9,19,28,1,8,9,7,8,15
CLPC02000X,19,61,80,3,4,7,10,13,23
TOEE84903C,5,42,47,2,8,10,5,25,30
TOPS06101D,63,43,106,4,6,10,13,20,33
CNEE806032,3,57,60,1,14,15,8,32,40
RMEE8A804A,2,63,65,2,17,19,5,24,29
RMTD05901T,48,69,117,7,20,27,10,26,36
LUEE84904A,4,53,57,0,12,12,1,33,34
VASL040006,24,64,88,2,9,11,8,14,22
RMTF02201D,24,64,88,2,9,11,8,14,22
RMPS320009,20,63,83,3,5,8,5,16,21
RMMM72005D,20,63,83,3,5,8,5,16,21
NAEE8FC027,3,83,86,1,30,31,9,17,26
CAMM883012,6,19,25,4,6,10,2,17,19
PSRI00401E,28,39,67,2,15,17,11,16,27
RCEE10003V,7,62,69,2,14,16,11,13,24
CHEE818057,1,61,62,0,22,22,7,34,41
NAEE8CF01T,4,71,75,1,26,27,13,11,24
RGEE83501N,1,34,35,0,6,6,3,16,19
SIRI007504,45,62,107,2,13,15,0,0,0
BSMM86101T,27,53,80,2,13,15,1,31,32
PDMM839011,10,28,38,0,4,4,3,23,26
NAEE822021,2,60,62,1,26,27,8,15,23
BIMM81201R,8,30,38,0,8,8,6,23,29
PZEE84102L,5,52,57,2,13,15,9,16,25
VEEE81901V,2,40,42,0,6,6,2,16,18
SVTL011012,24,56,80,2,3,5,8,21,29
NAEE8FZ015,0,34,34,0,9,9,9,6,15
PVEE835027,6,85,91,1,18,19,4,38,42
PIEE81405Q,4,53,57,3,21,24,6,20,26
AVEE807024,8,49,57,2,8,10,6,24,30
PNEE80804X,5,66,71,1,6,7,3,25,28
BGEE884013,5,59,64,1,14,15,2,22,24
MEEE857045,5,59,64,1,11,12,11,22,33
APEE82303L,1,73,74,0,14,14,4,27,31
AGMM83202D,8,14,22,0,4,4,13,6,19
RMEE8CJ02P,0,56,56,0,17,17,4,21,25
TARF00650L,27,81,108,2,5,7,0,0,0
REEE827025,6,57,63,3,16,19,1,25,26
RMEE8BQ01A,1,48,49,0,12,12,5,11,16
TOTA00601A,52,80,132,18,27,45,22,33,55
CNEE856011,3,49,52,1,16,17,6,14,20
NARI141519,43,124,167,5,39,44,0,0,0
NAEE8E5017,1,39,40,1,18,19,8,18,26
CNEE84706B,1,50,51,0,11,11,6,25,31
PDMM89801R,8,34,42,1,5,6,8,20,28
NAPC350003,15,100,115,1,10,11,12,14,26
TOMM81701T,14,40,54,6,17,23,9,32,41
MBMM8DP013,6,32,38,1,7,8,4,22,26
CSEE8AQ02E,1,60,61,0,18,18,18,8,26
ROMM82201C,10,36,46,5,8,13,4,22,26
LUEE83503B,0,61,61,0,14,14,0,25,25
NAEE8GP014,2,50,52,0,22,22,11,17,28
MSEE823045,2,44,46,1,16,17,3,25,28
VIEE82903V,1,65,66,0,7,7,5,22,27
NUMM87401Q,15,36,51,1,8,9,4,22,26
NAMM8GX013,10,25,35,7,12,19,12,7,19
MSEE815024,2,47,49,1,16,17,3,22,25
MIMM8E501L,9,40,49,4,8,12,11,27,38
SOEE81402B,2,39,41,1,5,6,4,15,19
CESL02450B,39,57,96,8,20,28,0,0,0
SAPM050003,15,83,98,2,8,10,12,14,26
RGEE825046,3,86,89,0,30,30,17,18,35
POPS010001,20,36,56,4,7,11,0,0,0
RCPS03801T,64,75,139,4,20,24,17,19,36
PDEE86105B,2,64,66,0,19,19,5,20,25
RETD090508,31,79,110,2,10,12,11,32,43
BOEE832029,2,39,41,0,6,6,8,28,36
FREE81103Q,3,43,46,1,14,15,5,18,23
NATD07000L,3,43,46,1,14,15,5,18,23
FIMM870014,16,49,65,3,11,14,11,32,43
PEEE823024,1,45,46,0,19,19,5,21,26
AREE83303C,1,33,34,0,9,9,3,17,20
BLRC01201R,33,82,115,6,17,23,11,25,36
CSMM823021,15,20,35,1,6,7,11,11,22
BOEE88502T,5,44,49,2,11,13,6,15,21
GEEE86401P,2,56,58,1,10,11,4,22,26
CRSL01601Q,48,99,147,5,19,24,10,29,39
MEEE881042,5,58,63,2,12,14,17,10,27
BOTF02601G,72,100,172,10,19,29,17,22,39
FIMM85601T,3,28,31,0,6,6,7,16,23
LEEE853037,4,54,58,2,13,15,8,19,27
PGEE04004G,2,88,90,0,25,25,8,20,28
BGEE85802G,2,49,51,0,7,7,4,19,23
FIMM59000N,2,49,51,0,7,7,4,19,23
NARI01000A,66,120,186,17,53,70,18,18,36
PGEE85402A,3,76,79,1,18,19,6,28,34
MTMM82601G,3,17,20,1,3,4,5,21,26
COEE81502C,2,71,73,0,14,14,4,28,32
VIEE857011,2,89,91,0,24,24,7,22,29
BAEE85902A,4,57,61,1,16,17,5,18,23
AVEE837042,8,44,52,2,8,10,17,12,29
BAEE017007,8,44,52,2,8,10,17,12,29
PIMM83501G,7,34,41,3,10,13,5,32,37
TOMM807039,11,22,33,1,5,6,10,17,27
COEE70001R,11,22,33,1,5,6,10,17,27
VRMM83901P,4,25,29,0,10,10,5,18,23
FIEE863012,2,67,69,0,13,13,6,24,30
LUTD017014,47,78,125,3,15,18,18,26,44
CTEE8AY05R,3,60,63,0,18,18,11,21,32
AGMM84001B,11,18,29,1,2,3,14,10,24
MCRH010506,36,84,120,8,29,37,17,48,65
RMRI039012,20,65,85,4,7,11,9,14,23
TOEE122007,5,80,85,1,15,16,6,19,25
RMTD030005,26,70,96,4,9,13,6,19,25
SAMM88901Q,12,32,44,2,6,8,5,12,17
MIEE84901A,4,26,30,3,5,8,6,16,22
VAEE837012,2,41,43,0,10,10,1,16,17
APMM83001L,4,21,25,2,7,9,7,23,30
SAEE16100T,4,55,59,2,20,22,8,15,23
PATN01000Q,37,80,117,2,3,5,12,25,37
MIEE8B4023,6,49,55,1,12,13,9,16,25
CBMM827029,6,49,55,1,12,13,9,16,25
VIEE81602Q,2,49,51,0,5,5,6,20,26
CTEE8AL04L,2,61,63,1,17,18,7,20,27
RARC07000X,41,79,120,6,32,38,9,27,36
MNEE835011,2,46,48,0,12,12,4,17,21
FIPM00401Q,49,128,177,9,40,49,15,22,37
PCEE80901G,0,81,81,0,24,24,1,35,36
BOEE86301X,2,73,75,2,11,13,6,25,31
BITD00601V,34,95,129,8,29,37,9,25,34
FEMM811011,9,38,47,3,7,10,8,25,33
ATMM80401X,7,19,26,1,4,5,3,17,20
LOEE807043,4,52,56,2,7,9,4,24,28
MIMM8BE01R,15,34,49,7,10,17,6,22,28
LEEE804032,2,54,56,1,12,13,8,14,22
RMEE8GG024,5,72,77,2,23,25,12,22,34
VATD003017,53,48,101,3,8,11,11,15,26
CAEE825013,3,21,24,0,6,6,6,11,17
RMMM87902P,5,16,21,0,3,3,1,16,17
PZMM885018,11,20,31,1,2,3,8,20,28
PGPS00401R,32,71,103,8,18,26,7,12,19
TPEE82002N,2,67,69,1,14,15,11,11,22
BOEE87203R,8,89,97,2,27,29,7,23,30
FREE83702V,3,55,58,1,12,13,6,20,26
NAMM80801L,15,23,38,4,6,10,2,16,18
CATD016512,58,124,182,13,33,46,0,0,0
CZEE87302V,2,41,43,0,5,5,14,13,27
MCEE82202V,3,53,56,2,19,21,3,22,25
VEEE82901D,2,43,45,0,10,10,5,18,23
CSTF01601C,20,33,53,3,3,6,12,6,18
BGMM84802X,6,26,32,1,6,7,4,16,20
BGEE8AE01L,2,75,77,0,18,18,10,24,34
SAMM8AU02B,7,24,31,2,3,5,11,10,21
MEEE899036,3,56,59,0,11,11,8,19,27
RMEE8C202E,1,68,69,0,19,19,6,23,29
RCMM85101P,5,23,28,0,8,8,14,11,25
NOEE819013,4,77,81,2,12,14,20,28,48
PAMM81603E,13,36,49,5,5,10,19,8,27
PAEE093065,3,54,57,2,9,11,12,8,20
TVRA00803L,109,86,195,11,25,36,37,57,94
NAEE34400B,4,76,80,2,28,30,14,15,29
AQTA01701Q,31,68,99,9,30,39,20,15,35
PVEE807056,31,68,99,9,30,39,20,15,35
LCEE823036,5,106,111,2,28,30,6,43,49
CNEE700014,5,106,111,2,28,30,6,43,49
BATD21050V,38,109,147,11,32,43,5,23,28
BSEE81202P,4,65,69,0,7,7,8,18,26
ATRI007016,93,108,201,20,42,62,25,25,50
BAEE87301G,4,62,66,2,19,21,4,23,27
BSEE86902E,6,62,68,1,9,10,19,18,37
UDMM81104P,10,28,38,3,7,10,2,24,26
KRMM80802N,3,18,21,0,3,3,14,4,18
NAEE8FG01D,2,56,58,1,19,20,12,15,27
BIEE80204A,0,46,46,0,6,6,6,22,28
SAEE8AB04V,3,63,66,1,14,15,11,24,35
RAMM81201V,8,31,39,4,6,10,6,25,31
TPEE02702D,7,84,91,4,31,35,11,13,24
CZMM814011,6,14,20,1,3,4,9,8,17
VVPS01000R,20,71,91,0,2,2,20,15,35
PZEE86404B,2,48,50,2,13,15,6,21,27
SIEE82401Q,2,48,50,1,16,17,3,17,20
LTMM817017,7,38,45,2,10,12,9,16,25
CEEE81204E,0,39,39,0,10,10,8,11,19
RMEE8CV011,2,99,101,1,24,25,10,21,31
SAEE8A401B,4,54,58,2,15,17,6,19,25
CETF00250Q,57,44,101,2,6,8,0,0,0
TEMM83801A,11,38,49,2,14,16,11,26,37
BGEE868015,3,62,65,1,10,11,4,25,29
FOEE03100Q,5,74,79,1,17,18,6,26,32
PZEE70103A,5,74,79,1,17,18,6,26,32
MNMM812017,9,30,39,2,8,10,2,34,36
TARC03903X,70,117,187,13,50,63,26,24,50
RCRH016503,33,60,93,2,12,14,0,0,0
MOEE04010L,10,120,130,6,37,43,11,30,41
PDEE83005Q,5,81,86,1,24,25,7,20,27
SSEE81202A,2,50,52,1,18,19,7,16,23
LCEE809041,3,51,54,0,13,13,1,23,24
PDEE861028,2,64,66,0,19,19,5,20,25
MTEE80902X,2,64,66,0,19,19,5,20,25
MEEE87605G,2,61,63,1,16,17,13,17,30
BAPC042019,52,69,121,2,8,10,18,18,36
NAMM8AS01B,7,19,26,2,6,8,11,8,19
RMEE8DA018,8,78,86,2,32,34,5,20,25
BOTD00801Q,39,79,118,5,11,16,5,23,28
CTMM106006,17,74,91,7,23,30,6,12,18
SRRA003026,45,62,107,6,19,25,26,21,47
NAEE8EH01P,3,49,52,1,15,16,14,14,28
MBPS00701N,33,64,97,2,4,6,4,21,25
VBMM806021,14,30,44,3,5,8,6,29,35
AVEE84805D,14,30,44,3,5,8,6,29,35
BLMM08400L,14,30,44,3,5,8,6,29,35
RGMM831019,15,58,73,3,9,12,8,16,24
MEMM83801G,6,24,30,1,6,7,12,13,25
PDEE870078,0,75,75,0,15,15,5,29,34
SVEE809028,2,27,29,1,6,7,2,18,20
TOEE82802A,5,52,57,2,7,9,8,29,37
COMM837028,10,23,33,3,9,12,3,17,20
LEEE82802D,3,40,43,1,10,11,12,13,25
ISRF00301P,21,67,88,2,15,17,10,24,34
PIEE840047,3,74,77,0,24,24,3,29,32
VAMM860012,8,42,50,6,14,20,4,28,32
SSPS040001,37,74,111,2,13,15,6,24,30
PSEE803011,3,13,16,0,3,3,6,8,14
VIEE86303A,2,71,73,0,15,15,11,25,36
AVEE84306B,3,34,37,1,1,2,9,12,21
CLEE025083,2,59,61,0,21,21,11,9,20
MIEE8FR02L,5,78,83,3,25,28,7,25,32
CTMM80301T,17,17,34,7,5,12,12,11,23
CBMM816052,14,23,37,1,6,7,0,0,0
REEE819015,2,30,32,0,4,4,2,18,20
PRPS010004,7,9,16,1,2,3,0,0,0
VIMM864013,8,34,42,0,10,10,4,20,24
BNEE82302T,1,33,34,0,7,7,6,16,22
CTEE8AS02P,1,32,33,0,7,7,5,16,21
RMMM8A8016,14,49,63,2,14,16,5,24,29
ANEE848029,2,72,74,1,13,14,10,26,36
NAEE16601G,2,58,60,1,12,13,9,9,18
CTMM80302V,17,17,34,7,5,12,12,11,23
RGRC01301T,92,122,214,8,27,35,25,29,54
TOMM8AC02G,14,46,60,2,11,13,10,32,42
NAEE21403T,2,62,64,0,16,16,9,12,21
CTEE88503D,1,60,61,0,15,15,8,19,27
LEEE87902A,0,33,33,0,8,8,7,17,24
CZEE85803T,1,72,73,1,14,15,8,23,31
VRMM88901Q,5,17,22,1,3,4,3,22,25
CTTA004501,71,78,149,6,31,37,0,0,0
UDEE85303R,1,64,65,1,8,9,2,32,34
CTEE82203A,3,48,51,2,19,21,9,14,23
FIMM81403T,4,28,32,2,6,8,7,17,24
CBEE82704C,1,36,37,0,10,10,6,15,21
PGMM82801Q,5,23,28,1,6,7,7,20,27
PGEE042069,4,84,88,0,23,23,1,29,30
IMEE81305D,1,67,68,0,12,12,12,23,35
CEMM07000A,29,65,94,11,17,28,9,9,18
BOMM86501E,15,36,51,2,7,9,3,20,23
BNPS00401X,22,37,59,1,5,6,15,8,23
BOEE838017,2,31,33,0,2,2,1,22,23
FIEE26011R,2,31,33,0,2,2,1,22,23
CAEE83003L,4,40,44,0,7,7,9,22,31
PZEE88301N,1,69,70,0,11,11,10,24,34
VREE8AB02R,5,80,85,2,17,19,4,26,30
PNEE821017,2,44,46,1,7,8,2,21,23
TAMM853012,20,39,59,7,9,16,7,14,21
PZMM87001E,7,20,27,0,4,4,3,20,23
GEEE839023,2,67,69,0,15,15,5,27,32
MIEE8AN01G,4,76,80,3,19,22,9,19,28
PZEE87601E,2,31,33,0,4,4,5,14,19
NAMM8BT01P,4,19,23,3,5,8,7,13,20
GEEE820055,2,35,37,1,6,7,3,17,20
NAEE34401C,4,76,80,2,28,30,14,15,29
MSTF017019,62,75,137,7,16,23,13,26,39
NAEE8F3016,2,68,70,0,16,16,12,7,19
BGEE85602X,1,51,52,0,16,16,3,18,21
RAEE81903R,6,89,95,3,20,23,6,32,38
LEPC04601B,6,89,95,3,20,23,6,32,38
CNMM162004,6,89,95,3,20,23,6,32,38
ATRI007027,93,108,201,20,42,62,25,25,50
RMEE8FV02T,5,99,104,1,31,32,7,20,27
LIMM00801E,5,99,104,1,31,32,7,20,27
TATL029011,5,99,104,1,31,32,7,20,27
MIEE8A6013,7,77,84,1,18,19,8,24,32
PVEE83101V,3,84,87,2,31,33,3,30,33
RMEE85702V,4,76,80,2,29,31,4,17,21
PCEE806036,1,47,48,1,12,13,7,20,27
VEEE847024,4,78,82,2,15,17,2,27,29
SRMM844018,14,36,50,4,11,15,13,22,35
AQEE84801D,1,57,58,0,18,18,5,30,35
TPMM81701Q,12,40,52,7,17,24,12,15,27
BSEE84304C,7,96,103,3,27,30,6,24,30
PATL033012,77,121,198,20,47,67,28,18,46
TAMM87101G,7,40,47,1,11,12,7,22,29
VEEE871043,6,70,76,1,14,15,8,20,28
RAMM81802V,11,36,47,5,9,14,5,36,41
ATMM81502B,11,32,43,4,11,15,10,31,41
SAEE80703A,2,19,21,0,5,5,1,13,14
CEEE8AY01A,4,52,56,3,13,16,12,13,25
FRPS02301C,16,55,71,1,9,10,4,18,22
PDTD01000N,25,91,116,0,3,3,18,19,37
SPEE80603B,2,32,34,0,4,4,2,20,22
RCEE87401C,1,61,62,0,24,24,14,11,25
GETD022011,21,44,65,3,8,11,7,9,16
PAEE013046,2,75,77,0,27,27,16,9,25
SAPC02201Q,43,69,112,2,15,17,16,20,36
FRRC008507,32,63,95,8,20,28,0,0,0
CHMM82301D,32,63,95,8,20,28,0,0,0
PVRI00201L,67,91,158,6,26,32,11,26,37
NAEE8AM033,1,50,51,0,7,7,16,13,29
RMPC150008,22,87,109,1,6,7,8,24,32
SAMM8BG01C,5,24,29,3,9,12,10,10,20
FRMM82502G,10,24,34,5,7,12,2,26,28
PVEE835049,6,85,91,1,18,19,4,38,42
SIEE82505Q,3,82,85,2,22,24,10,20,30
AVEE84101E,4,40,44,1,8,9,12,11,23
CLPS03000N,31,75,106,8,7,15,11,14,25
VREE845013,6,66,72,3,13,16,4,38,42
FEEE802028,6,66,72,3,13,16,4,38,42
RMEE8EA01V,3,44,47,0,8,8,10,18,28
TOEE8AB02R,5,89,94,1,21,22,18,19,37
CEEE8AQ04D,5,89,94,1,21,22,18,19,37
KRRA006014,28,48,76,4,8,12,20,8,28
UDMM82301T,13,20,33,1,3,4,5,23,28
TAMM803011,18,81,99,8,37,45,12,15,27
PZMM857047,10,31,41,1,6,7,6,18,24
FRRH03002A,32,42,74,4,9,13,22,29,51
TVEE82404D,5,70,75,0,12,12,4,25,29
VEEE85903B,2,61,63,0,14,14,6,20,26
SVEE820023,2,71,73,1,26,27,4,21,25
RIMM810033,8,9,17,1,1,2,4,20,24
VCTD013013,41,95,136,8,27,35,7,27,34
MIPS02301P,39,103,142,5,11,16,19,20,39
PVEE821029,3,64,67,1,18,19,7,27,34
BARH02401L,66,84,150,8,24,32,51,53,104
CHEE838029,1,64,65,0,19,19,12,17,29
PDMM83101A,5,24,29,1,4,5,5,18,23
BRMM81501L,12,28,40,3,7,10,9,13,22
AVMM81703P,12,25,37,3,2,5,11,11,22
FIEE876047,5,102,107,2,21,23,7,48,55
MEMM851012,6,44,50,3,19,22,7,21,28
MNEE818017,2,53,55,2,13,15,4,22,26
CZMM00300E,7,24,31,5,6,11,0,0,0
AQEE70001G,7,24,31,5,6,11,0,0,0
AGEE826027,4,48,52,0,6,6,16,16,32
PSTD004015,28,39,67,2,15,17,11,16,27
CSTD07201E,31,52,83,0,11,11,21,10,31
NAEE8CR019,1,51,52,0,13,13,13,15,28
ARRA01802B,20,40,60,2,10,12,22,58,80
TOEE823016,0,21,21,0,4,4,4,13,17
UDEE84205C,1,73,74,1,18,19,6,24,30
VAMM851017,5,28,33,1,9,10,2,18,20
COEE83603E,7,79,86,3,21,24,8,26,34
FGEE807033,3,41,44,0,6,6,11,8,19
CTMM87501Q,10,49,59,4,23,27,7,19,26
COEE82704R,6,65,71,1,15,16,5,20,25
PAEE04008P,6,65,71,1,15,16,5,20,25
BAEE89501C,0,42,42,0,11,11,7,16,23
BNMM85203T,6,23,29,1,5,6,8,16,24
BNPC003011,6,23,29,1,5,6,8,16,24
AQMM82401X,6,21,27,4,7,11,8,14,22
PAMM8AY014,8,37,45,4,13,17,9,16,25
BNEE81201A,3,25,28,1,4,5,10,12,22
RMMM8DG016,4,23,27,0,9,9,6,19,25
GEEE81303X,7,57,64,5,21,26,4,29,33
MOMM84901E,5,17,22,0,6,6,6,15,21
CATD02801V,45,72,117,5,20,25,14,18,32
ROSD003013,50,62,112,13,20,33,15,34,49
VBEE00302G,3,72,75,1,23,24,2,23,25
CNEE81702B,3,60,63,0,19,19,3,35,38
AGMM856022,16,26,42,1,4,5,16,9,25
REEE81204D,2,77,79,2,22,24,7,18,25
ROMM81502A,8,29,37,3,6,9,5,21,26
SVMM80102L,6,11,17,1,1,2,5,17,22
FREE84306A,3,52,55,0,11,11,6,27,33
NUEE86801D,1,35,36,0,7,7,7,14,21
BGEE86403X,0,32,32,0,3,3,0,20,20
VTEE819037,1,30,31,0,10,10,3,20,23
CBRA030006,14,18,32,3,9,12,16,24,40
MIMM8DF02V,14,18,32,3,9,12,16,24,40
MEEE835048,3,51,54,0,8,8,10,17,27
FIMM700011,3,51,54,0,8,8,10,17,27
VREE89701Q,6,54,60,2,11,13,7,21,28
CBMM80905V,10,30,40,4,6,10,0,0,0
UDEE857012,8,73,81,4,26,30,6,23,29
AGEE813025,2,34,36,1,6,7,10,10,20
POMM81901V,6,16,22,1,3,4,2,37,39
MEEE8AD10E,1,74,75,0,24,24,15,21,36
ANEE844011,5,69,74,2,14,16,6,31,37
PAEE820026,5,36,41,0,5,5,11,10,21
PZEE874053,1,62,63,1,11,12,3,27,30
CSEE849015,2,39,41,0,9,9,14,14,28
NARH119017,54,70,124,7,18,25,14,15,29
CLEE815014,2,62,64,0,13,13,14,15,29
CTMM814018,5,36,41,3,11,14,5,23,28
FREE84703E,4,89,93,0,33,33,7,24,31
SAPS08000T,16,63,79,4,6,10,10,13,23
PEEE83502A,1,57,58,0,13,13,6,24,30
LCPS020004,27,63,90,0,1,1,5,23,28
PGMM848033,17,53,70,2,15,17,8,19,27
VRTD10000N,24,60,84,1,2,3,10,16,26
CSMM86302B,6,14,20,1,3,4,9,6,15
VIEE849012,1,47,48,0,6,6,6,18,24
COEE853027,9,94,103,7,23,30,10,30,40
VTEE80901E,0,30,30,0,8,8,4,14,18
LERH02101X,80,87,167,18,24,42,26,15,41
SIMM80902N,7,23,30,3,3,6,6,18,24
RMEE8GZ02Q,4,46,50,2,12,14,4,22,26
PSEE823027,3,65,68,1,24,25,7,31,38
TPEE843019,3,15,18,0,3,3,8,10,18
TOEE84702Q,5,48,53,2,17,19,2,19,21
VREE816024,4,58,62,3,13,16,7,15,22
AVPC01403N,30,83,113,4,11,15,17,12,29
SSEE05200Q,6,87,93,3,26,29,5,22,27
LUEE849017,4,53,57,0,12,12,1,33,34
GEPS001014,20,104,124,2,14,16,6,20,26
SSEE85201Q,4,88,92,0,24,24,8,23,31
VASL04050G,24,64,88,2,9,11,8,14,22
LUEE83302P,2,53,55,1,13,14,4,25,29
RMPS33000X,30,78,108,4,8,12,7,24,31
AVPS00201C,25,14,39,0,1,1,4,11,15
MIEE8AV039,6,70,76,5,12,17,8,27,35
RMPS46000L,31,92,123,1,17,18,9,25,34
CEEE8A203D,2,39,41,1,8,9,10,11,21
BSEE854061,3,71,74,0,12,12,6,33,39
TOEE87801A,4,53,57,2,16,18,7,24,31
BGEE85803L,2,49,51,0,7,7,4,19,23
ATEE809036,3,46,49,1,13,14,9,17,26
VIEE872035,8,47,55,3,10,13,8,14,22
TVEE868025,7,116,123,1,27,28,10,42,52
GEEE82705X,5,79,84,2,20,22,8,31,39
CNEE83102N,5,69,74,2,12,14,6,30,36
RGMM83501L,4,12,16,1,4,5,3,16,19
NAEE32302C,6,94,100,3,31,34,13,18,31
PDEE839045,4,66,70,2,10,12,3,23,26
BAEE83102E,2,72,74,1,19,20,6,25,31
FRRC00801V,32,63,95,8,20,28,13,20,33
PZMM84101E,8,29,37,1,8,9,9,16,25
RGRC012012,54,60,114,6,23,29,13,18,31
RCEE100051,7,62,69,2,14,16,11,13,24
CBMM83202R,4,13,17,1,2,3,3,15,18
CEMM8AY019,8,25,33,3,1,4,12,13,25
RMRI03401V,63,75,138,9,11,20,12,24,36
UDMM819016,17,54,71,4,13,17,7,28,35
PVMM835037,16,47,63,3,11,14,4,38,42
NAEE8AK02P,2,43,45,0,11,11,8,14,22
CZMM83903B,9,32,41,1,5,6,11,18,29
BGEE884035,5,59,64,1,14,15,2,22,24
CBEE849038,2,43,45,1,12,13,4,19,23
IMEE80801T,5,44,49,2,6,8,3,23,26
APMM82301D,14,38,52,3,9,12,4,27,31
AGMM83201C,8,14,22,0,4,4,13,6,19
SAMM8BY018,7,23,30,1,4,5,9,11,20
TATF006014,27,81,108,2,5,7,15,17,32
AVEE70001B,27,81,108,2,5,7,15,17,32
REMM82801V,13,40,53,9,12,21,5,19,24
SVEE820034,2,71,73,1,26,27,4,21,25
PVMM80201T,11,38,49,5,12,17,2,31,33
LEEE70702G,11,38,49,5,12,17,2,31,33
RMMM8BQ019,3,19,22,0,2,2,5,11,16
SITD00702B,45,62,107,2,13,15,10,23,33
NAMM8A701B,4,24,28,1,6,7,8,9,17
VAMM85601A,13,36,49,2,8,10,8,18,26
FIRF004011,49,128,177,9,40,49,15,22,37
CZEE82504G,4,52,56,0,10,10,16,15,31
LTPC02601C,29,113,142,5,11,16,16,19,35
FEEE811023,3,78,81,2,17,19,8,25,33
NARI14101X,43,124,167,5,39,44,21,18,39
NAMM8E401A,12,39,51,7,13,20,9,12,21
BGMM891015,16,35,51,2,12,14,2,24,26
PCRC001012,35,85,120,4,10,14,7,22,29
CNMM847026,5,30,35,4,11,15,6,25,31
RGMM81301Q,9,39,48,1,16,17,12,22,34
SVTL01151B,24,56,80,2,3,5,0,0,0
TEMM819022,8,16,24,3,2,5,10,16,26
PDEE89903Q,3,59,62,0,21,21,2,26,28
PIEE81406R,3,59,62,0,21,21,2,26,28
BSEE811041,3,49,52,1,9,10,6,23,29
SAPS03601R,42,75,117,5,15,20,11,19,30
TOPM120004,21,102,123,1,19,20,4,24,28
TVEE81501G,2,91,93,0,19,19,8,29,37
AVMM807012,13,30,43,0,5,5,6,24,30
CATF01601V,58,124,182,13,33,46,12,25,37
PVRI01401V,10,7,17,2,2,4,2,0,2
MEEE85902P,10,7,17,2,2,4,2,0,2
NOEE820028,1,62,63,1,15,16,15,23,38
MSEE823023,2,44,46,1,16,17,3,25,28
VIEE82901R,1,65,66,0,7,7,5,22,27
NUEE87402T,1,45,46,0,9,9,4,22,26
NAMM8FN01R,7,35,42,0,9,9,6,17,23
CETL02401C,39,57,96,8,20,28,22,9,31
TEEE84501E,2,55,57,1,14,15,4,27,31
CTMM8A0022,8,28,36,2,5,7,8,17,25
NOEE819057,4,77,81,2,12,14,20,28,48
SVEE80104Q,3,27,30,0,5,5,5,17,22
PNEE829041,6,119,125,2,37,39,6,24,30
PAEE89901T,5,64,69,3,24,27,15,12,27
VTMM814022,12,28,40,4,8,12,6,25,31
MIMM88801X,2,25,27,1,8,9,3,16,19
VVMM82801D,6,10,16,1,1,2,15,7,22
PDEE87407G,4,96,100,1,20,21,6,45,51
MEMM88101T,8,25,33,2,7,9,17,10,27
AGMM813013,15,17,32,1,4,5,10,10,20
PDEE868045,6,48,54,3,7,10,8,12,20
FIMM85701N,10,38,48,2,8,10,6,22,28
AGEE035012,10,38,48,2,8,10,6,22,28
GRMM81703T,12,29,41,3,8,11,9,22,31
NAPC350014,15,100,115,1,10,11,12,14,26
NARH250003,41,70,111,12,37,49,15,11,26
AGPS002027,41,70,111,12,37,49,15,11,26
SRMM81701X,6,24,30,1,6,7,7,15,22
MOEE839033,4,59,63,1,14,15,6,24,30
TEEE826037,0,66,66,0,30,30,8,27,35
RMPM123015,33,81,114,3,19,22,8,21,29
MBMM8AC01B,9,27,36,2,10,12,5,13,18
BREE82401C,0,43,43,0,11,11,14,6,20
AVEE837031,8,44,52,2,8,10,17,12,29
FREE83902E,2,90,92,1,29,30,8,20,28
MBMM831011,10,36,46,2,11,13,9,21,30
TOEE807029,3,42,45,2,5,7,10,17,27
GREE81704X,3,40,43,0,5,5,9,22,31
SIEE81802D,7,34,41,4,7,11,0,20,20
SAPM020007,62,127,189,2,21,23,16,18,34
POPS02000G,29,83,112,4,9,13,8,22,30
CSPS18000D,16,104,120,0,13,13,8,22,30
RCEE841059,2,30,32,2,4,6,12,11,23
AGRC02302R,77,78,155,18,23,41,34,10,44
PAEE83003T,5,33,38,0,3,3,11,13,24
SIMM82401P,8,25,33,2,6,8,3,17,20
AREE83301A,1,33,34,0,9,9,3,17,20
FRMM85301P,3,21,24,1,6,7,1,22,23
NORI00601P,75,111,186,13,27,40,11,29,40
MCRH01000R,36,84,120,8,29,37,17,48,65
CAEE885105,3,42,45,0,9,9,7,22,29
FIEE82402C,6,50,56,1,9,10,5,19,24
RMEE8AH017,2,91,93,0,31,31,5,26,31
BAMM86601B,11,31,42,4,13,17,12,13,25
BOTF02602L,72,100,172,10,19,29,17,22,39
PZMM83101X,9,17,26,0,2,2,6,16,22
CSMM856028,8,10,18,1,2,3,9,9,18
VIEE857022,2,89,91,0,24,24,7,22,29
RARC070509,41,79,120,6,32,38,9,27,36
PGPS02601N,33,80,113,5,9,14,6,26,32
RMEE80101T,0,38,38,0,5,5,2,16,18
SRMM86401D,5,15,20,0,3,3,6,14,20
RMEE8GF017,5,81,86,2,25,27,11,22,33
ATEE804011,2,35,37,0,9,9,3,17,20
POEE81001D,3,53,56,1,8,9,6,22,28
MIRC058016,99,153,252,24,42,66,29,29,58
CTMM8AY01G,5,37,42,1,8,9,11,21,32
RMEE8DA03A,8,78,86,2,32,34,5,20,25
CAMM825012,6,17,23,2,5,7,6,11,17
GREE831035,6,17,23,2,5,7,6,11,17
VBEE806022,4,52,56,1,14,15,6,29,35
CNMM82202T,5,35,40,1,7,8,6,28,34
VREE8AA043,1,59,60,0,13,13,10,14,24
TOMM87701D,12,32,44,3,8,11,10,24,34
RMTD07000G,30,82,112,1,13,14,7,19,26
BOEE87202Q,8,89,97,2,27,29,7,23,30
MIEE8B5041,2,71,73,0,17,17,6,32,38
AREE81103G,2,45,47,0,12,12,7,18,25
TVEE869032,1,77,78,0,20,20,9,23,32
PGEE86702C,2,55,57,2,24,26,4,25,29
RCEE85101Q,0,40,40,0,9,9,14,11,25
BSMM86102V,27,53,80,2,13,15,1,31,32
KRMM819013,2,9,11,0,0,0,6,6,12
PRPS030009,31,135,166,2,2,4,11,42,53
AQEE84602V,2,66,68,1,20,21,2,27,29
RAEE80501R,7,67,74,0,17,17,1,25,26
PZEE88509N,0,54,54,0,7,7,8,20,28
PGEE01707N,3,80,83,0,19,19,5,25,30
BSEE8AH02N,5,68,73,0,11,11,4,30,34
AQEE84305E,2,72,74,1,31,32,5,24,29
VCEE80110V,0,35,35,0,7,7,1,23,24
ALEE81301P,1,63,64,0,14,14,9,20,29
LEEE88001D,2,45,47,1,9,10,9,16,25
RMEE8CK04L,7,90,97,3,24,27,6,22,28
NAMM8FG01C,4,40,44,1,12,13,12,15,27
BGEE8AF03E,4,40,44,1,12,13,12,15,27
RAEE81201X,5,49,54,1,11,12,6,25,31
BGMM8AB014,8,23,31,3,4,7,6,21,27
CBEE82706E,1,36,37,0,10,10,6,15,21
POEE80803G,10,72,82,2,18,20,5,35,40
BAEE88102G,2,49,51,1,10,11,9,11,20
CNEE849063,2,44,46,0,9,9,7,20,27
VVPM030003,7,14,21,1,3,4,1,0,1
BGEE80802E,2,41,43,0,12,12,5,11,16
FOMM09400T,24,76,100,6,12,18,7,17,24
CNMM81103C,3,24,27,0,6,6,1,25,26
CEEE81201B,0,39,39,0,10,10,8,11,19
IMEE813019,1,67,68,0,12,12,12,23,35
RMMM8CV01X,9,36,45,2,13,15,10,21,31
AQRA017032,31,68,99,9,30,39,20,15,35
TPEE81201N,4,69,73,2,28,30,8,16,24
AVRH016014,64,76,140,11,28,39,25,20,45
ENEE82104V,4,65,69,1,14,15,19,18,37
TEEE83801B,2,60,62,0,16,16,11,26,37
LCEE82401X,5,79,84,0,22,22,7,27,34
TARC03902V,70,117,187,13,50,63,26,24,50
VAMM84001R,4,40,44,2,9,11,2,21,23
UDEE81101L,2,44,46,1,4,5,2,24,26
CSEE877019,3,40,43,0,11,11,7,13,20
CEEE89702C,4,61,65,1,18,19,16,12,28
BSEE894027,2,52,54,1,6,7,5,19,24
SAMM8AB01P,12,32,44,1,9,10,11,24,35
BSEE88305X,7,92,99,2,25,27,14,22,36
FGMM855019,9,7,16,3,2,5,3,17,20
COMM80701B,7,37,44,2,12,14,5,29,34
MNEE80103X,4,48,52,1,11,12,4,19,23
MTMM814019,4,13,17,0,0,0,3,12,15
PDEE861017,2,64,66,0,19,19,5,20,25
PSEE803022,2,64,66,0,19,19,5,20,25
CEMM8BA015,11,28,39,3,4,7,4,8,12
BLEE82005V,6,38,44,0,7,7,10,20,30
NAEE8AS01C,0,32,32,0,9,9,11,8,19
NATD070502,0,32,32,0,9,9,11,8,19
UDTL01050X,62,71,133,3,11,14,6,21,27
VIMM83901A,8,24,32,1,6,7,7,11,18
PAEE8A001E,2,65,67,1,27,28,11,13,24
MIMM8EF01C,11,36,47,5,3,8,7,21,28
PAMM854017,11,33,44,4,10,14,15,13,28
CTMM119008,21,51,72,3,16,19,8,7,15
VAMM82103D,10,41,51,1,7,8,9,28,37
CESD00101X,10,41,51,1,7,8,9,28,37
PDMM868011,4,18,22,2,2,4,8,12,20
CTMM857016,6,24,30,2,3,5,7,16,23
FIMM87101X,13,35,48,5,9,14,8,30,38
BLPM01000L,42,88,130,5,15,20,6,20,26
SATD069519,31,70,101,4,25,29,0,0,0
PREE82801T,6,79,85,4,24,28,7,21,28
LIMM063013,6,79,85,4,24,28,7,21,28
TPMM10200V,6,79,85,4,24,28,7,21,28
PDEE870012,0,75,75,0,15,15,5,29,34
RNEE80301B,5,72,77,3,18,21,9,26,35
BAEE017018,5,72,77,3,18,21,9,26,35
ISEE83501B,0,10,10,0,1,1,0,0,0
VAEE860013,2,50,52,1,16,17,4,28,32
SSPS05000G,36,69,105,4,15,19,8,20,28
SAEE8BA01E,0,66,66,0,11,11,12,19,31
GETL00751P,22,65,87,3,10,13,0,0,0
CAEE8AB011,5,52,57,1,12,13,1,26,27
SSRI00350L,74,79,153,18,35,53,0,0,0
MEEE886089,1,72,73,1,17,18,16,28,44
VAEE81302E,2,39,41,1,8,9,4,18,22
NAEE8EK01Q,0,14,14,0,7,7,10,9,19
BOEE805043,6,86,92,2,17,19,8,29,37
GEPS02000C,18,45,63,1,5,6,2,20,22
PSTH003013,54,116,170,8,31,39,12,34,46
ANMM848017,8,35,43,1,10,11,10,26,36
FOEE01810R,6,80,86,0,16,16,4,28,32
REEE819048,2,30,32,0,4,4,2,18,20
BNMM82301Q,5,23,28,0,6,6,6,16,22
BSMM8AN014,10,29,39,0,6,6,4,22,26
SVEE80802C,5,52,57,1,10,11,6,16,22
FGPS004012,18,27,45,2,1,3,6,10,16
RMEE8A8039,2,63,65,2,17,19,5,24,29
SIMM82502G,2,63,65,2,17,19,5,24,29
NAEE162018,4,72,76,2,15,17,10,13,23
PRMM82301N,15,44,59,5,11,16,7,39,46
PSEE840021,2,87,89,1,19,20,4,31,35
CNEE82402E,5,29,34,1,4,5,4,11,15
VREE845035,6,66,72,3,13,16,4,38,42
PZEE831055,4,31,35,0,5,5,6,16,22
BAMM85101N,9,31,40,4,5,9,8,8,16
BSPS01101A,80,100,180,7,7,14,19,19,38
CZEE85804V,1,72,73,1,14,15,8,23,31
UDEE85301P,1,64,65,1,8,9,2,32,34
PSEE80403V,2,29,31,0,6,6,6,15,21
RGEE009016,3,42,45,0,7,7,5,15,20
RMEE8AQ02R,2,71,73,1,24,25,6,22,28
LEPC01101C,2,71,73,1,24,25,6,22,28
PAEE8AY015,3,70,73,1,24,25,9,16,25
PSEE82703G,3,70,73,1,24,25,9,16,25
GEEE85101L,9,100,109,4,33,37,10,29,39
BAEE80302A,3,76,79,1,27,28,6,12,18
CEMM01700D,11,54,65,1,8,9,9,7,16
RMEE8GG013,5,72,77,2,23,25,12,22,34
LUEE82506X,1,35,36,0,11,11,2,17,19
CSMM88702X,12,34,46,1,7,8,18,13,31
PGEE82901L,1,23,24,0,5,5,2,15,17
PGRC004019,32,71,103,8,18,26,7,12,19
MNPS007019,56,82,138,7,17,24,14,29,43
FIEE80801D,2,18,20,1,1,2,3,9,12
CAEE83001E,4,40,44,0,7,7,9,22,31
CBTD02101P,47,52,99,5,22,27,10,18,28
BNEE85202T,1,47,48,0,7,7,8,16,24
MOEE820032,6,65,71,1,15,16,6,23,29
VAMM87401X,12,46,58,2,6,8,10,23,33
CLMM815013,14,33,47,4,8,12,14,15,29
CTEE84103Q,2,48,50,1,19,20,11,13,24
ISEE81512P,2,65,67,1,11,12,11,24,35
FEEE81801R,5,57,62,2,13,15,3,33,36
PNMM821016,7,27,34,2,8,10,2,21,23
LOMM813016,10,27,37,3,5,8,8,24,32
MOTF03050D,57,77,134,5,9,14,14,22,36
FGTF170508,72,55,127,4,8,12,27,13,40
FIMM81401Q,4,28,32,2,6,8,7,17,24
GRTH00901X,39,95,134,4,22,26,9,24,33
BOEE82801L,3,69,72,2,11,13,10,25,35
SIMM80901L,7,23,30,3,3,6,6,18,24
VEEE839025,2,52,54,1,11,12,6,23,29
BRPC04000P,43,100,143,5,18,23,14,11,25
TOMM89201G,6,38,44,0,9,9,9,24,33
BGTD00801T,30,72,102,6,10,16,8,25,33
CEMM8AA01E,9,37,46,4,8,12,18,13,31
UDMM83703T,12,25,37,4,5,9,1,26,27
RCEE84603A,4,46,50,0,7,7,18,11,29
ATTF007013,93,108,201,20,42,62,25,25,50
BGMM896018,13,22,35,1,5,6,10,13,23
CNMM84301T,6,40,46,2,7,9,7,28,35
PZEE88304R,1,69,70,0,11,11,10,24,34
RMEE85703X,4,76,80,2,29,31,4,17,21
AQMM837012,15,27,42,3,7,10,6,21,27
VEEE84901P,0,62,62,0,13,13,6,15,21
TAMM852016,10,38,48,1,9,10,7,13,20
AQEE84802E,1,57,58,0,18,18,5,30,35
LCRC020502,31,72,103,14,23,37,9,18,27
ATEE81503D,4,49,53,0,12,12,10,31,41
GEMM820021,5,16,21,1,2,3,3,17,20
FRPC023019,16,55,71,1,9,10,4,18,22
PDTD010503,25,91,116,0,3,3,18,19,37
SPEE807015,2,49,51,1,9,10,1,22,23
TEEE83602R,1,76,77,0,22,22,5,30,35
COMM853026,14,47,61,4,15,19,10,30,40
RMPC15002A,22,87,109,1,6,7,8,24,32
RMEE8CV022,2,99,101,1,24,25,10,21,31
SAEE8A402C,4,54,58,2,15,17,6,19,25
RMEE8B902P,1,84,85,0,32,32,7,26,33
RAMM81901N,12,38,50,5,7,12,6,32,38
CLRI01000N,47,64,111,8,25,33,25,8,33
PVEE81204L,3,53,56,1,12,13,2,25,27
IMEE81704Q,1,55,56,0,11,11,6,23,29
TORA06301P,76,94,170,22,36,58,27,27,54
RMEE8FV01R,5,99,104,1,31,32,7,20,27
RMMM8EA01T,9,45,54,1,2,3,10,18,28
VAEE840041,2,69,71,0,19,19,2,21,23
AVPC01401G,30,83,113,4,11,15,17,12,29
TOEE8AA021,4,74,78,1,14,15,7,34,41
CEEE8AQ02B,1,61,62,0,21,21,15,12,27
PZMM857025,10,31,41,1,6,7,6,18,24
VEEE80903A,4,85,89,2,10,12,6,30,36
LEEE817067,4,85,89,2,10,12,6,30,36
PAMM839026,16,24,40,5,6,11,13,15,28
RMPS330022,30,78,108,4,8,12,7,24,31
SAMM8A0035,5,28,33,1,5,6,12,12,24
NAEE8B801V,1,70,71,1,26,27,11,17,28
TPEE81704X,3,58,61,1,18,19,12,15,27
PVEE82103A,3,64,67,1,18,19,7,27,34
CHEE83804B,1,64,65,0,19,19,12,17,29
PDMM83104D,5,24,29,1,4,5,5,18,23
TAEE87101L,0,47,47,0,13,13,7,22,29
MNEE818028,2,53,55,2,13,15,4,22,26
VEMM87101V,13,38,51,3,9,12,8,20,28
TAMM81201Q,6,21,27,2,4,6,10,11,21
SAEE80603E,4,29,33,2,7,9,7,8,15
FREE86102Q,2,54,56,1,20,21,6,24,30
ARRH01802G,20,40,60,2,10,12,22,58,80
SVMM81502E,7,26,33,1,8,9,6,29,35
MOMM80702D,2,8,10,0,0,0,5,11,16
SSEE822032,2,28,30,0,8,8,1,19,20
VCEE812031,2,28,30,0,8,8,1,19,20
BAEE825016,3,65,68,1,17,18,9,21,30
COEE83601C,7,79,86,3,21,24,8,26,34
BGEE83503X,4,73,77,1,18,19,4,33,37
BLMM816012,19,25,44,6,3,9,6,19,25
FEEE803035,7,48,55,3,16,19,3,20,23
NUEE86201E,2,42,44,1,6,7,8,18,26
SAMM890021,5,22,27,0,4,4,9,11,20
KRRH006029,5,22,27,0,4,4,9,11,20
PTEE82602T,7,90,97,2,26,28,8,27,35
PDMM870033,12,41,53,4,9,13,5,29,34
CSEE886025,2,24,26,2,7,9,6,14,20
AQEE824055,3,29,32,1,9,10,8,14,22
COEE838047,2,70,72,2,11,13,7,24,31
LIMM10100G,2,70,72,2,11,13,7,24,31
RMEE8DU02R,2,67,69,1,21,22,4,22,26
PCEE81501V,2,63,65,0,15,15,8,20,28
RMEE8DH046,2,63,65,0,15,15,8,20,28
CNEE85703V,3,60,63,1,16,17,5,26,31
ALTF01701L,61,121,182,8,31,39,12,30,42
BATA02452P,66,84,150,8,24,32,0,0,0
VAEE81301D,2,39,41,1,8,9,4,18,22
VBEE00303L,3,72,75,1,23,24,2,23,25
CNMM81703B,16,33,49,4,8,12,3,35,38
RORI00301T,50,62,112,13,20,33,15,34,49
REEE81202B,2,77,79,2,22,24,7,18,25
SSMM83001T,5,14,19,1,4,5,2,15,17
CZSD021014,5,14,19,1,4,5,2,15,17
MIEE8FR03N,5,78,83,3,25,28,7,25,32
GEPS030003,25,59,84,0,4,4,5,22,27
FEEE80204A,25,59,84,0,4,4,5,22,27
LEEE891021,3,64,67,0,16,16,9,19,28
IMMM800027,6,21,27,1,2,3,5,21,26
AGMM86401X,11,21,32,5,2,7,11,11,22
VAEE851018,3,51,54,2,17,19,2,18,20
ANEE849036,1,52,53,0,12,12,6,19,25
FGEE80801R,2,26,28,0,6,6,11,4,15
BOEE812024,5,57,62,1,10,11,6,19,25
REEE82604B,1,39,40,1,4,5,1,22,23
ANMM84401X,2,42,44,0,13,13,6,31,37
SOMM03300P,2,42,44,0,13,13,6,31,37
TOEE8AC04P,10,94,104,4,23,27,10,32,42
CSMM849058,13,34,47,3,5,8,14,14,28
APEE82302G,1,73,74,0,14,14,4,27,31
AREE00900D,0,12,12,0,2,2,0,0,0
VRMM89001X,10,33,43,4,6,10,7,23,30
REMM82802X,13,40,53,9,12,21,5,19,24
BSTF013014,60,90,150,5,5,10,11,26,37
CATD028518,45,72,117,5,20,25,0,0,0
AGEE85703X,4,48,52,2,9,11,9,18,27
CZMM856013,7,19,26,1,8,9,9,21,30
FGEE01201D,0,55,55,0,19,19,9,6,15
FITF01201Q,110,106,216,5,24,29,22,30,52
UDEE85404N,5,70,75,0,6,6,6,36,42
MOEE83002G,0,65,65,0,16,16,3,31,34
APMM80904A,2,12,14,0,2,2,2,23,25
FRMM843014,5,19,24,0,4,4,6,27,33
VIEE88301D,1,105,106,1,24,25,3,37,40
VTEE819015,1,30,31,0,10,10,3,20,23
LEEE8AP056,3,34,37,0,4,4,11,11,22
PARH002506,42,56,98,2,14,16,0,0,0
PSEE832011,1,63,64,1,25,26,5,35,40
VREE89702R,6,54,60,2,11,13,7,21,28
UDEE85802V,6,71,77,3,22,25,5,26,31
TPMM844014,7,34,41,3,7,10,12,15,27
PDEE897023,0,47,47,0,7,7,4,18,22
PZEE874031,1,62,63,1,11,12,3,27,30
LUMM83401C,4,21,25,1,3,4,4,19,23
LEEE8AN01A,1,44,45,0,17,17,10,11,21
SAMM85001D,9,8,17,1,0,1,4,8,12
SSEE85204V,4,88,92,0,24,24,8,23,31
BGEE818058,4,86,90,1,24,25,8,27,35
BAEE16301V,3,52,55,1,9,10,10,10,20
MIMM81701T,14,43,57,4,6,10,11,22,33
IMEE81802D,0,57,57,0,15,15,3,22,25
REMM83802E,10,29,39,1,9,10,5,25,30
AREE82901P,1,48,49,0,10,10,2,23,25
CERI02401B,39,57,96,8,20,28,22,9,31
VVMM83505R,15,30,45,3,6,9,19,15,34
PGEE02608D,0,87,87,0,14,14,6,22,28
RMTD10651G,62,143,205,8,22,30,0,0,0
ATEE81303T,3,44,47,0,10,10,2,27,29
TPEE84202E,1,68,69,1,34,35,9,13,22
BOEE83001L,2,54,56,1,10,11,3,20,23
PZEE874086,1,62,63,1,11,12,3,27,30
FREE80801T,2,61,63,2,21,23,4,27,31
CTMM85302X,9,37,46,2,10,12,10,18,28
REEE84601D,8,77,85,3,27,30,4,27,31
SIMM80903P,7,23,30,3,3,6,6,18,24
RIEE82705G,5,97,102,2,33,35,6,28,34
BGMM85802E,5,31,36,1,5,6,4,19,23
VVSD00701C,31,74,105,4,14,18,14,18,32
SAEE8BM089,1,41,42,0,13,13,10,11,21
ATMM809024,14,30,44,3,3,6,9,17,26
VEEE85702P,3,64,67,1,8,9,1,34,35
TAEE844018,2,45,47,2,11,13,9,13,22
TREE00101D,2,105,107,0,34,34,5,20,25
TVEE868036,7,116,123,1,27,28,10,42,52
TOEE8BL027,4,75,79,2,18,20,7,28,35
PVMM83101T,15,36,51,7,14,21,3,30,33
RAEE82902A,5,49,54,1,6,7,7,23,30
PAMM82301G,8,20,28,3,3,6,10,7,17
VITD010003,23,58,81,2,3,5,8,17,25
CNEE83104Q,5,69,74,2,12,14,6,30,36
CSEE8AE023,1,53,54,0,18,18,13,13,26
CNMM83603R,4,17,21,0,2,2,7,15,22
ALEE824059,3,73,76,2,22,24,7,26,33
LURI016513,146,146,292,13,30,43,0,0,0
RGRI01201P,54,60,114,6,23,29,13,18,31
PAMM88601P,14,26,40,4,4,8,12,15,27
RMRI034518,63,75,138,9,11,20,0,0,0
PVEE835038,6,85,91,1,18,19,4,38,42
BSMM85405V,13,35,48,2,4,6,6,33,39
NAEE178041,1,69,70,0,14,14,7,19,26
COTF00901P,70,97,167,16,29,45,21,32,53
CEEE8AQ01A,1,61,62,0,21,21,15,12,27
TAEE802016,3,69,72,2,35,37,7,16,23
FRTA03000X,12,18,30,2,7,9,6,7,13
SAEE8BY019,1,34,35,0,7,7,9,11,20
RMEE8FW02N,2,61,63,0,20,20,9,18,27
BSEE80301V,1,65,66,0,12,12,7,24,31
SIRI00701Q,45,62,107,2,13,15,10,23,33
TORC00151Q,36,66,102,4,8,12,0,0,0
PVEE81702N,3,89,92,2,31,33,7,23,30
BITA007018,97,131,228,30,53,83,17,39,56
CLEE02400V,3,65,68,2,13,15,12,12,24
FEEE811034,3,78,81,2,17,19,8,25,33
PZEE84103N,5,52,57,2,13,15,9,16,25
LTEE80301A,0,39,39,0,16,16,9,11,20
FIEE26002A,0,39,39,0,16,16,9,11,20
TETF040001,18,28,46,5,14,19,4,5,9
CBMM83201Q,4,13,17,1,2,3,3,15,18
BGEE892045,2,44,46,0,10,10,1,27,28
PCTD001019,35,85,120,4,10,14,7,22,29
AQMM82501Q,2,22,24,0,4,4,2,18,20
SVTD01101G,24,56,80,2,3,5,8,21,29
TEEE819056,1,59,60,0,28,28,10,16,26
BSEE81103X,3,49,52,1,9,10,6,23,29
SATF03601V,42,75,117,5,15,20,11,19,30
PEEE837011,4,82,86,2,21,23,7,22,29
RCMM81504P,12,26,38,3,7,10,13,19,32
PNEE808051,5,66,71,1,6,7,3,25,28
BAMM82301D,11,24,35,6,5,11,3,17,20
NAEE81002P,2,44,46,1,12,13,5,15,20
BSMM8AE025,8,29,37,1,7,8,6,29,35
PAMM86101A,11,45,56,5,20,25,13,11,24
PAPS010002,32,82,114,3,1,4,23,17,40
RCEE81901X,4,54,58,0,10,10,12,11,23
VIMM84401T,6,18,24,1,3,4,4,14,18
TSMM818018,4,22,26,0,2,2,7,25,32
SSEE83805N,5,83,88,0,26,26,9,29,38
AGEE83203G,0,34,34,0,6,6,13,6,19
NAEE8FN02V,1,50,51,0,13,13,6,17,23
GEEE81302V,7,57,64,5,21,26,4,29,33
MEEE899058,3,56,59,0,11,11,8,19,27
AVEE86202L,3,45,48,1,16,17,5,22,27
BGEE842011,5,59,64,3,12,15,2,21,23
KREE81703E,1,37,38,0,3,3,12,14,26
SAEE88004D,0,21,21,0,5,5,4,13,17
CNEE813046,3,44,47,1,13,14,6,21,27
NARH02101A,50,100,150,4,20,24,15,24,39
BATF260506,44,69,113,5,13,18,10,21,31
NAPC33001V,23,63,86,1,2,3,10,16,26
LOEE81701E,2,101,103,0,28,28,7,36,43
MCMM819022,6,16,22,1,3,4,2,16,18
TOPM05050C,50,128,178,12,32,44,20,22,42
TVEE81607N,4,87,91,1,12,13,11,24,35
AGPS008015,34,68,102,10,17,27,10,15,25
RETA00901C,60,95,155,7,21,28,21,30,51
CREE81602B,4,65,69,1,18,19,4,26,30
FOEE82303V,0,40,40,0,6,6,4,19,23
NOEE820017,0,40,40,0,6,6,4,19,23
MOMM83901X,10,31,41,4,7,11,6,24,30
NAMM8GP013,27,93,120,9,37,46,11,17,28
BGEE82701V,1,60,61,1,16,17,2,20,22
VIEE82904X,1,65,66,0,7,7,5,22,27
NUEE87401R,1,45,46,0,9,9,4,22,26
ALEE81302Q,1,63,64,0,14,14,9,20,29
RMTF123016,33,81,114,3,19,22,8,21,29
VIMM88901B,10,41,51,4,6,10,1,27,28
SOEE81303L,1,55,56,0,5,5,3,27,30
VTMM82502C,12,24,36,1,10,11,9,14,23
GRMM81801G,5,24,29,2,5,7,5,25,30
PZTL022011,75,78,153,5,10,15,16,25,41
SAPC120011,14,58,72,0,1,1,8,19,27
PORC01002G,14,58,72,0,1,1,8,19,27
LIEE819044,4,79,83,2,20,22,8,23,31
CSPS03000G,20,76,96,1,5,6,15,15,30
RCEE84109D,2,30,32,2,4,6,12,11,23
VRTD100503,24,60,84,1,2,3,10,16,26
FIEE820058,6,65,71,2,9,11,12,28,40
MIEE8C503E,20,113,133,8,32,40,9,18,27
NOTL006515,75,111,186,13,27,40,0,0,0
LTMM14300L,75,111,186,13,27,40,0,0,0
CAEE885149,3,42,45,0,9,9,7,22,29
CTEE832053,2,47,49,0,4,4,6,17,23
BOTF02650X,72,100,172,10,19,29,0,0,0
GREE81701R,3,40,43,0,5,5,9,22,31
PGEE85404C,3,76,79,1,18,19,6,28,34
UDPS00201A,21,52,73,1,8,9,0,0,0
RMMM8A9012,12,27,39,4,6,10,4,26,30
FGEE87401Q,1,43,44,0,11,11,5,20,25
FIMM83601L,19,28,47,6,6,12,5,22,27
AVEE881044,0,43,43,0,8,8,10,13,23
BOMM839012,3,15,18,1,3,4,7,16,23
CREE805054,8,95,103,3,25,28,5,41,46
MBEE83401D,2,76,78,1,16,17,5,22,27
LEEE8AE01A,1,52,53,0,21,21,13,13,26
SSEE85303N,3,30,33,0,7,7,2,13,15
VAEE831057,4,71,75,2,24,26,5,25,30
SIEE814048,6,64,70,2,11,13,4,26,30
VREE84001X,1,86,87,1,22,23,7,29,36
POEE81002E,3,53,56,1,8,9,6,22,28
MIRH05801B,99,153,252,24,42,66,29,29,58
APRC00201E,82,160,242,27,56,83,18,39,57
VBEE806044,4,52,56,1,14,15,6,29,35
CNEE82201T,0,64,64,0,12,12,6,28,34
RMTD070501,30,82,112,1,13,14,7,19,26
CTMM8AE014,30,82,112,1,13,14,7,19,26
SREE83601A,3,37,40,2,16,18,7,11,18
ATEE809014,3,46,49,1,13,14,9,17,26
PDTF01801G,80,88,168,8,12,20,13,28,41
TOMM8BL015,11,12,23,4,4,8,7,28,35
MCEE80902C,0,30,30,0,3,3,4,14,18
RARH01050V,0,30,30,0,3,3,4,14,18
PGRA02801V,67,98,165,16,35,51,18,30,48
TVEE86901X,1,77,78,0,20,20,9,23,32
MNMM83001R,11,19,30,5,4,9,5,23,28
VAEE880029,5,65,70,1,12,13,8,20,28
RCEE871022,5,78,83,1,16,17,22,12,34
PRPS04000X,30,72,102,1,2,3,10,25,35
RMMM8G504D,30,72,102,1,2,3,10,25,35
CEEE8AX05P,1,43,44,0,6,6,8,12,20
NAEE162007,4,72,76,2,15,17,10,13,23
RGPS014015,43,89,132,3,3,6,10,19,29
LEMM88001C,9,26,35,0,5,5,9,16,25
BGEE8AF01C,2,52,54,0,13,13,7,24,31
UDMM85302P,10,31,41,2,4,6,2,32,34
VETF02701C,99,85,184,6,13,19,19,29,48
CBEE827019,1,36,37,0,10,10,6,15,21
PAEE81603G,3,47,50,2,8,10,19,8,27
TOTD00101N,36,66,102,4,8,12,10,25,35
APEE83603P,2,88,90,1,33,34,3,31,34
SSMM848024,17,46,63,4,16,20,5,33,38
LEPS02901R,17,46,63,4,16,20,5,33,38
BAEE55902Q,17,46,63,4,16,20,5,33,38
TOEE8AZ02G,4,121,125,2,33,35,13,26,39
NAMM8DT01X,14,45,59,5,10,15,13,12,25
PTEE80601G,4,57,61,2,18,20,4,26,30
AVRA01601X,64,76,140,11,28,39,25,20,45
PVMM807011,64,76,140,11,28,39,25,20,45
CNPS010003,18,47,65,2,7,9,4,19,23
BSEE81102V,3,49,52,1,9,10,6,23,29
LTMM84501B,16,52,68,7,12,19,5,21,26
PGEE021002,2,87,89,0,30,30,7,23,30
SRPS02801X,20,82,102,0,5,5,13,19,32
RNEE80804N,5,83,88,2,18,20,4,30,34
NAEE8FN01T,1,50,51,0,13,13,6,17,23
MOTF080005,53,77,130,2,3,5,12,21,33
PEMM836014,15,34,49,4,11,15,5,17,22
FOMM81501R,12,31,43,1,5,6,6,26,32
TAMM85401T,13,46,59,4,13,17,10,18,28
MEEE871029,3,61,64,1,19,20,14,12,26
FGEE85503C,1,50,51,0,21,21,3,17,20
RGEE825057,3,86,89,0,30,30,17,18,35
BAEE81602C,6,97,103,5,37,42,5,26,31
RMEE8B402G,8,136,144,1,43,44,5,28,33
NATD05050R,36,54,90,0,4,4,5,16,21
PAEE8AD041,36,54,90,0,4,4,5,16,21
VIRA014015,48,57,105,8,19,27,10,18,28
PDTD04000D,39,66,105,3,5,8,5,21,26
NAPC33000T,23,63,86,1,2,3,10,16,26
LIMM063002,23,63,86,1,2,3,10,16,26
MIMM8AG01T,24,37,61,14,14,28,9,21,30
SSEE025187,7,87,94,4,29,33,2,28,30
LUMM849016,13,62,75,5,17,22,1,33,34
FETD00601V,61,106,167,3,13,16,15,34,49
CLRA00751L,63,93,156,10,19,29,0,0,0
BAEE80602T,2,70,72,0,23,23,8,20,28
CEMM89701A,10,34,44,6,5,11,16,12,28
MIEE8CE02D,2,87,89,0,15,15,8,21,29
PAEE8AK016,0,41,41,0,8,8,11,10,21
LTEE82302L,2,43,45,1,18,19,9,15,24
PIEE83505R,5,87,92,3,28,31,5,32,37
RMPC016011,18,90,108,7,19,26,6,20,26
SRMM84101R,15,24,39,6,4,10,10,16,26
BGEE82901E,3,39,42,1,9,10,2,16,18
VVEE82208V,3,67,70,0,12,12,18,12,30
MEMM886033,13,60,73,3,15,18,16,28,44
PDEE861039,2,64,66,0,19,19,5,20,25
AGTL02301D,77,78,155,18,23,41,34,10,44
VVEE833012,4,39,43,2,8,10,14,16,30
MEEE87602C,2,61,63,1,16,17,13,17,30
BLMM82004R,13,25,38,2,4,6,10,20,30
ORMM81903R,14,31,45,5,10,15,4,27,31
CZMM86202B,3,10,13,1,1,2,5,9,14
FOEE01811T,6,80,86,0,16,16,4,28,32
MIEE8EK016,10,65,75,4,15,19,8,23,31
FGPC044019,41,80,121,9,15,24,17,13,30
FGTD004517,18,27,45,2,1,3,0,0,0
NAEE8EH02Q,3,49,52,1,15,16,14,14,28
VTEE835013,1,58,59,1,21,22,8,17,25
VAEE82002N,1,41,42,0,8,8,4,17,21
CLEE70001D,1,41,42,0,8,8,4,17,21
PZEE82108N,2,64,66,0,9,9,7,26,33
AVEE84804C,2,64,66,0,9,9,7,26,33
SARH068012,55,103,158,7,25,32,25,14,39
MEEE83801L,2,39,41,0,2,2,12,13,25
VREE845046,6,66,72,3,13,16,4,38,42
PZMM831054,9,17,26,0,2,2,6,16,22
VVMM82205P,17,27,44,1,7,8,18,12,30
VIEE871039,4,75,79,1,14,15,7,25,32
CLEE00106C,0,60,60,0,17,17,12,11,23
BSRC01201P,65,147,212,4,17,21,18,29,47
PZEE857037,4,52,56,1,12,13,6,18,24
SVEE809017,2,27,29,1,6,7,2,18,20
VAPM027011,20,78,98,1,1,2,11,16,27
VEEE870025,4,85,89,0,21,21,4,26,30
PEMM81201G,4,14,18,0,4,4,2,15,17
FGMM87301V,16,37,53,5,10,15,9,17,26
SSPS060006,28,70,98,5,14,19,5,21,26
FGEE82002C,2,33,35,1,8,9,7,7,14
VIMM863017,17,54,71,3,10,13,11,25,36
CAEE89401D,1,46,47,0,17,17,6,20,26
PIEE825034,2,69,71,1,25,26,8,25,33
MTTD06001C,2,69,71,1,25,26,8,25,33
GEEE85804E,4,77,81,0,17,17,14,28,42
PZEE82402V,1,32,33,1,2,3,8,15,23
MIEE8FG01X,1,51,52,0,15,15,5,18,23
PSRI00301P,54,116,170,8,31,39,12,34,46
CSPC07101Q,31,87,118,1,11,12,20,10,30
REEE819037,2,30,32,0,4,4,2,18,20
MCEE81601E,1,53,54,1,14,15,2,19,21
CSEE887054,2,58,60,0,13,13,18,13,31
BSTD00101G,64,71,135,4,2,6,13,29,42
PGMM23500L,64,71,135,4,2,6,13,29,42
AGMM84401P,15,25,40,4,6,10,10,20,30
MNRI00701E,56,82,138,7,17,24,14,29,43
CBTL021015,47,52,99,5,22,27,10,18,28
BNEE85203V,1,47,48,0,7,7,8,16,24
VAEE874011,1,62,63,1,11,12,10,23,33
TOEE861011,0,12,12,0,1,1,5,20,25
CNMM85101R,6,29,35,2,5,7,8,24,32
FGTF17000V,72,55,127,4,8,12,27,13,40
ALTD01701A,61,121,182,8,31,39,12,30,42
GRTD009016,39,95,134,4,22,26,9,24,33
VBEE00300D,3,72,75,1,23,24,2,23,25
CNEE81701A,3,60,63,0,19,19,3,35,38
ROTF007012,41,89,130,1,12,13,12,28,40
SRMM808015,4,30,34,0,13,13,11,18,29
TOPS00801L,59,107,166,12,24,36,14,32,46
PSMM82702D,59,107,166,12,24,36,14,32,46
BSEE87704G,8,105,113,4,23,27,8,31,39
BNTF004012,22,37,59,1,5,6,15,8,23
CBMM80904T,10,30,40,4,6,10,0,0,0
POEE819043,7,97,104,1,24,25,2,37,39
BSMM87002N,12,27,39,2,3,5,8,20,28
CSEE8AQ01D,1,60,61,0,18,18,18,8,26
PZEE88302P,1,69,70,0,11,11,10,24,34
VRMM8AB01P,13,48,61,4,11,15,4,26,30
NAEE15300C,3,55,58,3,20,23,10,7,17
CTEE814019,4,56,60,0,18,18,5,23,28
CETF02701Q,43,82,125,11,8,19,21,7,28
RMEE8FG02D,4,68,72,1,20,21,5,22,27
LCRC02000L,31,72,103,14,23,37,9,18,27
UDEE85405P,5,70,75,0,6,6,6,36,42
CZMM82501B,12,22,34,1,2,3,16,15,31
RMEE8ED01A,4,57,61,0,19,19,7,20,27
BGPS008012,30,72,102,6,10,16,8,25,33
IMEE81702N,1,55,56,0,11,11,6,23,29
MNEE812018,4,64,68,1,10,11,2,34,36
ATRI00750E,93,108,201,20,42,62,0,0,0
RMMM8FV01Q,6,23,29,1,6,7,7,20,27
AVTD01401E,30,83,113,4,11,15,17,12,29
ALEE83004G,1,53,54,0,17,17,6,28,34
RMRC05701V,24,82,106,5,12,17,8,20,28
PVMM80801R,18,30,48,6,7,13,12,28,40
SSEE85203T,4,88,92,0,24,24,8,23,31
PVEE830024,2,90,92,1,22,23,4,29,33
IMRC001014,30,89,119,4,22,26,4,27,31
VEMM847012,7,19,26,2,2,4,2,27,29
VBEE819035,0,62,62,0,15,15,4,29,33
AVRI002502,25,14,39,0,1,1,0,0,0
RCEE71501Q,25,14,39,0,1,1,0,0,0
CNSD02151A,31,92,123,6,17,23,0,0,0
VEEE871032,6,70,76,1,14,15,8,20,28
FRPC024015,25,85,110,2,8,10,10,16,26
MIEE8AV014,6,70,76,5,12,17,8,27,35
VCEE80103E,0,35,35,0,7,7,1,23,24
SARH022501,43,69,112,2,15,17,0,0,0
CSTD050502,27,37,64,1,0,1,8,14,22
VEEE804026,3,39,42,1,8,9,7,13,20
CEEE89203A,0,29,29,0,8,8,6,16,22
MBTF106516,58,83,141,1,10,11,0,0,0
PEEE829023,5,47,52,1,15,16,9,17,26
MBRI02401L,38,74,112,6,15,21,9,17,26
SAMM873016,6,15,21,0,2,2,8,8,16
PDMM87801G,10,27,37,1,3,4,8,20,28
CNRC00301D,79,128,207,11,36,47,11,29,40
TAPS021014,70,80,150,11,18,29,10,26,36
GEMM84201R,12,39,51,8,24,32,1,33,34
PDEE870089,0,75,75,0,15,15,5,29,34
RNMM80301A,6,37,43,1,4,5,9,26,35
LUMM82001E,16,51,67,7,19,26,2,23,25
CAEE09802V,2,80,82,1,20,21,6,15,21
LIEE70301E,2,80,82,1,20,21,6,15,21
PCEE81502X,2,63,65,0,15,15,8,20,28
VITD02000N,45,76,121,4,8,12,5,26,31
UDRI04050P,47,79,126,6,19,25,17,25,42
VAMM81202N,8,47,55,4,11,15,9,19,28
PAEE8AM03X,2,62,64,1,10,11,10,18,28
BAEE832019,2,40,42,1,8,9,7,15,22
CETL06050X,27,75,102,4,16,20,16,17,33
GEPS050008,28,70,98,0,4,4,6,22,28
CHPS02000E,21,77,98,4,7,11,0,22,22
LEMM89101V,7,40,47,2,10,12,9,19,28
FOEE018009,6,80,86,0,16,16,4,28,32
SPEE81903D,5,79,84,0,25,25,3,26,29
ARTA018016,20,40,60,2,10,12,22,58,80
BNEE819015,1,26,27,0,8,8,8,11,19
VCEE81202X,1,35,36,0,5,5,4,26,30
BAMM825015,13,32,45,5,8,13,9,21,30
RMTD03451V,63,75,138,9,11,20,0,0,0
COEE83605L,7,79,86,3,21,24,8,26,34
NAEE8FZ026,0,34,34,0,9,9,9,6,15
BGMM83501R,12,32,44,5,8,13,4,33,37
SOPS01401V,41,74,115,5,5,10,7,31,38
PGEE821023,3,37,40,1,11,12,4,14,18
PSEE811043,3,28,31,0,11,11,4,16,20
ANEE83201P,1,75,76,1,14,15,4,29,33
POEE80603X,6,60,66,1,7,8,5,31,36
ORMM82305E,8,28,36,4,5,9,6,27,33
AREE81004R,1,33,34,0,8,8,3,17,20
VREE890033,4,76,80,0,12,12,7,23,30
TOEE816013,6,63,69,3,17,20,6,21,27
NATD052014,27,66,93,4,13,17,16,12,28
MIEE8ET023,7,52,59,4,10,14,5,20,25
BSPS013012,60,90,150,5,5,10,11,26,37
MIEE8C402N,9,88,97,3,19,22,9,21,30
AGMM85702T,14,22,36,5,2,7,9,18,27
MEEE82401P,0,29,29,0,7,7,3,19,22
MOEE83101A,3,57,60,1,12,13,2,26,28
PZEE82401T,1,32,33,1,2,3,8,15,23
FRMM843025,5,19,24,0,4,4,6,27,33
CTMM8A0011,8,28,36,2,5,7,8,17,25
TOMM85403V,11,26,37,5,5,10,6,22,28
MOEE81107B,1,34,35,0,2,2,4,17,21
NOEE80804Q,4,51,55,1,17,18,8,21,29
CAMM84202R,5,20,25,1,5,6,9,14,23
PARH00201T,42,56,98,2,14,16,20,14,34
RMEE87801V,5,63,68,5,17,22,10,21,31
RMTH03001X,43,35,78,3,8,11,11,12,23
CARA01401P,58,75,133,15,34,49,24,17,41
NARC11850E,52,98,150,9,21,30,0,0,0
PSEE832022,1,63,64,1,25,26,5,35,40
MIEE301011,2,36,38,0,5,5,0,0,0
FIMM861019,7,37,44,3,4,7,5,32,37
CTEE823047,1,28,29,0,6,6,8,11,19
RMEE8GR01P,5,127,132,4,33,37,7,31,38
VVMM83503P,15,30,45,3,6,9,19,15,34
PGEE041007,3,58,61,0,16,16,0,23,23
APMM832018,3,27,30,1,3,4,4,32,36
RMPS10601A,62,143,205,8,22,30,11,32,43
AGEE85202Q,2,38,40,0,13,13,14,5,19
VRMM86201Q,13,38,51,3,5,8,9,26,35
CNMM85601X,2,25,27,0,5,5,6,14,20
CSEE86303D,2,18,20,1,2,3,9,6,15
VIEE88302E,1,105,106,1,24,25,3,37,40
TOEE8BU045,5,82,87,3,21,24,6,30,36
VAEE82401X,3,23,26,0,3,3,4,11,15
CNEE813035,3,44,47,1,13,14,6,21,27
CTEE853032,2,65,67,1,23,24,10,18,28
LTMM81601B,10,25,35,4,6,10,3,17,20
LEEE8AP034,3,34,37,0,4,4,11,11,22
PSMM83201X,18,40,58,6,12,18,5,35,40
LETF01701L,67,91,158,10,31,41,16,17,33
RMMM8GZ01N,4,32,36,2,8,10,4,22,26
RIMM82701A,14,38,52,5,6,11,6,28,34
RMEE856012,4,87,91,1,31,32,2,26,28
PGEE039007,5,65,70,0,27,27,3,24,27
RERA00901L,60,95,155,7,21,28,21,30,51
VREE87802B,8,80,88,5,24,29,1,32,33
MTEE82703E,3,90,93,0,14,14,7,31,38
VEEE85701N,3,64,67,1,8,9,1,34,35
PZMM88301L,11,43,54,1,9,10,10,24,34
VREE86903N,4,72,76,1,16,17,7,22,29
BGMM82703X,8,40,48,4,12,16,2,20,22
ALMM811023,7,27,34,1,6,7,7,17,24
RMRH122012,44,106,150,9,33,42,15,36,51
PAEE82305R,3,37,40,2,9,11,10,7,17
RMMM85801L,7,29,36,1,8,9,3,25,28
AREE82903R,1,48,49,0,10,10,2,23,25
PZTF02203V,75,78,153,5,10,15,16,25,41
NAEE85101X,3,44,47,2,16,18,9,15,24
TOEE88501D,5,51,56,2,15,17,9,19,28
SAPC12000X,14,58,72,0,1,1,8,19,27
PORC01000D,14,58,72,0,1,1,8,19,27
NUEE701027,14,58,72,0,1,1,8,19,27
BAEE892011,1,31,32,0,13,13,11,13,24
LUMM82101A,8,16,24,1,6,7,2,15,17
ALEE824015,3,73,76,2,22,24,7,26,33
CEMM87301T,10,49,59,6,11,17,12,15,27
RMMM8ED019,11,50,61,3,13,16,7,20,27
RMMM8B901L,6,45,51,3,16,19,7,26,33
MBEE831045,1,71,72,0,16,16,9,21,30
MNEE82403L,2,68,70,1,19,20,9,26,35
MIEE84701P,3,62,65,1,13,14,7,18,25
CEMM8AN01T,14,16,30,2,3,5,5,15,20
TVEE868058,7,116,123,1,27,28,10,42,52
GEEE827061,5,79,84,2,20,22,8,31,39
FRTD12000L,3,5,8,1,1,2,1,7,8
NUPS016019,42,74,116,2,7,9,6,22,28
SREE80101B,1,36,37,0,9,9,8,13,21
BAEE859019,4,57,61,1,16,17,5,18,23
PEMM81702Q,7,19,26,1,4,5,7,18,25
NASD10301A,30,93,123,4,33,37,10,10,20
BSEE815015,5,74,79,2,15,17,5,23,28
VBEE819013,0,62,62,0,15,15,4,29,33
PREE81601G,4,25,29,0,3,3,5,17,22
LCEE808034,0,54,54,0,10,10,6,18,24
CNMM83102L,9,31,40,2,8,10,6,30,36
CLMM81801E,13,23,36,2,6,8,10,12,22
RCEE82907R,2,65,67,0,14,14,15,14,29
BIRH00701L,97,131,228,30,53,83,17,39,56
TVEE83502T,6,58,64,2,12,14,1,24,25
MNEE819024,2,42,44,0,10,10,2,23,25
AVMM885028,18,56,74,3,8,11,7,19,26
SATD02201P,43,69,112,2,15,17,16,20,36
MIRC05851G,99,153,252,24,42,66,0,0,0
CTEE8AY02N,3,60,63,0,18,18,11,21,32
AGEE841018,5,44,49,1,12,13,17,11,28
VARC00401Q,31,62,93,5,6,11,5,21,26
VERC004016,61,72,133,17,21,38,12,21,33
CBEE83007B,3,53,56,1,17,18,6,20,26
NAEE8EJ01X,1,32,33,0,8,8,10,10,20
CLMM81902B,1,32,33,0,8,8,10,10,20
SRRH003019,1,32,33,0,8,8,10,10,20
GRMM831023,1,32,33,0,8,8,10,10,20
AQEE82501R,1,36,37,1,7,8,2,18,20
BOMM82101R,8,22,30,2,2,4,5,21,26
CLMM81101Q,10,26,36,2,6,8,12,13,25
NAEE8AK03Q,2,43,45,0,11,11,8,14,22
CZMM839019,9,32,41,1,5,6,11,18,29
RMMM8D601A,15,45,60,3,12,15,4,13,17
RCEE81502N,6,61,67,3,14,17,13,19,32
PAMM855013,5,21,26,1,5,6,11,8,19
PAMM862016,13,20,33,1,5,6,13,9,22
NAEE8ED04E,4,43,47,0,16,16,14,8,22
LIEE00303E,4,43,47,0,16,16,14,8,22
BARH12051G,52,107,159,15,36,51,0,0,0
SAMM8AU01A,7,24,31,2,3,5,11,10,21
BLMM82601L,8,16,24,4,2,6,9,14,23
SSMM83101N,3,15,18,1,5,6,4,13,17
KRMM81701B,10,10,20,1,0,1,12,14,26
CATF00901Q,60,61,121,7,18,25,13,14,27
SAMM880019,3,18,21,0,3,3,4,13,17
MORI01951V,74,109,183,4,12,16,0,0,0
IMMM800016,6,21,27,1,2,3,5,21,26
MIEE8DF01V,7,61,68,3,15,18,5,22,27
MBEE8CP02E,2,66,68,0,17,17,4,29,33
CREE818023,3,52,55,2,12,14,2,25,27
BAMM70901A,3,52,55,2,12,14,2,25,27
RGEE81301R,4,58,62,2,17,19,12,22,34
NATD02102D,50,100,150,4,20,24,15,24,39
SOPC01401Q,41,74,115,5,5,10,7,31,38
MCEE819023,2,35,37,0,7,7,2,16,18
TOPM050003,50,128,178,12,32,44,20,22,42
PAPS02000L,28,93,121,1,3,4,17,27,44
NOMM820016,6,41,47,2,14,16,15,23,38
RMEE8CH02D,3,85,88,0,23,23,10,16,26
VIEE88902D,4,70,74,0,13,13,1,27,28
CAMM875035,12,33,45,5,11,16,3,24,27
VIEE88103X,2,108,110,0,28,28,11,29,40
SPEE701019,2,108,110,0,28,28,11,29,40
TEPS001019,46,101,147,9,19,28,7,19,26
CZEE856047,1,53,54,0,15,15,9,21,30
FITD013019,34,65,99,1,9,10,5,23,28
CSMM829042,9,22,31,2,3,5,12,13,25
VVTD01000L,25,53,78,3,11,14,18,9,27
CAPS02000B,33,67,100,1,5,6,6,19,25
CSEE84003R,3,20,23,3,5,8,9,10,19
MIEE8C6018,4,49,53,2,9,11,8,19,27
BAEE09401N,2,75,77,1,27,28,8,13,21
BLTA00901T,44,54,98,6,19,25,31,54,85
VVEE82803L,5,52,57,3,14,17,15,7,22
VREE89703T,6,54,60,2,11,13,7,21,28
MEEE881064,5,58,63,2,12,14,17,10,27
CTMM83201T,8,20,28,2,3,5,6,17,23
AGSD00801G,34,68,102,10,17,27,10,15,25
MEMM83201L,5,24,29,2,4,6,9,18,27
UDPC002028,21,52,73,1,8,9,0,0,0
FIEE83602P,5,57,62,0,13,13,5,22,27
MIEE81702X,5,71,76,0,14,14,11,22,33
BREE82402D,0,43,43,0,11,11,14,6,20
CREE80501X,8,95,103,3,25,28,5,41,46
BSEE89405A,2,52,54,1,6,7,5,19,24
CSEE84105P,0,35,35,0,6,6,10,9,19
MBMM83401C,7,28,35,2,6,8,5,22,27
LIEE80701P,5,46,51,3,14,17,4,16,20
COMM85101D,5,30,35,2,7,9,4,29,33
BSEE8AM019,8,55,63,2,13,15,12,15,27
RMPS02801A,29,54,83,5,11,16,10,11,21
LUEE84001R,3,63,66,1,18,19,2,25,27
MCEE80303E,0,27,27,0,4,4,6,15,21
FRMM80801R,12,36,48,1,10,11,4,27,31
NAEE8GA026,12,36,48,1,10,11,4,27,31
APPS002012,82,160,242,27,56,83,18,39,57
RMPC07000L,22,44,66,1,0,1,6,13,19
NOTL00601Q,75,111,186,13,27,40,11,29,40
CTEE8AE015,75,111,186,13,27,40,11,29,40
VREE86901G,4,72,76,1,16,17,7,22,29
VAEE838119,2,76,78,1,18,19,2,31,33
SVMM80801A,2,25,27,1,3,4,6,16,22
MCMM80903C,2,25,27,1,3,4,6,16,22
RAEE82903B,5,49,54,1,6,7,7,23,30
CSMM815022,11,31,42,2,5,7,18,11,29
PSEE803044,3,13,16,0,3,3,6,8,14
BGEE82902G,3,39,42,1,9,10,2,16,18
TVRH06000P,49,104,153,14,36,50,18,25,43
MNEE83603V,4,77,81,1,23,24,8,25,33
PGMM80901A,7,19,26,1,3,4,2,19,21
RMMM86601G,17,38,55,2,11,13,9,21,30
VAMM880017,6,39,45,2,6,8,8,20,28
MTEE82002P,6,39,45,2,6,8,8,20,28
RCEE00600T,2,34,36,0,5,5,0,0,0
NAEE814022,2,34,36,0,5,5,0,0,0
PAMM88701E,20,43,63,7,15,22,8,15,23
CNMM82201R,5,35,40,1,7,8,6,28,34
NAEE16206D,4,72,76,2,15,17,10,13,23
PREE82305V,5,72,77,1,17,18,7,39,46
CNMM82401C,7,16,23,2,3,5,4,11,15
TORH02301C,49,88,137,12,24,36,11,16,27
PGEE85902D,4,43,47,1,18,19,6,21,27
BAEE85101P,2,22,24,0,8,8,8,8,16
VIMM81602P,11,31,42,1,6,7,6,20,26
RMEE8BT01T,2,43,45,2,10,12,5,13,18
CTEE88301Q,1,38,39,0,19,19,3,13,16
PAEE8AX03B,3,61,64,1,23,24,16,10,26
RMEE8BR038,2,67,69,1,22,23,6,24,30
TORC00101A,36,66,102,4,8,12,10,25,35
APMM83601G,8,28,36,1,7,8,3,31,34
CZEE82502D,4,52,56,0,10,10,16,15,31
BAEE84401G,5,35,40,2,10,12,4,17,21
TVTF007017,71,59,130,4,7,11,19,20,39
LEPC027012,71,59,130,4,7,11,19,20,39
CEEE8AD035,2,82,84,0,18,18,16,16,32
CSRC072017,31,52,83,0,11,11,21,10,31
CBTF01000D,68,91,159,12,27,39,13,24,37
CEMM70301P,68,91,159,12,27,39,13,24,37
SREE81201T,1,48,49,1,18,19,6,21,27
CBEE83008C,3,53,56,1,17,18,6,20,26
RCTD03101V,31,58,89,5,13,18,13,16,29
ALEE831018,2,71,73,0,17,17,4,23,27
BSEE82102D,5,52,57,1,12,13,7,13,20
SAEE8BY03B,1,34,35,0,7,7,9,11,20
SATL03451R,28,59,87,6,5,11,0,0,0
RGPM014016,43,89,132,3,3,6,10,19,29
PAMM862027,13,20,33,1,5,6,13,9,22
CBRA02101C,47,52,99,5,22,27,10,18,28
VCMM80102C,7,15,22,2,2,4,1,23,24
PRMM80901B,11,26,37,1,8,9,4,26,30
CZEE83602X,1,32,33,0,6,6,7,7,14
PREE01601L,2,31,33,0,6,6,0,0,0
NAMM8DG017,6,24,30,4,10,14,3,19,22
GRRI00901G,6,24,30,4,10,14,3,19,22
PZEE87808D,0,37,37,0,4,4,12,10,22
BSEE828039,4,52,56,1,9,10,10,25,35
SAEE8BR037,2,38,40,1,12,13,14,10,24
NAEE8A701C,3,34,37,1,14,15,8,9,17
RNMM034002,3,34,37,1,14,15,8,9,17
SSEE84807A,9,82,91,0,20,20,5,33,38
LCEE814019,5,93,98,1,24,25,3,27,30
PAMM87401C,11,26,37,5,10,15,13,12,25
BGEE81107G,4,75,79,1,22,23,8,21,29
CNEE81107N,1,39,40,0,8,8,1,25,26
PAMM8AD02T,1,39,40,0,8,8,1,25,26
BGEE863034,4,77,81,0,18,18,4,23,27
PCEE00403G,4,139,143,2,49,51,6,31,37
CNEE80903D,3,52,55,1,13,14,4,20,24
RMMM8CU014,15,58,73,2,13,15,5,23,28
RMMM83601Q,11,48,59,5,12,17,5,25,30
TOEE89102T,3,65,68,2,14,16,8,27,35
COEE80104L,5,39,44,0,6,6,11,15,26
BAMM29700R,5,39,44,0,6,6,11,15,26
VVMM80307B,12,34,46,1,4,5,17,13,30
CNPM04000X,41,76,117,8,13,21,6,21,27
BATF26000R,44,69,113,5,13,18,10,21,31
BLEE83003B,44,69,113,5,13,18,10,21,31
BSEE874055,4,86,90,3,19,22,3,28,31
PEMM82001E,14,34,48,4,7,11,7,23,30
VAEE84105T,6,75,81,2,17,19,10,25,35
SSEE027036,5,92,97,3,36,39,0,24,24
NARC07851A,76,146,222,11,47,58,0,0,0
BAEE806051,2,70,72,0,23,23,8,20,28
CTEE81903E,0,53,53,0,20,20,5,16,21
LTEE82901E,2,61,63,2,22,24,10,20,30
PCEE805018,1,69,70,0,15,15,5,25,30
SSEE84001D,1,44,45,1,10,11,2,22,24
CREE82304L,10,99,109,5,26,31,4,33,37
RGEE825068,3,86,89,0,30,30,17,18,35
BATD06201D,3,86,89,0,30,30,17,18,35
MIMM853011,15,35,50,9,7,16,7,23,30
CHEE81402R,3,33,36,1,13,14,2,15,17
PDEE87205T,2,39,41,0,10,10,8,16,24
MIEE83302T,3,74,77,0,21,21,7,26,33
AGTF023019,77,78,155,18,23,41,34,10,44
FOEE02312A,5,91,96,2,14,16,9,31,40
MIEE8BW02G,3,39,42,0,7,7,5,17,22
VITA014011,48,57,105,8,19,27,10,18,28
FGRC044011,41,80,121,9,15,24,17,13,30
CTEE710048,41,80,121,9,15,24,17,13,30
CAEE885138,3,42,45,0,9,9,7,22,29
VAMM82002L,5,28,33,3,7,10,4,17,21
CLMM70003E,5,28,33,3,7,10,4,17,21
FOEE03000X,1,63,64,0,11,11,1,29,30
PZEE82101A,2,64,66,0,9,9,7,26,33
PDTD13000Q,2,64,66,0,9,9,7,26,33
AVEE84802A,2,34,36,0,8,8,9,20,29
SARF06801E,55,103,158,7,25,32,25,14,39
PNTD00751P,57,62,119,3,10,13,0,0,0
FGMM87401P,24,45,69,7,11,18,5,20,25
NAMM8CN011,8,29,37,4,9,13,8,13,21
RMTD057016,24,82,106,5,12,17,8,20,28
SAEE829015,0,9,9,0,0,0,2,11,13
VRPS01702C,38,93,131,6,13,19,7,23,30
CLRI007507,63,93,156,10,19,29,0,0,0
FREE82603D,2,55,57,0,19,19,7,23,30
BGSL01000T,50,104,154,1,10,11,16,24,40
MIEE8CE01C,2,87,89,0,15,15,8,21,29
VEEE870014,4,85,89,0,21,21,4,26,30
BAEE01400Q,2,91,93,1,26,27,9,14,23
RMRC02201X,2,91,93,1,26,27,9,14,23
FIEE83701D,4,53,57,0,7,7,7,17,24
FGEE82001B,2,33,35,1,8,9,7,7,14
CAEE8AB066,5,52,57,1,12,13,1,26,27
SSRA00303P,74,79,153,18,35,53,28,48,76
MEEE886056,1,72,73,1,17,18,16,28,44
NAMM82501A,5,45,50,1,6,7,7,13,20
CZMM86201A,3,10,13,1,1,2,5,9,14
PSTD00351P,54,116,170,8,31,39,0,0,0
TEEE821034,0,42,42,0,14,14,6,20,26
PIMM81501A,9,36,45,2,11,13,4,30,34
TOEE824034,10,51,61,4,13,17,2,34,36
BOEE84801T,2,18,20,0,1,1,3,13,16
PVPS00101G,34,56,90,3,4,7,7,15,22
TOEE8AD02C,5,60,65,1,18,19,8,23,31
PZMM831076,9,17,26,0,2,2,6,16,22
PAPM01401B,48,60,108,9,16,25,32,9,41
COEE83604G,7,79,86,3,21,24,8,26,34
PCMM81501T,9,21,30,1,3,4,8,20,28
ALTF017512,61,121,182,8,31,39,0,0,0
CSEE85501C,1,32,33,0,3,3,11,13,24
CNMM81702A,16,33,49,4,8,12,3,35,38
BSEE8AA01T,3,75,78,0,15,15,8,19,27
MCMM83501V,6,34,40,1,10,11,6,23,29
FIEE854028,5,66,71,1,18,19,8,23,31
PZMM84201A,5,26,31,1,4,5,5,20,25
VIMM82401L,11,35,46,2,9,11,4,23,27
RMMM8GG012,8,52,60,3,12,15,12,22,34
MCEE81603L,1,53,54,1,14,15,2,19,21
CSEE887087,2,58,60,0,13,13,18,13,31
BNTD00401Q,22,37,59,1,5,6,15,8,23
TOEE829026,6,50,56,1,7,8,9,31,40
BNTA01601G,46,80,126,2,13,15,26,38,64
PGMM70101V,46,80,126,2,13,15,26,38,64
RIEE81903E,1,28,29,0,6,6,4,23,27
MNTD008011,77,97,174,18,26,44,11,28,39
ROMM808038,8,35,43,2,9,11,4,18,22
UDMM85401D,10,35,45,1,6,7,6,36,42
CZEE82401L,4,63,67,1,14,15,14,19,33
PGEE036084,5,49,54,0,12,12,6,18,24
CTMM89201D,6,26,32,1,8,9,7,11,18
PAPC002011,42,56,98,2,14,16,20,14,34
PDEE89803X,5,65,70,1,12,13,8,20,28
SRPC02801R,20,82,102,0,5,5,13,19,32
ALEE83003E,1,53,54,0,17,17,6,28,34
BGEE82201Q,5,71,76,1,14,15,2,27,29
PVEE80802V,10,68,78,6,16,22,12,28,40
NAEE8GJ015,1,36,37,0,10,10,9,7,16
GOEE80303T,6,92,98,3,31,34,4,31,35
ALEE83504P,5,44,49,0,10,10,11,17,28
TVMM70601V,5,44,49,0,10,10,11,17,28
BGEE872107,4,60,64,2,14,16,3,28,31
CBRH00750P,33,65,98,9,18,27,0,0,0
VEEE847013,4,78,82,2,15,17,2,27,29
TAEE85401V,2,70,72,0,30,30,10,18,28
PTEE81607C,3,42,45,1,3,4,4,30,34
VVMM83506T,15,30,45,3,6,9,19,15,34
SAPS020006,11,62,73,0,0,0,10,16,26
RCTN01101G,34,68,102,4,24,28,9,16,25
LOMM800014,7,27,34,3,5,8,2,22,24
NAEE8BV01B,1,33,34,0,13,13,8,11,19
METD05000E,46,79,125,1,7,8,17,21,38
CNPM02101G,31,92,123,6,17,23,10,21,31
FRPM024019,25,85,110,2,8,10,10,16,26
CSMM86301A,6,14,20,1,3,4,9,6,15
PEEE82401V,3,24,27,0,6,6,3,12,15
FOEE821026,3,50,53,1,12,13,1,22,23
CSTD05000L,27,37,64,1,0,1,8,14,22
VEEE805022,1,47,48,0,14,14,3,22,25
BARH03350Q,43,112,155,11,38,49,0,0,0
TSEE805017,0,33,33,0,6,6,4,16,20
BGMM85801D,5,31,36,1,5,6,4,19,23
MNEE81203A,4,64,68,1,10,11,2,34,36
NAEE055007,4,64,68,1,10,11,2,34,36
AVTD01301P,27,56,83,1,9,10,14,12,26
ENEE82204P,9,79,88,2,29,31,21,13,34
GEEE82704V,5,79,84,2,20,22,8,31,39
COEE81501B,2,71,73,0,14,14,4,28,32
CAEE09800R,2,80,82,1,20,21,6,15,21
SREE84101T,3,48,51,2,12,14,10,16,26
SAMM8BA02E,4,35,39,1,6,7,12,19,31
VITD030008,28,59,87,1,3,4,7,19,26
UDRI040009,47,79,126,6,19,25,17,25,42
LUEE822039,1,26,27,0,4,4,4,18,22
PZRI00702V,35,47,82,1,6,7,13,17,30
PIEE84205X,2,42,44,0,10,10,8,25,33
LUPS01601C,146,146,292,13,30,43,20,54,74
FOEE01803C,6,80,86,0,16,16,4,28,32
CEMM892039,5,42,47,0,13,13,6,16,22
PAEE85407E,5,67,72,4,20,24,15,13,28
CZPS003014,35,52,87,4,14,18,15,18,33
RMRF03601G,30,90,120,9,33,42,12,23,35
PVMM835026,16,47,63,3,11,14,4,38,42
BLEE82101E,1,26,27,1,7,8,6,11,17
MEEE81703N,1,26,27,0,3,3,2,15,17
BGMM83602N,14,29,43,4,4,8,5,19,24
BLEE816013,6,61,67,0,11,11,6,19,25
TREE817045,2,33,35,0,5,5,1,21,22
MIMM86701V,9,35,44,2,6,8,4,27,31
GOEE701017,9,35,44,2,6,8,4,27,31
SAEE890033,1,35,36,0,9,9,9,11,20
BOEE70001X,1,35,36,0,9,9,9,11,20
PSMM81102X,4,13,17,1,4,5,4,16,20
ANMM83201N,10,32,42,2,5,7,4,29,33
PTEE82603V,7,90,97,2,26,28,8,27,35
LEMM86801T,8,19,27,1,7,8,5,13,18
SAEE16200N,8,19,27,1,7,8,5,13,18
PATD09000P,54,60,114,3,7,10,17,10,27
AREE818029,3,48,51,1,14,15,8,26,34
SPMM802033,5,20,25,2,3,5,2,24,26
RMEE8FX02D,4,74,78,1,19,20,11,18,29
BSMM205007,4,74,78,1,19,20,11,18,29
PAEE042002,1,64,65,0,20,20,8,9,17
NARI051513,81,103,184,6,19,25,0,0,0
RMTN07351B,22,79,101,1,9,10,0,0,0
FIEE83802A,6,67,73,1,12,13,10,23,33
VAEE81206V,0,60,60,0,14,14,9,19,28
TREE82302A,1,70,71,1,12,13,7,26,33
MTTD06000B,27,49,76,0,1,1,10,15,25
CAMM8AC04V,9,25,34,2,5,7,13,19,32
GEPS07000D,28,67,95,3,3,6,5,23,28
LEEE889021,0,69,69,0,23,23,10,20,30
NAEE8C903B,3,40,43,0,11,11,8,10,18
GEMM81302T,7,40,47,1,11,12,4,29,33
NOMM80403A,11,27,38,5,4,9,19,18,37
MOMM811014,4,14,18,1,1,2,4,17,21
TOMM824011,17,36,53,7,8,15,2,34,36
RMEE8C410G,5,38,43,2,10,12,1,22,23
VATD004013,31,62,93,5,6,11,5,21,26
NOEE80802N,4,51,55,1,17,18,8,21,29
VERC00451G,61,72,133,17,21,38,0,0,0
FIEE84501C,61,72,133,17,21,38,0,0,0
FGMM80801Q,5,14,19,2,1,3,11,4,15
RMTH03000V,43,35,78,3,8,11,11,12,23
TOEE81702X,10,129,139,3,40,43,9,32,41
CSEE836068,0,33,33,0,11,11,10,8,18
BOMM87101T,18,59,77,7,16,23,3,27,30
CATA01401E,58,75,133,15,34,49,24,17,41
CSEE84807G,1,16,17,0,2,2,13,11,24
NAEE81003Q,1,16,17,0,2,2,13,11,24
NATF11801Q,52,98,150,9,21,30,12,26,38
GREE829035,0,50,50,0,9,9,8,22,30
CTEE84205N,2,59,61,1,29,30,8,15,23
VREE890011,4,76,80,0,12,12,7,23,30
RMMM8GR01N,15,42,57,8,12,20,7,31,38
CSEE879011,5,71,76,3,21,24,9,21,30
PGEE04104B,3,58,61,0,16,16,0,23,23
COEE84203T,2,51,53,0,9,9,4,19,23
ALTD013013,59,88,147,13,25,38,36,44,80
KRMM81705G,10,10,20,1,0,1,12,14,26
VAMM82401V,6,16,22,2,3,5,4,11,15
VIMM88301C,13,64,77,3,13,16,3,37,40
CNMM813012,9,22,31,3,5,8,6,21,27
PGEE04215Q,4,84,88,0,23,23,1,29,30
LEEE8AP067,3,34,37,0,4,4,11,11,22
CAMM84201Q,5,20,25,1,5,6,9,14,23
PSMM832021,18,40,58,6,12,18,5,35,40
AGEE03407C,2,62,64,1,17,18,7,21,28
LORI00101P,44,105,149,10,26,36,13,27,40
BOEE838039,2,31,33,0,2,2,1,22,23
TOPC10000P,22,63,85,0,0,0,7,19,26
CEMM81201A,9,11,20,2,3,5,8,11,19
FOEE822011,1,49,50,0,8,8,8,22,30
FREE056007,1,18,19,0,2,2,0,0,0
FGEE83801L,2,50,52,0,8,8,12,11,23
RMRC12201R,44,106,150,9,33,42,15,36,51
MIEE30100X,2,36,38,0,5,5,0,0,0
FIEE86102B,3,72,75,0,7,7,5,32,37
RMEE85801N,6,60,66,2,16,18,3,25,28
PZTL02251A,75,78,153,5,10,15,0,0,0
PGEE026027,0,87,87,0,14,14,6,22,28
RMTD106016,62,143,205,8,22,30,11,32,43
CZMM814055,6,14,20,1,3,4,9,8,17
RAEE81902Q,6,89,95,3,20,23,6,32,38
NAEE141017,2,55,57,1,13,14,13,10,23
NAMM86501R,15,39,54,5,13,18,7,11,18
RMEE8EE016,5,60,65,0,12,12,2,23,25
CTEE83802V,0,74,74,0,23,23,6,21,27
KRTH01250Q,46,54,100,1,7,8,0,0,0
BIMM81902L,16,40,56,6,11,17,16,39,55
MBEE831012,1,71,72,0,16,16,9,21,30
TOPS063015,76,94,170,22,36,58,27,27,54
PZMM200002,76,94,170,22,36,58,27,27,54
TEMM82503A,10,44,54,2,15,17,10,28,38
PEMM81701P,7,19,26,1,4,5,7,18,25
MCEE83203E,3,61,64,1,12,13,13,18,31
NAEE851021,3,44,47,2,16,18,9,15,24
PREE81604P,4,25,29,0,3,3,5,17,22
LCEE808023,0,54,54,0,10,10,6,18,24
CNEE83107V,5,69,74,2,12,14,6,30,36
BAEE867029,3,90,93,1,38,39,12,19,31
NAEE8DF02D,2,70,72,0,28,28,19,13,32
TVEE826023,2,70,72,0,28,28,19,13,32
CSMM8AE011,9,21,30,0,4,4,13,13,26
AVMM885017,18,56,74,3,8,11,7,19,26
ALEE824048,3,73,76,2,22,24,7,26,33
RMTF081019,56,121,177,10,21,31,19,25,44
IMMM701015,56,121,177,10,21,31,19,25,44
MIPS05801N,99,153,252,24,42,66,29,29,58
NAEE8GA015,99,153,252,24,42,66,29,29,58
CLEE81903D,99,153,252,24,42,66,29,29,58
SRTF00301N,45,62,107,6,19,25,26,21,47
NAEE178074,1,69,70,0,14,14,7,19,26
CTEE8AE026,1,69,70,0,14,14,7,19,26
AVEE84907B,2,51,53,0,14,14,3,25,28
CORI00901T,70,97,167,16,29,45,21,32,53
SATH07102P,46,41,87,4,4,8,20,14,34
MEMM83802L,6,24,30,1,6,7,12,13,25
SOEE816012,0,37,37,0,9,9,2,22,24
CNRI00250P,0,37,37,0,9,9,2,22,24
FRTF020002,64,74,138,5,10,15,19,24,43
MBMM8AM01G,13,35,48,1,10,11,7,21,28
SRMM80101A,3,29,32,1,6,7,8,13,21
CZMM871026,2,11,13,0,0,0,9,17,26
PAMM8AM01R,6,33,39,0,7,7,10,18,28
PDMM838015,7,33,40,2,7,9,5,28,33
CLEE81803N,4,53,57,2,12,14,10,12,22
CEPM07000X,23,83,106,7,21,28,12,11,23
CLEE024043,3,65,68,2,13,15,12,12,24
CETL06000E,27,75,102,4,16,20,16,17,33
MOTF01901A,74,109,183,4,12,16,19,32,51
IMEE800017,4,45,49,0,4,4,5,21,26
RGEE80103L,1,20,21,0,3,3,3,17,20
MBMM8CQ018,12,32,44,4,6,10,3,24,27
CBEE83203V,2,36,38,0,13,13,3,15,18
PCPS00101D,35,85,120,4,10,14,7,22,29
BLEE816024,6,61,67,0,11,11,6,19,25
RCEE862027,2,51,53,1,14,15,20,5,25
AVEE807057,8,49,57,2,8,10,6,24,30
GOMM04000N,8,49,57,2,8,10,6,24,30
PAEE85601X,2,47,49,0,19,19,9,13,22
BAEE82301E,3,42,45,1,13,14,3,17,20
PAPS05000C,31,67,98,2,6,8,15,17,32
AQEE845012,1,63,64,1,20,21,5,25,30
TAEE858027,0,42,42,0,10,10,10,9,19
RMEE8CJ05T,0,56,56,0,17,17,4,21,25
PIEE81401G,4,53,57,3,21,24,6,20,26
CTPC00102N,24,79,103,4,18,22,14,15,29
BARH120027,52,107,159,15,36,51,13,25,38
TETD001015,46,101,147,9,19,28,7,19,26
BAEE070026,2,68,70,1,19,20,8,15,23
CBMM82705C,8,23,31,3,10,13,6,15,21
AVEE86203N,3,45,48,1,16,17,5,22,27
BLEE82603Q,3,17,20,0,3,3,9,14,23
CZEE856014,1,53,54,0,15,15,9,21,30
PGEE82803V,0,41,41,0,9,9,7,20,27
FGEE01100L,3,58,61,0,20,20,6,11,17
ORRA00801B,33,66,99,6,6,12,29,30,59
VVRI02000L,11,9,20,1,2,3,1,0,1
CATD00951V,60,61,121,7,18,25,0,0,0
TOMM8AZ01D,15,46,61,5,13,18,13,26,39
VRMM89702Q,8,23,31,5,7,12,7,21,28
NAPS02101L,50,100,150,4,20,24,15,24,39
TOMM86701V,16,29,45,5,8,13,6,25,31
TOEE81701V,10,129,139,3,40,43,9,32,41
MCMM819011,6,16,22,1,3,4,2,16,18
AGPC008012,34,68,102,10,17,27,10,15,25
MOEE839011,4,59,63,1,14,15,6,24,30
RNEE80902B,5,64,69,2,25,27,3,28,31
VTMM827013,7,28,35,3,8,11,4,20,24
TOEE810036,12,75,87,7,26,33,13,18,31
GEEE820011,2,35,37,1,6,7,3,17,20
CAPS04000L,35,68,103,3,5,8,8,16,24
CSMM84002P,2,16,18,0,2,2,9,10,19
CTEE85301X,2,65,67,1,23,24,10,18,28
FRMM81101L,7,26,33,0,6,6,5,18,23
CNEE81104E,1,39,40,0,8,8,1,25,26
VIEE83805Q,2,68,70,1,13,14,5,22,27
FREE85302R,0,40,40,0,12,12,1,22,23
SSTF01901P,33,61,94,4,17,21,8,14,22
BLRA009012,44,54,98,6,19,25,31,54,85
ENEE82701P,3,38,41,0,7,7,11,13,24
PTMM82201C,12,38,50,3,12,15,6,39,45
PGEE05701T,3,38,41,1,12,13,1,16,17
BSEE874033,4,86,90,3,19,22,3,28,31
VREE87803C,8,80,88,5,24,29,1,32,33
VRMM87001P,3,24,27,0,6,6,4,13,17
SVEE80803D,5,52,57,1,10,11,6,16,22
LTEE82903L,2,61,63,2,22,24,10,20,30
AVEE837064,8,44,52,2,8,10,17,12,29
LTEE82402C,3,72,75,2,23,25,3,22,25
CEEE04603N,5,154,159,1,68,69,16,16,32
MEEE84706L,1,44,45,0,8,8,12,13,25
SSPC010002,24,65,89,3,10,13,0,0,0
RMEE8EB01P,3,68,71,0,18,18,11,18,29
MEEE886012,1,72,73,1,17,18,16,28,44
BSEE84302A,7,96,103,3,27,30,6,24,30
PZPC01801X,26,55,81,3,10,13,15,11,26
SPEE80602A,2,32,34,0,4,4,2,20,22
UDEE81702L,6,77,83,0,12,12,3,27,30
PAEE013068,6,77,83,0,12,12,3,27,30
PVTL00601C,6,77,83,0,12,12,3,27,30
MCPC04001R,34,77,111,2,1,3,4,25,29
RMPC080007,15,42,57,0,0,0,11,11,22
BREE813034,1,58,59,0,18,18,13,15,28
NAEE814055,1,58,59,0,18,18,13,15,28
RMEE8F2019,7,77,84,0,27,27,6,24,30
NAEE8CN012,3,39,42,0,14,14,8,13,21
VAMM837022,6,37,43,1,10,11,1,16,17
APEE83001N,1,62,63,0,16,16,7,23,30
PZMM857014,10,31,41,1,6,7,6,18,24
CTEE89703Q,4,77,81,2,26,28,11,25,36
VEEE80905C,4,85,89,2,10,12,6,30,36
NAEE8D104C,2,70,72,0,17,17,11,15,26
VIEE81604T,2,49,51,0,5,5,6,20,26
RMMM8BT01R,6,35,41,4,9,13,5,13,18
TOEE837036,1,46,47,0,9,9,9,17,26
RAPS01000Q,26,64,90,1,2,3,5,29,34
CNMM85202N,8,37,45,2,9,11,3,27,30
TVEE870036,8,53,61,4,15,19,9,16,25
SSTH00401C,66,110,176,13,42,55,13,21,34
BIRH00703P,97,131,228,30,53,83,17,39,56
NAMM847017,7,37,44,3,9,12,6,13,19
MIEE881027,5,42,47,1,10,11,6,19,25
RCEE870015,2,36,38,0,17,17,10,5,15
LOEE807021,4,52,56,2,7,9,4,24,28
BSRI001022,64,71,135,4,2,6,13,29,42
BSMM82101B,13,28,41,4,2,6,7,13,20
NAEE178052,1,69,70,0,14,14,7,19,26
FREE837041,3,55,58,1,12,13,6,20,26
BIEE808038,1,44,45,1,9,10,6,24,30
PARA014021,48,60,108,9,16,25,32,9,41
PAEE862017,2,35,37,2,7,9,13,9,22
TOTD003019,44,90,134,5,13,18,12,22,34
CZMM83601T,4,11,15,0,2,2,7,7,14
LOEE81202C,3,82,85,1,16,17,7,28,35
PAEE8AY037,3,70,73,1,24,25,9,16,25
MEMM899013,3,70,73,1,24,25,9,16,25
VBEE00301E,3,72,75,1,23,24,2,23,25
TOPC00101P,36,66,102,4,8,12,10,25,35
RNMM700012,36,66,102,4,8,12,10,25,35
LTEE855024,4,59,63,2,18,20,13,15,28
TVTF00751L,71,59,130,4,7,11,0,0,0
PAEE87401D,3,52,55,1,17,18,13,12,25
BGEE863023,4,77,81,0,18,18,4,23,27
CBRI070008,10,16,26,0,6,6,5,21,26
PCEE00402E,4,139,143,2,49,51,6,31,37
VEEE838018,3,44,47,1,8,9,3,18,21
ISMM81506A,8,24,32,1,1,2,11,24,35
BGEE855013,3,14,17,2,2,4,0,15,15
CRMM818022,7,33,40,3,10,13,2,25,27
CETD130005,7,33,40,3,10,13,2,25,27
PTMM80601E,9,38,47,3,13,16,4,26,30
MEPC029017,20,63,83,0,2,2,14,22,36
UDEE83202P,2,48,50,0,9,9,2,22,24
ANRH008014,56,134,190,13,49,62,16,32,48
BATF23050A,59,77,136,9,19,28,11,20,31
CNPM010004,28,97,125,2,5,7,7,26,33
BSMM81101R,8,26,34,1,5,6,6,23,29
PVEE82901V,7,109,116,0,25,25,8,33,41
PEEE82004P,2,63,65,2,12,14,7,23,30
CLMM815024,14,33,47,4,8,12,14,15,29
GEEE86705A,4,70,74,0,12,12,5,39,44
PREE01600G,2,31,33,0,6,6,0,0,0
VIEE88903E,4,70,74,0,13,13,1,27,28
NAEE8FH019,2,22,24,0,2,2,13,10,23
SPMM06100R,2,22,24,0,2,2,13,10,23
MBEE8EV02C,7,67,74,4,20,24,4,27,31
CRMM824018,16,55,71,9,17,26,10,16,26
CNEE81006R,3,37,40,1,6,7,5,22,27
BATD06202E,17,55,72,1,7,8,10,10,20
PDEE87201N,2,39,41,0,10,10,8,16,24
VVRH01000E,40,66,106,4,19,23,31,24,55
BAMM81601A,10,43,53,4,17,21,5,26,31
RMEE8B401E,8,136,144,1,43,44,5,28,33
SAEE8BG01D,3,38,41,1,14,15,10,10,20
CAMM88507X,17,24,41,3,4,7,7,22,29
PATD03801P,44,135,179,9,47,56,21,25,46
PRMM827011,8,48,56,2,10,12,4,30,34
ALEE83005L,1,53,54,0,17,17,6,28,34
SAEE829026,0,9,9,0,0,0,2,11,13
VRRI01801C,70,81,151,1,3,4,17,26,43
BGTD03050B,47,83,130,0,1,1,7,25,32
MIMM8CF017,14,37,51,6,13,19,13,14,27
NOEE819024,4,77,81,2,12,14,20,28,48
TOMM8AN016,17,33,50,5,7,12,7,28,35
SAEE8B3016,3,34,37,0,10,10,5,18,23
RNEE812038,1,27,28,0,5,5,6,21,27
MIMM83301Q,13,21,34,4,4,8,7,26,33
OREE819094,4,52,56,1,15,16,4,27,31
TEEE821089,0,42,42,0,14,14,6,20,26
PIEE81004B,5,87,92,2,34,36,5,25,30
MBMM86101R,11,28,39,4,7,11,5,13,18
TREE81402G,2,50,52,0,11,11,1,17,18
PZMM82105D,13,23,36,2,2,4,7,26,33
BLMM024001,3,2,5,1,0,1,0,3,3
VIEE87104A,4,75,79,1,14,15,7,25,32
CSMM80901N,5,12,17,0,2,2,7,9,16
NUMM84101C,5,20,25,1,2,3,7,20,27
GEEE82702R,5,79,84,2,20,22,8,31,39
TOEE82804C,5,52,57,2,7,9,8,29,37
MCMM80902B,15,18,33,4,2,6,4,14,18
COMM837017,10,23,33,3,9,12,3,17,20
VAPC02701R,20,78,98,1,1,2,11,16,27
AREE83904C,3,78,81,0,29,29,8,28,36
RMEE870018,2,48,50,0,10,10,4,24,28
VAEE86102X,4,53,57,0,15,15,0,19,19
SSPC02000L,58,74,132,6,8,14,7,19,26
CSMM85503D,6,20,26,0,3,3,11,13,24
SIRI00450L,56,151,207,14,57,71,0,0,0
MIMM8DB01E,12,22,34,4,7,11,7,17,24
VAEE88003A,5,65,70,1,12,13,8,20,28
PZPC00601N,34,51,85,3,5,8,11,17,28
VEEE819031,2,40,42,0,6,6,2,16,18
RMMM885011,8,50,58,4,13,17,5,24,29
CSEE887076,2,58,60,0,13,13,18,13,31
RNEE80203N,3,22,25,0,5,5,5,16,21
TOEE829048,6,50,56,1,7,8,9,31,40
ANEE80403L,4,60,64,0,19,19,3,27,30
UDEE81803D,3,33,36,1,9,10,6,15,21
PVTD00101B,34,56,90,3,4,7,7,15,22
BGEE83602P,5,70,75,1,12,13,5,19,24
TOMM8AD01A,4,30,34,4,9,13,8,23,31
PTMM82601Q,14,41,55,7,14,21,8,27,35
TVEE875028,5,97,102,1,24,25,6,32,38
KREE826028,2,50,52,0,14,14,14,15,29
REEE826018,1,39,40,1,4,5,1,22,23
NARI05101N,81,103,184,6,19,25,21,17,38
VIMM82301R,5,29,34,1,4,5,7,13,20
NOEE81401X,1,58,59,1,21,22,7,26,33
APEE83602N,2,88,90,1,33,34,3,31,34
TOEE89901B,3,42,45,0,8,8,2,28,30
CEMM14300V,42,75,117,17,21,38,10,12,22
RMEE8C4015,5,38,43,2,10,12,1,22,23
MOEE811015,1,34,35,0,2,2,4,17,21
TPRC02701C,46,78,124,3,15,18,18,19,37
RGEE812011,2,40,42,1,10,11,6,16,22
TPMM84201C,11,35,46,6,17,23,9,13,22
PDMM89802T,8,34,42,1,5,6,8,20,28
LOEE81704N,2,101,103,0,28,28,7,36,43
TOPS070007,21,72,93,0,3,3,10,23,33
TVEE81502L,2,91,93,0,19,19,8,29,37
SRPS028021,20,82,102,0,5,5,13,19,32
CSMM8AQ01C,5,22,27,0,12,12,18,8,26
GRMM829012,5,34,39,1,7,8,8,22,30
MCEE83103P,3,32,35,1,7,8,3,25,28
PZEE88511R,0,54,54,0,7,7,8,20,28
PSEE832033,1,63,64,1,25,26,5,35,40
TVEE70601X,1,63,64,1,25,26,5,35,40
CEEE83701Q,5,42,47,2,8,10,5,15,20
PATA01601B,82,153,235,17,50,67,34,21,55
CBPM00701N,33,65,98,9,18,27,13,16,29
CERC027016,43,82,125,11,8,19,21,7,28
TSEE819048,3,28,31,1,0,1,1,20,21
PTEE816016,3,42,45,1,3,4,4,30,34
PZEE87103D,2,54,56,0,14,14,10,15,25
RCPS01102V,34,68,102,4,24,28,9,16,25
PZMM87601D,10,18,28,1,4,5,5,14,19
NAMM8BV02B,10,55,65,3,18,21,8,11,19
CZEE81502V,2,30,32,0,3,3,5,12,17
SVEE811017,3,59,62,1,15,16,7,24,31
MCTF004507,75,71,146,10,8,18,0,0,0
CNMM85701Q,9,37,46,4,13,17,5,26,31
FOMM821014,4,30,34,1,7,8,1,22,23
AVMM849025,10,31,41,3,7,10,3,25,28
MIMM8DU016,23,50,73,13,22,35,3,28,31
CZEE82405R,4,63,67,1,14,15,14,19,33
BOMM884021,10,23,33,1,5,6,0,21,21
BGMM855012,7,14,21,1,2,3,0,15,15
BGEE81207B,6,79,85,3,25,28,6,28,34
UDMM80902L,5,12,17,1,1,2,5,18,23
AGEE034016,2,62,64,1,17,18,7,21,28
IMMM81801B,14,42,56,6,13,19,3,22,25
BGEE85801E,2,49,51,0,7,7,4,19,23
MEPS032016,32,105,137,3,14,17,16,19,35
PVMM807022,32,105,137,3,14,17,16,19,35
TEMM826036,14,32,46,5,10,15,8,27,35
CTEE81905L,0,53,53,0,20,20,5,16,21
NAMM8ET01E,8,41,49,2,15,17,13,10,23
BGMM87201Q,13,22,35,5,3,8,3,28,31
PCMM805028,10,29,39,1,8,9,5,25,30
AQMM849018,4,42,46,3,13,16,4,26,30
TPEE81702T,3,58,61,1,18,19,12,15,27
SAPS01000G,13,45,58,1,3,4,8,15,23
BAPS06201N,17,55,72,1,7,8,10,10,20
ANTE021014,30,78,108,3,13,16,6,31,37
POMM039004,30,78,108,3,13,16,6,31,37
RCMM71501P,30,78,108,3,13,16,6,31,37
CNPM02150X,30,78,108,3,13,16,6,31,37
NUMM701015,30,78,108,3,13,16,6,31,37
LUEE822028,1,26,27,0,4,4,4,18,22
RCMM841069,12,49,61,4,7,11,12,11,23
ATEE81507N,4,49,53,0,12,12,10,31,41
CLMM70002D,4,49,53,0,12,12,10,31,41
BLEE82004T,6,38,44,0,7,7,10,20,30
CSRI31050G,2,7,9,0,1,1,0,0,0
CEEE88702T,0,63,63,0,16,16,15,11,26
PEEE829012,5,47,52,1,15,16,9,17,26
FRMM82501E,10,24,34,5,7,12,2,26,28
CZTD00251D,27,54,81,2,12,14,0,0,0
COEE81303T,2,57,59,1,14,15,3,22,25
CLEE70002E,2,57,59,1,14,15,3,22,25
MNMM825019,10,39,49,1,14,15,9,22,31
NAEE055018,10,39,49,1,14,15,9,22,31
MIMM86902G,16,36,52,7,8,15,4,27,31
CHMM80801B,4,17,21,1,6,7,3,19,22
TARI02151P,70,80,150,11,18,29,0,0,0
MIMM84701N,12,33,45,4,10,14,7,18,25
CEMM8AQ019,10,47,57,5,6,11,15,12,27
TAEE80402V,2,22,24,1,4,5,4,13,17
PATD090504,54,60,114,3,7,10,17,10,27
FOEE80403D,4,46,50,1,6,7,7,21,28
SPEE81302D,0,36,36,0,6,6,2,17,19
AVMM86701N,11,30,41,2,3,5,13,16,29
FGMM872013,11,30,41,2,3,5,13,16,29
SAEE8BA03L,0,66,66,0,11,11,12,19,31
CAMM8AB054,8,36,44,1,7,8,1,26,27
TRMM823018,13,30,43,4,6,10,7,26,33
PDEE83104E,1,46,47,0,8,8,5,18,23
FREE83101V,2,52,54,1,18,19,3,21,24
CAEE897011,4,44,48,2,15,17,2,17,19
VEEE833026,7,57,64,2,15,17,2,25,27
PDEE825014,4,68,72,1,17,18,3,24,27
AQPM050002,13,54,67,1,10,11,0,0,0
GEPS080004,24,69,93,4,21,25,7,18,25
RMTD08151C,56,121,177,10,21,31,0,0,0
LUTF01601E,146,146,292,13,30,43,20,54,74
NAMM8CS01D,8,39,47,2,11,13,10,16,26
ANEE84102E,0,43,43,0,10,10,7,18,25
TOEE824012,10,51,61,4,13,17,2,34,36
VATN004011,31,62,93,5,6,11,5,21,26
MTMM808012,6,16,22,0,0,0,8,11,19
UDEE84103E,2,64,66,1,15,16,5,24,29
AVMM871019,5,19,24,1,2,3,9,9,18
MEMM81701E,5,23,28,1,7,8,2,15,17
VREE89901B,0,41,41,0,12,12,2,22,24
CTEE867041,9,79,88,3,39,42,11,15,26
BAMM896017,4,25,29,2,6,8,4,15,19
BOEE87201P,8,89,97,2,27,29,7,23,30
ANEE83202Q,1,75,76,1,14,15,4,29,33
TERA00801N,66,129,195,18,58,76,20,31,51
LEEE86801V,1,31,32,1,11,12,5,13,18
GEMM812011,10,33,43,4,16,20,6,20,26
BNEE81202B,3,25,28,1,4,5,10,12,22
BSTD01301T,60,90,150,5,5,10,11,26,37
TEMM83802B,11,38,49,2,14,16,11,26,37
BAEE87801P,2,35,37,1,11,12,9,10,19
FOTD010002,27,65,92,0,9,9,8,19,27
ALMM80601E,4,29,33,1,7,8,1,27,28
PAPS060003,23,53,76,2,10,12,15,14,29
FREE056018,1,18,19,0,2,2,0,0,0
RMPM040001,24,86,110,4,31,35,7,19,26
FGMM83801G,8,31,39,4,6,10,12,11,23
FIEE862027,4,82,86,0,19,19,6,34,40
BREE825018,2,36,38,1,10,11,11,8,19
GREE81702T,3,40,43,0,5,5,9,22,31
ANMM81501X,11,35,46,3,10,13,5,32,37
PGEE04111Q,3,58,61,0,16,16,0,23,23
VCEE80205C,2,29,31,0,7,7,9,23,32
CSMM87402T,8,17,25,2,0,2,10,13,23
CTEE853043,2,65,67,1,23,24,10,18,28
KRTD012513,46,54,100,1,7,8,0,0,0
RMMM85701R,12,27,39,6,8,14,4,17,21
VRMM815016,11,27,38,4,5,9,5,14,19
NOMM80701Q,8,27,35,1,8,9,6,31,37
NOPS00401T,29,87,116,3,8,11,6,19,25
MCTD030004,15,28,43,2,4,6,4,12,16
NAEE83101P,15,28,43,2,4,6,4,12,16
MCEE83201C,3,61,64,1,12,13,13,18,31
PZPC02102R,37,43,80,2,3,5,9,14,23
VAEE831068,4,71,75,2,24,26,5,25,30
MNEE80102V,4,48,52,1,11,12,4,19,23
APEE81704A,2,48,50,1,12,13,1,36,37
TAEE832034,2,48,50,1,12,13,1,36,37
METF040006,71,45,116,5,5,10,19,14,33
VEMM805021,6,26,32,1,4,5,3,22,25
NAEE8B301Q,2,77,79,1,31,32,10,17,27
SVEE80701G,7,69,76,4,20,24,11,27,38
CBEE853063,1,36,37,1,9,10,4,18,22
PTEE82201D,4,100,104,1,36,37,6,39,45
CEEE8A3028,3,41,44,1,12,13,6,17,23
BIEE81906T,10,64,74,5,16,21,16,39,55
TOMM879015,18,59,77,6,21,27,4,22,26
AVMM849036,10,31,41,3,7,10,3,25,28
TOTA06351X,76,94,170,22,36,58,0,0,0
SARH06901T,31,70,101,4,25,29,15,18,33
BGMM85803G,5,31,36,1,5,6,4,19,23
MEEE83802N,2,39,41,0,2,2,12,13,25
SREE82802C,3,59,62,2,22,24,8,20,28
SVEE80801B,5,52,57,1,10,11,6,16,22
BOMM840027,11,22,33,0,4,4,4,29,33
AVEE843016,3,34,37,1,1,2,9,12,21
CNEE83103P,5,69,74,2,12,14,6,30,36
COEE82101P,2,43,45,0,10,10,4,14,18
SOEE80606L,2,55,57,2,13,15,7,24,31
CEPM03000D,20,98,118,2,2,4,14,18,32
CETF05001R,70,91,161,9,17,26,19,17,36
CEMM8AH019,8,39,47,3,13,16,15,12,27
BAPC05401G,35,115,150,7,43,50,9,24,33
TEEE82201T,5,52,57,2,23,25,7,28,35
CLEE81904E,5,52,57,2,23,25,7,28,35
PAEE88601Q,2,53,55,1,13,14,12,15,27
SREE854032,3,37,40,1,10,11,9,15,24
CTEE80301V,3,41,44,1,11,12,12,11,23
RCEE862016,2,51,53,1,14,15,20,5,25
PNEE81601Q,2,46,48,0,5,5,7,18,25
PDMM846014,9,48,57,4,9,13,10,27,37
PAMM85601V,4,29,33,1,12,13,9,13,22
PGEE85901C,4,43,47,1,18,19,6,21,27
CETF03751Q,88,84,172,15,12,27,0,0,0
BAPS031023,88,84,172,15,12,27,0,0,0
TARH00801B,88,84,172,15,12,27,0,0,0
BARH120016,52,107,159,15,36,51,13,25,38
TPEE836027,3,83,86,2,36,38,5,22,27
LEMM31100L,9,63,72,1,17,18,8,8,16
CZMM871015,2,11,13,0,0,0,9,17,26
AVMM86602V,14,37,51,4,7,11,9,18,27
RMEE8BP01E,1,39,40,1,9,10,5,13,18
BLEE82602P,3,17,20,0,3,3,9,14,23
MEMM82401N,12,37,49,4,6,10,3,19,22
BGEE84304X,2,62,64,0,12,12,6,22,28
NAEE8A803A,0,71,71,0,18,18,9,18,27
ROMM816026,16,39,55,5,8,13,6,28,34
GEMM86002B,16,39,55,5,8,13,6,28,34
CAMM8AC03T,9,25,34,2,5,7,13,19,32
LEEE70701E,9,25,34,2,5,7,13,19,32
GORC01101Q,41,80,121,6,22,28,10,27,37
POEE81401R,1,71,72,0,19,19,2,28,30
MITF082512,109,65,174,13,9,22,0,0,0
LTEE80202G,2,80,82,0,34,34,6,21,27
RGMM80101D,6,11,17,0,0,0,3,17,20
BOEE86401Q,1,22,23,0,1,1,9,12,21
BREE03201C,3,57,60,2,18,20,12,10,22
BGEE891038,3,61,64,1,16,17,2,24,26
RMTN01000T,3,61,64,1,16,17,2,24,26
PVEE827017,8,74,82,5,24,29,8,30,38
AVEE807046,8,49,57,2,8,10,6,24,30
MOEE81901Q,1,85,86,0,29,29,7,26,33
VIEE843013,1,64,65,0,15,15,3,24,27
SSEE83807Q,5,83,88,0,26,26,9,29,38
MSEE822016,4,62,66,1,20,21,4,23,27
FEEE817022,1,45,46,0,15,15,1,24,25
NUEE873011,3,43,46,0,9,9,5,20,25
RNMM809019,12,34,46,4,12,16,3,28,31
CSMM83202Q,15,31,46,2,2,4,6,6,12
PRTF002018,80,112,192,10,29,39,21,38,59
PATD023011,26,58,84,6,9,15,8,15,23
TOMM816012,7,26,33,2,12,14,6,21,27
FIMM81301X,4,22,26,2,5,7,10,21,31
FITL01301Q,34,65,99,1,9,10,5,23,28
CAPS040502,35,68,103,3,5,8,8,16,24
VIEE852052,1,36,37,1,6,7,4,23,27
SSTF01050L,105,80,185,18,22,40,14,32,46
BLRI01101N,77,61,138,9,3,12,22,24,46
TOEE89202N,5,74,79,2,20,22,9,24,33
PDMM87203P,3,27,30,1,3,4,8,16,24
RNEE80805P,5,83,88,2,18,20,4,30,34
PGEE05703X,3,38,41,1,12,13,1,16,17
CNPM010015,28,97,125,2,5,7,7,26,33
TEEE834036,0,57,57,0,24,24,2,26,28
BSEE874011,4,86,90,3,19,22,3,28,31
AREE834016,3,66,69,1,22,23,2,24,26
MIEE8A6024,7,77,84,1,18,19,8,24,32
VRTE00901Q,35,120,155,4,29,33,10,19,29
RMPM07000R,17,70,87,0,5,5,5,18,23
KREE80801N,2,36,38,1,9,10,14,4,18
ALEE811024,2,29,31,1,4,5,7,17,24
LTEE83003R,2,78,80,1,29,30,13,22,35
RMRC12202T,44,106,150,9,33,42,15,36,51
AVMM837041,23,31,54,4,5,9,17,12,29
MEMM84705E,6,25,31,3,3,6,12,13,25
AGEE82005B,5,57,62,2,6,8,23,8,31
FIMM863022,6,37,43,2,8,10,6,24,30
ARRC00701V,55,94,149,6,34,40,15,21,36
MTEE811053,3,32,35,0,2,2,9,13,22
GEEE820022,2,35,37,1,6,7,3,17,20
SPEE806019,2,32,34,0,4,4,2,20,22
MCEE80302D,0,27,27,0,4,4,6,15,21
FREE81101N,3,43,46,1,14,15,5,18,23
RMRH040503,46,110,156,5,38,43,18,26,44
AREE83302B,1,33,34,0,9,9,3,17,20
FREE85301Q,0,40,40,0,12,12,1,22,23
SSRI02201N,39,35,74,5,9,14,8,15,23
RMPC09000T,25,69,94,1,1,2,8,18,26
MCPC04000Q,34,77,111,2,1,3,4,25,29
BORI024024,49,68,117,8,17,25,12,21,33
CAEE854024,2,35,37,1,5,6,3,15,18
RMEE8FU011,2,86,88,0,16,16,4,23,27
NAEE8CM016,4,48,52,1,18,19,5,16,21
UDEE82302X,2,55,57,0,5,5,5,23,28
PZEE857048,4,52,56,1,12,13,6,18,24
VEEE80904B,4,85,89,2,10,12,6,30,36
NAEE8D1019,2,70,72,0,17,17,11,15,26
BGTD030002,47,83,130,0,1,1,7,25,32
BSMM857016,7,23,30,1,4,5,5,19,24
RAPS030001,39,84,123,5,10,15,8,29,37
SIEE814015,6,64,70,2,11,13,4,26,30
BSEE84303B,7,96,103,3,27,30,6,24,30
BGEE876036,7,96,103,3,27,30,6,24,30
VAEE881014,7,96,103,3,27,30,6,24,30
PZTD018507,26,55,81,3,10,13,0,0,0
CSSD02901V,32,88,120,2,14,16,18,20,38
OREE819083,4,52,56,1,15,16,4,27,31
COMM852019,17,47,64,3,12,15,12,22,34
FRRI01151R,50,81,131,3,23,26,0,0,0
MIEE8EL012,4,65,69,3,22,25,4,22,26
MBTD00601N,33,90,123,2,6,8,12,19,31
COMM83601B,9,28,37,3,8,11,8,26,34
ALEE817023,1,72,73,0,23,23,8,26,34
PARA014508,48,60,108,9,16,25,0,0,0
NAMM15100Q,27,88,115,7,28,35,6,13,19
COEE837018,3,55,58,0,9,9,3,17,20
RMEE8DU01Q,2,67,69,1,21,22,4,22,26
PGEE84302X,1,40,41,0,13,13,2,21,23
PCEE814013,1,47,48,0,11,11,5,19,24
NARI05801C,77,150,227,12,45,57,24,30,54
CNEE85803P,2,74,76,0,29,29,4,28,32
CLMM81804N,13,23,36,2,6,8,10,12,22
TVTD007011,71,59,130,4,7,11,19,20,39
NAPM02601R,21,97,118,5,21,26,13,12,25
CBRH01050E,50,92,142,14,32,46,17,20,37
PTEE811046,5,95,100,0,24,24,14,30,44
RCMM83501R,4,20,24,1,5,6,11,8,19
TVMM82801L,10,34,44,2,9,11,3,22,25
CETD13050E,10,34,44,2,9,11,3,22,25
ANEE80402G,4,60,64,0,19,19,3,27,30
VCEE809068,6,80,86,4,27,31,9,36,45
RCSL029021,25,63,88,4,11,15,13,20,33
NAEE8C4027,4,76,80,0,41,41,15,12,27
PDEE846015,7,74,81,1,10,11,10,27,37
CLEE823013,7,62,69,4,21,25,21,9,30
PVTF01000B,79,125,204,10,18,28,24,32,56
PAEE862028,2,35,37,2,7,9,13,9,22
PREE80905L,5,49,54,0,11,11,4,26,30
MBEE8EV01B,7,67,74,4,20,24,4,27,31
CATF02702A,7,67,74,4,20,24,4,27,31
POEE80701N,2,47,49,0,6,6,4,27,31
RCEE854017,3,38,41,0,8,8,11,13,24
ORTD008513,33,66,99,6,6,12,0,0,0
AGEE85101V,0,35,35,0,9,9,13,7,20
TPEE84203G,1,68,69,1,34,35,9,13,22
VVRH01050X,40,66,106,4,19,23,31,24,55
BAMM81501E,7,23,30,1,10,11,7,13,20
BOMM86401P,7,43,50,2,11,13,9,12,21
CTEE89201E,1,43,44,0,15,15,7,11,18
RMEE8CU026,4,66,70,0,16,16,5,23,28
GEMM86602A,5,18,23,0,6,6,4,16,20
TPPC02701R,46,78,124,3,15,18,18,19,37
BAMM29200N,15,80,95,1,27,28,5,13,18
ANRH00850C,56,134,190,13,49,62,0,0,0
TPEE84201D,1,68,69,1,34,35,9,13,22
RGEE80202B,1,40,41,0,6,6,10,15,25
SPEE82101B,2,81,83,0,26,26,5,30,35
SSMM80801L,12,32,44,4,9,13,4,27,31
PEEE82003N,2,63,65,2,12,14,7,23,30
VAEE84104R,6,75,81,2,17,19,10,25,35
AVRH016047,6,75,81,2,17,19,10,25,35
SSEE027003,5,92,97,3,36,39,0,24,24
LEMM8AN02A,5,92,97,3,36,39,0,24,24
CAEE705011,5,92,97,3,36,39,0,24,24
MEEE872025,3,93,96,1,37,38,16,15,31
MIMM85402T,24,48,72,12,9,21,7,21,28
TOEE810014,12,75,87,7,26,33,13,18,31
FOEE030033,1,63,64,0,11,11,1,29,30
LUEE84002T,3,63,66,1,18,19,2,25,27
VIEE83803N,2,68,70,1,13,14,5,22,27
CSEE827018,2,28,30,1,3,4,8,13,21
RIEE82703D,5,97,102,2,33,35,6,28,34
FIEE870026,2,104,106,1,21,22,11,32,43
PZMM82102A,13,23,36,2,2,4,7,26,33
AGMM82801R,15,20,35,4,2,6,12,16,28
PREE827023,8,74,82,1,20,21,4,30,34
TREE00102E,2,105,107,0,34,34,5,20,25
RMPS05701A,24,82,106,5,12,17,8,20,28
SAMM829014,3,3,6,0,0,0,2,11,13
MIMM8A6012,14,41,55,5,10,15,8,24,32
PVEE83102X,3,84,87,2,31,33,3,30,33
VIEE85902N,6,78,84,4,18,22,3,24,27
LEMM829017,7,19,26,2,5,7,9,13,22
CAMM82001V,3,17,20,1,2,3,8,19,27
CTEE8AN026,4,59,63,1,26,27,7,15,22
ARMM839018,18,60,78,7,21,28,8,28,36
SSPC04000T,23,58,81,3,7,10,4,20,24
LUEE82104E,2,24,26,0,2,2,2,15,17
PZPS00601R,34,51,85,3,5,8,11,17,28
GEEE81706A,1,52,53,0,18,18,5,27,32
GEPM030004,24,91,115,5,14,19,11,15,26
REMM819025,7,14,21,2,2,4,2,18,20
RMMM88601R,5,18,23,3,5,8,5,15,20
CTMM70602D,5,18,23,3,5,8,5,15,20
CZSD00201P,27,54,81,2,12,14,12,12,24
PVEE83505A,6,85,91,1,18,19,4,38,42
UDEE81801B,3,33,36,1,9,10,6,15,21
SIMM82501E,5,37,42,1,13,14,10,20,30
NAEE8AL02E,0,44,44,0,12,12,11,14,25
RMEE81102D,4,59,63,1,21,22,6,17,23
TOEE8AD01B,5,60,65,1,18,19,8,23,31
BOTD027015,51,103,154,11,26,37,11,22,33
TERC01401X,57,94,151,11,32,43,12,20,32
AGTD09000R,39,49,88,2,2,4,23,12,35
RMMM8FW01G,8,34,42,1,10,11,9,18,27
REMM827013,7,26,33,1,5,6,1,25,26
RIEE810089,2,31,33,1,7,8,4,20,24
NAEE8CT03C,1,58,59,0,15,15,17,8,25
RMEE8AQ01Q,2,71,73,1,24,25,6,22,28
PVEE82405X,6,67,73,4,13,17,7,26,33
SIRC00450X,56,151,207,14,57,71,0,0,0
VEEE833015,7,57,64,2,15,17,2,25,27
NAEE847018,1,33,34,0,15,15,6,13,19
TOMM89901A,12,25,37,4,8,12,2,28,30
CSPC029019,32,88,120,2,14,16,18,20,38
CSRC07250G,31,52,83,0,11,11,0,0,0
NAEE8CS01E,1,61,62,0,17,17,10,16,26
CEMM13000R,4,6,10,0,2,2,0,0,0
VIEE82503G,0,50,50,0,7,7,3,26,29
TOEE829015,6,50,56,1,7,8,9,31,40
PCEE81905A,4,25,29,1,1,2,8,17,25
NOEE82303R,4,99,103,1,37,38,3,36,39
BSEE8AE037,2,43,45,1,7,8,6,29,35
PAPM02000N,25,91,116,5,12,17,13,14,27
BNEE85204X,1,47,48,0,7,7,8,16,24
CTMM84101L,12,28,40,3,12,15,11,13,24
NAEE15301D,3,55,58,3,20,23,10,7,17
CEEE83703T,5,42,47,2,8,10,5,15,20
PREE83602T,1,59,60,0,17,17,7,21,28
PATD017513,37,36,73,2,4,6,0,0,0
RMEE8GQ01V,1,67,68,1,29,30,2,31,33
PZEE87104E,2,54,56,0,14,14,10,15,25
APEE83101D,0,40,40,0,10,10,4,22,26
COMM84301E,3,27,30,1,9,10,3,18,21
NOEE814087,1,58,59,1,21,22,7,26,33
CNEE848012,2,60,62,0,12,12,0,33,33
MCRI004012,75,71,146,10,8,18,15,21,36
CNEE85702T,75,71,146,10,8,18,15,21,36
RNEE700013,75,71,146,10,8,18,15,21,36
LCEE815037,3,60,63,0,18,18,9,18,27
PVTL006022,53,104,157,4,17,21,11,28,39
NAMM8F4011,3,17,20,1,10,11,11,10,21
CBRH010016,3,17,20,1,10,11,11,10,21
BSEE87503V,5,53,58,1,10,11,3,26,29
CBMM816041,14,23,37,1,6,7,0,0,0
RCPC02901X,25,63,88,4,11,15,13,20,33
AGEE81203A,4,40,44,1,7,8,18,8,26
NATD022018,15,69,84,2,9,11,10,14,24
POEE819032,7,97,104,1,24,25,2,37,39
AGEE03406B,2,62,64,1,17,18,7,21,28
AGPS002016,2,62,64,1,17,18,7,21,28
LOMM81701D,10,48,58,3,13,16,7,36,43
MBEE8DJ017,6,49,55,1,9,10,1,21,22
TOPS04000B,22,79,101,0,0,0,13,23,36
FOTD010013,22,79,101,0,0,0,13,23,36
TVEE81505Q,2,91,93,0,19,19,8,29,37
PAEE820059,5,36,41,0,5,5,11,10,21
FOEE82302T,0,40,40,0,6,6,4,19,23
MEPS032038,32,105,137,3,14,17,16,19,35
PVEE807012,32,105,137,3,14,17,16,19,35
GOEE80301Q,6,92,98,3,31,34,4,31,35
FREE84701C,4,89,93,0,33,33,7,24,31
PEEE835019,1,57,58,0,13,13,6,24,30
BRMM825017,11,16,27,3,2,5,11,8,19
CBRI00351X,17,41,58,2,11,13,0,0,0
AQEE83802X,0,30,30,0,13,13,4,14,18
GRMM81702R,12,29,41,3,8,11,9,22,31
VEEE847035,4,78,82,2,15,17,2,27,29
TAEE853013,2,27,29,0,4,4,7,14,21
PTEE816027,3,42,45,1,3,4,4,30,34
SAEE8AJ032,1,18,19,0,4,4,6,9,15
BSEE88504E,2,74,76,0,16,16,7,22,29
CREE82402A,2,55,57,0,15,15,10,16,26
AQEE849019,4,64,68,1,18,19,4,26,30
SAPM11000D,4,64,68,1,18,19,4,26,30
NAMM8BV01A,10,55,65,3,18,21,8,11,19
ANRA022016,41,81,122,7,21,28,11,27,38
POEE700012,41,81,122,7,21,28,11,27,38
CSPS310001,23,42,65,1,2,3,12,7,19
CNSD021011,31,92,123,6,17,23,10,21,31
MBEE8EW028,5,60,65,3,18,21,8,19,27
RCEE84106A,2,30,32,2,4,6,12,11,23
ATEE81502C,4,49,53,0,12,12,10,31,41
SSEE813015,5,59,64,0,14,14,4,31,35
PAMM83003R,9,23,32,0,3,3,11,13,24
FIEE869011,10,100,110,3,27,30,9,35,44
CSRI310006,2,7,9,0,1,1,0,0,0
NOMM188009,2,7,9,0,1,1,0,0,0
GEEE86602B,3,61,64,1,19,20,4,16,20
MITF008514,3,61,64,1,19,20,4,16,20
CLMM04200B,3,61,64,1,19,20,4,16,20
RMEE85701T,4,76,80,2,29,31,4,17,21
AVRI01601G,64,76,140,11,28,39,25,20,45
CSEE8AL03C,3,120,123,2,38,40,12,19,31
TPTL028012,52,86,138,9,39,48,19,14,33
NOTD00401N,29,87,116,3,8,11,6,19,25
ENMM82201E,17,36,53,2,10,12,21,13,34
AVEE881011,0,43,43,0,8,8,10,13,23
MIEE8CF018,5,80,85,1,22,23,13,14,27
GETD01352L,34,75,109,5,9,14,0,0,0
PSMM836017,10,19,29,3,4,7,4,23,27
CTEE081059,2,113,115,1,33,34,7,26,33
SAEE8A0058,1,48,49,0,12,12,12,12,24
LOEE80403E,0,61,61,0,9,9,4,23,27
PDEE83102C,1,46,47,0,8,8,5,18,23
SOEE82205D,6,68,74,4,11,15,9,18,27
GOMM814015,9,22,31,2,3,5,6,16,22
FIEE819021,5,49,54,1,9,10,3,25,28
CLEE70003G,5,49,54,1,9,10,3,25,28
PIMM84202Q,6,26,32,2,6,8,8,25,33
CBEE83304Q,3,36,39,0,12,12,7,14,21
VIMM81002Q,16,33,49,4,5,9,6,27,33
RMTF08151P,56,121,177,10,21,31,0,0,0
CTEE8AX01R,2,44,46,1,15,16,7,14,21
AGEE84001C,3,38,41,1,3,4,14,10,24
UDEE842029,1,73,74,1,18,19,6,24,30
AVEE87101A,1,37,38,0,9,9,9,9,18
TOMM878019,20,52,72,10,13,23,7,24,31
PNMM813017,11,30,41,2,8,10,3,39,42
PAEE04000A,11,30,41,2,8,10,3,39,42
TOMM86101X,11,40,51,2,8,10,5,20,25
PAMM812015,12,16,28,1,2,3,13,10,23
PAEE042013,1,64,65,0,20,20,8,9,17
FGEE872014,1,64,65,0,20,20,8,9,17
MIEE8EU01T,1,70,71,0,20,20,8,26,34
BSEE815026,5,74,79,2,15,17,5,23,28
TREE82305D,1,70,71,1,12,13,7,26,33
FIMM876013,16,39,55,5,8,13,7,48,55
CAEE897022,4,44,48,2,15,17,2,17,19
AQPM01000G,23,101,124,5,32,37,7,19,26
FEMM80102B,8,18,26,1,5,6,1,24,25
IMEE80012Q,4,45,49,0,4,4,5,21,26
VAPS004017,31,62,93,5,6,11,5,21,26
LEMM81902N,5,22,27,2,2,4,11,12,23
RMMM8G503C,5,22,27,2,2,4,11,12,23
VAEE852025,2,91,93,0,25,25,9,23,32
CTEE87501R,3,68,71,2,26,28,7,19,26
PVEE83506B,6,85,91,1,18,19,4,38,42
PGEE01705G,3,80,83,0,19,19,5,25,30
CZEE87401N,4,66,70,0,12,12,7,24,31
APEE82205V,3,54,57,0,12,12,6,33,39
TATD00801D,3,54,57,0,12,12,6,33,39
RMEE89403V,3,49,52,0,9,9,4,20,24
ANEE815044,3,66,69,1,11,12,5,32,37
CSMM802031,6,22,28,0,5,5,12,11,23
VEPS02601E,30,83,113,2,3,5,10,22,32
BNMM81202A,9,32,41,1,4,5,10,12,22
PGEE04208B,4,84,88,0,23,23,1,29,30
ANEE80904R,2,26,28,0,8,8,5,20,25
FGEE02902X,2,69,71,0,23,23,9,10,19
FITL01201X,110,106,216,5,24,29,22,30,52
REMM834016,6,30,36,1,7,8,8,25,33
TVMM841013,9,23,32,2,5,7,5,20,25
LERC031019,37,109,146,5,42,47,17,16,33
TOEE89902C,3,42,45,0,8,8,2,28,30
ALMM80602G,4,29,33,1,7,8,1,27,28
NARH07050X,49,104,153,17,39,56,21,19,40
RCEE812048,6,45,51,1,6,7,12,16,28
NAEE362001,3,58,61,1,17,18,10,7,17
VREE85002G,0,54,54,0,11,11,5,21,26
CEMM83701P,9,25,34,3,8,11,5,15,20
CERI02450Q,39,57,96,8,20,28,0,0,0
PATD02351A,26,58,84,6,9,15,0,0,0
TPEE04600R,26,58,84,6,9,15,0,0,0
RGMM824016,4,24,28,0,5,5,5,17,22
BSEE8AM02A,8,55,63,2,13,15,12,15,27
SIEE821029,2,40,42,0,8,8,6,18,24
CBEE85302V,1,36,37,1,9,10,4,18,22
SIEE80902P,4,41,45,2,7,9,6,18,24
RMMM8GY01T,12,32,44,5,8,13,5,21,26
AVEE837053,8,44,52,2,8,10,17,12,29
BIEE81907V,10,64,74,5,16,21,16,39,55
SAEE8AD02C,4,48,52,0,14,14,6,21,27
VREE81506C,1,46,47,0,11,11,5,14,19
SREE83401P,5,51,56,3,17,20,15,15,30
VEEE85603X,4,64,68,2,11,13,4,26,30
TAMM845013,5,48,53,3,20,23,13,21,34
MEPC032013,32,105,137,3,14,17,16,19,35
MCTD03050D,15,28,43,2,4,6,4,12,16
TVEE868069,7,116,123,1,27,28,10,42,52
NAMM8GJ014,9,21,30,5,6,11,9,7,16
TOEE8BL016,4,75,79,2,18,20,7,28,35
CHEE83603P,1,76,77,0,22,22,7,22,29
NAEE8BE03D,2,67,69,1,25,26,9,17,26
NAEE8ET01G,3,45,48,1,16,17,13,10,23
MEEE84701B,1,44,45,0,8,8,12,13,25
BNEE84602E,1,44,45,0,8,8,12,13,25
RCMM834011,5,20,25,1,5,6,10,12,22
PAMM84002A,15,20,35,3,5,8,14,8,22
MIRC02801A,51,86,137,11,11,22,14,19,33
MEMM886055,13,60,73,3,15,18,16,28,44
AGTL02351V,77,78,155,18,23,41,0,0,0
TAMM832011,8,44,52,1,9,10,13,19,32
BARC05451L,8,44,52,1,9,10,13,19,32
FRTD00101B,17,55,72,1,7,8,4,18,22
TEEE821012,0,42,42,0,14,14,6,20,26
NAMM8EJ01V,11,27,38,2,5,7,10,10,20
PAEE88604V,2,53,55,1,13,14,12,15,27
TOEE137056,6,43,49,0,8,8,7,23,30
BLMM82101D,6,14,20,2,1,3,6,11,17
SRMM85401V,8,34,42,3,14,17,9,15,24
AVEE849015,2,51,53,0,14,14,3,25,28
SATD06901X,31,70,101,4,25,29,15,18,33
LOMM81003R,12,35,47,4,6,10,8,22,30
MEMM83803N,6,24,30,1,6,7,12,13,25
APMM80603T,11,43,54,0,12,12,8,40,48
CNRC002513,28,67,95,2,19,21,0,0,0
MEMM886044,13,60,73,3,15,18,16,28,44
UDPS01301R,85,122,207,6,21,27,10,36,46
PATF03050P,99,89,188,4,17,21,40,18,58
CBEE828048,3,43,46,1,15,16,3,20,23
VIEE81603R,2,49,51,0,5,5,6,20,26
SREE01303R,1,62,63,0,14,14,8,16,24
TOEE837025,1,46,47,0,9,9,9,17,26
NOMM83001R,4,15,19,0,3,3,4,31,35
MOEE846036,5,90,95,2,23,25,6,30,36
RMEE8EU01A,2,76,78,0,30,30,2,23,25
TOTD00352Q,44,90,134,5,13,18,0,0,0
PIEE824038,4,35,39,2,8,10,6,19,25
CEPM02000V,24,129,153,3,13,16,25,12,37
CETF05000Q,70,91,161,9,17,26,19,17,36
FEEE810016,1,53,54,0,14,14,4,23,27
CBEE81801E,1,50,51,0,22,22,8,15,23
CEMM8AG01D,5,24,29,1,8,9,7,12,19
MIEE8FF025,5,59,64,3,13,16,2,20,22
RGEE809026,4,50,54,0,13,13,15,18,33
LEEE70703L,4,50,54,0,13,13,15,18,33
MITD08201A,109,65,174,13,9,22,17,23,40
GORI01101C,41,80,121,6,22,28,10,27,37
RMEE8GF04A,5,81,86,2,25,27,11,22,33
SPEE82102C,2,81,83,0,26,26,5,30,35
CSEE85109D,4,61,65,0,17,17,16,21,37
SRMM811011,9,33,42,1,6,7,10,16,26
CBEE83204X,2,36,38,0,13,13,3,15,18
RMTN010507,2,36,38,0,13,13,3,15,18
BOMM87201N,8,26,34,1,8,9,7,23,30
CARA014547,58,75,133,15,34,49,0,0,0
VIMM843012,7,47,54,0,15,15,3,24,27
SSEE83801D,5,83,88,0,26,26,9,29,38
AQPC012014,25,74,99,8,22,30,4,18,22
VRMM83302R,7,34,41,2,9,11,6,17,23
SARH010009,33,96,129,6,26,32,16,27,43
NAEE8FP02E,0,49,49,0,15,15,11,11,22
BGEE84501C,4,59,63,4,13,17,4,20,24
PGEE84301V,1,40,41,0,13,13,2,21,23
CTPM00101R,24,79,103,4,18,22,14,15,29
TETD00151E,46,101,147,9,19,28,0,0,0
FIEE813011,7,77,84,2,18,20,10,21,31
GRRI008504,41,53,94,6,14,20,0,0,0
PGEE82801R,0,41,41,0,9,9,7,20,27
PAEE10206P,4,64,68,2,28,30,10,8,18
PSMM82701C,13,45,58,1,11,12,5,19,24
BAEE81604E,6,97,103,5,37,42,5,26,31
CTEE825061,3,79,82,2,28,30,8,27,35
BRPS030029,38,58,96,6,8,14,7,17,24
AQTD01301V,29,60,89,4,12,16,8,20,28
FIRC02902L,57,141,198,16,54,70,15,19,34
TPRA012504,75,78,153,18,15,33,0,0,0
RNMM80801D,15,37,52,4,10,14,4,30,34
CZRH05050Q,29,63,92,1,21,22,17,11,28
UDEE83201N,2,48,50,0,9,9,2,22,24
NUTD003013,41,61,102,4,19,23,8,18,26
NAPC40000V,19,54,73,0,0,0,11,12,23
TOEE817031,10,129,139,3,40,43,9,32,41
TOEE887026,4,81,85,1,28,29,11,29,40
RMPM08000B,19,79,98,2,15,17,5,18,23
MSEE822049,4,62,66,1,20,21,4,23,27
NUMM87301X,7,12,19,1,2,3,5,20,25
LEPS014013,7,12,19,1,2,3,5,20,25
AGEE82006C,5,57,62,2,6,8,23,8,31
CHEE81301X,0,37,37,0,8,8,4,16,20
MIEE89902C,5,47,52,2,10,12,4,18,22
PZMM864017,8,24,32,0,4,4,6,21,27
GEEE820044,2,35,37,1,6,7,3,17,20
SSTF010007,105,80,185,18,22,40,14,32,46
CEEE81203D,0,39,39,0,10,10,8,11,19
VREE85702A,3,57,60,0,18,18,6,24,30
TPEE81101T,3,53,56,1,15,16,4,16,20
BOTF024508,49,68,117,8,17,25,0,0,0
LTEE813011,4,77,81,1,24,25,12,26,38
PZEE708013,4,77,81,1,24,25,12,26,38
MNEE81002N,7,102,109,4,34,38,4,39,43
VAEE84002V,2,69,71,0,19,19,2,21,23
VRMM878019,6,24,30,2,5,7,1,32,33
AREE834027,3,66,69,1,22,23,2,24,26
UDMM82302V,13,20,33,1,3,4,5,23,28
LTEE83002Q,2,78,80,1,29,30,13,22,35
CEEE045083,2,63,65,1,21,22,8,10,18
NAMM83101N,2,63,65,1,21,22,8,10,18
SIEE814037,6,64,70,2,11,13,4,26,30
BSMM843018,11,46,57,3,11,14,6,24,30
PZTD017013,21,43,64,0,4,4,11,13,24
VEMM870013,13,29,42,0,7,7,4,26,30
TAMM81203T,6,21,27,2,4,6,10,11,21
VCEE80101C,0,35,35,0,7,7,1,23,24
FOEE030055,1,63,64,0,11,11,1,29,30
CEEE8BA016,0,13,13,0,4,4,4,8,12
FRSL011024,50,81,131,3,23,26,5,22,27
CSTD08050T,33,75,108,2,30,32,14,13,27
CEEE892029,0,29,29,0,8,8,6,16,22
RIEE80604D,1,28,29,0,5,5,5,15,20
MBPS098011,63,71,134,4,11,15,6,25,31
RMEE8AH028,2,91,93,0,31,31,5,26,31
MBTD00701D,33,64,97,2,4,6,4,21,25
VBEE806011,4,52,56,1,14,15,6,29,35
SRMM83401N,19,42,61,4,8,12,15,15,30
RNEE80303D,5,72,77,3,18,21,9,26,35
APEE83002P,1,62,63,0,16,16,7,23,30
NAMM10101Q,1,62,63,0,16,16,7,23,30
TVEE820057,1,76,77,0,13,13,2,31,33
RARC060009,48,86,134,12,19,31,21,22,43
RMMM8DU01P,8,16,24,3,4,7,4,22,26
VAEE86101V,4,53,57,0,15,15,0,19,19
CNMM85201L,8,37,45,2,9,11,3,27,30
SVEE818012,4,56,60,2,13,15,8,19,27
TVEE869021,1,77,78,0,20,20,9,23,32
BARI02601Q,53,84,137,10,16,26,17,25,42
NAEE8BD02L,1,44,45,0,17,17,5,15,20
CLEE81801G,4,53,57,2,12,14,10,12,22
SOEE80605G,2,55,57,2,13,15,7,24,31
AVMM843015,6,22,28,1,6,7,9,12,21
MIMM8FR01E,9,30,39,5,11,16,7,25,32
GEEE817037,1,52,53,0,18,18,5,27,32
MEEE893015,0,32,32,0,15,15,12,12,24
GEPM04001Q,53,138,191,11,44,55,9,27,36
NAPS02601Q,21,97,118,5,21,26,13,12,25
RCMM83502T,4,20,24,1,5,6,11,8,19
BNEE82303V,1,33,34,0,7,7,6,16,22
VCEE809035,6,80,86,4,27,31,9,36,45
CTEE70602E,6,80,86,4,27,31,9,36,45
PZMM88505C,11,20,31,1,2,3,8,20,28
PRMM82302P,15,44,59,5,11,16,7,39,46
CNEE82504C,5,81,86,3,22,25,3,34,37
PVTD03002C,5,81,86,3,22,25,3,34,37
PDEE88401X,7,54,61,1,11,12,7,19,26
ANMM83101T,11,35,46,3,8,11,8,20,28
PREE81005R,2,33,35,0,6,6,6,18,24
TEEE813035,2,70,72,1,22,23,6,23,29
FGEE86802D,1,61,62,0,17,17,19,9,28
NATD05251D,27,66,93,4,13,17,0,0,0
CBMM82704B,8,23,31,3,10,13,6,15,21
POEE80702P,2,47,49,0,6,6,4,27,31
PAEE8A8015,6,45,51,0,12,12,14,11,25
FITD00301P,53,97,150,13,34,47,11,22,33
RCEE854028,3,38,41,0,8,8,11,13,24
GEEE861017,2,58,60,2,5,7,9,17,26
CZEE87105A,1,45,46,0,3,3,9,17,26
PAMM87301L,8,22,30,1,7,8,9,10,19
BGMM80801C,11,28,39,2,4,6,5,11,16
MSEE81001X,11,28,39,2,4,6,5,11,16
BAEE803019,3,76,79,1,27,28,6,12,18
AQEE84601T,2,66,68,1,20,21,2,27,29
PCEE00401D,4,139,143,2,49,51,6,31,37
CETD04000V,20,48,68,3,7,10,11,14,25
UDEE857045,8,73,81,4,26,30,6,23,29
TPTF027012,46,78,124,3,15,18,18,19,37
RMMM8AD01V,6,21,27,1,6,7,7,14,21
ENEE82103T,4,65,69,1,14,15,19,18,37
MOPS00402G,38,70,108,3,8,11,9,22,31
RGPS01000R,18,65,83,0,0,0,15,18,33
LEMM8AN019,5,28,33,3,10,13,10,11,21
GEEE867038,4,70,74,0,12,12,5,39,44
TVRI026515,83,59,142,5,7,12,0,0,0
SARH01004D,83,59,142,5,7,12,0,0,0
BGMM818024,14,46,60,2,12,14,8,27,35
CSEE83201Q,1,36,37,0,5,5,6,6,12
BAEE167005,6,69,75,3,18,21,7,14,21
NAEE8FH02A,2,22,24,0,2,2,13,10,23
PIEE82305E,2,44,46,0,8,8,6,18,24
CSEE84001P,3,20,23,3,5,8,9,10,19
BASL044011,48,111,159,21,46,67,9,20,29
RMMM8GQ01T,15,43,58,3,11,14,2,31,33
LUMM83201R,6,22,28,2,7,9,2,21,23
VVEE83602E,2,15,17,0,1,1,0,0,0
MEMM869017,7,25,32,3,10,13,6,17,23
GRMM80901R,6,20,26,0,4,4,3,25,28
BGEE8AA019,4,50,54,1,12,13,8,17,25
AVPS003018,32,39,71,2,7,9,13,10,23
AGMM85101T,11,16,27,1,3,4,13,7,20
MCTF00401V,75,71,146,10,8,18,15,21,36
FGTN05851D,9,26,35,3,6,9,0,0,0
CAPS050007,31,75,106,1,0,1,10,20,30
VIEE83903D,4,46,50,0,17,17,7,11,18
TOEE89201L,5,74,79,2,20,22,9,24,33
PREE827012,8,74,82,1,20,21,4,30,34
BAMM87201P,8,34,42,1,12,13,3,18,21
SAMM823026,5,10,15,0,0,0,6,9,15
MIMM8A6023,14,41,55,5,10,15,8,24,32
VRRC009011,35,120,155,4,29,33,10,19,29
BAEE80801C,2,28,30,0,11,11,7,8,15
VIEE85903P,6,78,84,4,18,22,3,24,27
CAEE09302Q,4,52,56,1,12,13,6,13,19
PAEE8AJ02B,5,57,62,4,19,23,13,15,28
TOEE886019,1,57,58,0,14,14,9,17,26
RNEE812049,1,27,28,0,5,5,6,21,27
RMEE8GB021,6,95,101,2,31,33,10,31,41
SATD05201E,64,85,149,8,11,19,28,12,40
RMPC12000C,21,59,80,1,2,3,7,16,23
RMEE8EK01P,2,89,91,1,29,30,2,23,25
CZTD002014,27,54,81,2,12,14,12,12,24
SIEE82502L,27,54,81,2,12,14,12,12,24
MNEE82402G,2,68,70,1,19,20,9,26,35
VREE845079,6,66,72,3,13,16,4,38,42
ATEE810018,4,51,55,3,9,12,4,30,34
RMEE8E902E,4,82,86,2,21,23,2,26,28
BOTD02750D,4,82,86,2,21,23,2,26,28
TAEE803012,2,48,50,1,17,18,12,15,27
FRRH030008,32,42,74,4,9,13,22,29,51
VEMM809017,17,31,48,2,3,5,6,30,36
MIEE8CS014,10,90,100,3,31,34,11,21,32
RMEE8FW01L,2,61,63,0,20,20,9,18,27
SSPC07000N,34,62,96,5,12,17,6,16,22
PGMM868016,15,33,48,8,14,22,5,21,26
CHEE83803A,1,64,65,0,19,19,12,17,29
SITD00701A,45,62,107,2,13,15,10,23,33
BSEE89902A,2,55,57,0,13,13,7,17,24
PZEE814017,6,30,36,1,3,4,1,16,17
TAEE866037,4,58,62,1,30,31,8,14,22
PZTD01750B,21,43,64,0,4,4,0,0,0
PZTF006507,34,51,85,3,5,8,0,0,0
RMEE8G303T,4,112,116,1,43,44,5,23,28
ALEE82201D,4,39,43,2,9,11,5,22,27
RMPS07701G,37,61,98,1,12,13,9,15,24
CSTD07250V,31,52,83,0,11,11,0,0,0
VEMM81901T,5,12,17,1,3,4,2,16,18
VEPC00301P,32,84,116,1,3,4,10,26,36
NAMM8AL01C,5,30,35,2,4,6,11,14,25
PAEE04007N,5,30,35,2,4,6,11,14,25
PAEE855025,2,44,46,0,11,11,11,8,19
PAPM04000V,98,175,273,14,29,43,26,27,53
VIEE87602B,1,56,57,0,11,11,10,20,30
AQMM82503T,2,22,24,0,4,4,2,18,20
CSMM8AY01C,10,34,44,1,9,10,11,16,27
RMEE82501A,2,68,70,0,20,20,2,17,19
PRMM83601Q,6,46,52,1,7,8,7,21,28
CNEE85202P,5,64,69,1,19,20,3,27,30
NAMM8CL019,8,39,47,3,13,16,7,17,24
RMEE8DG039,1,63,64,0,17,17,6,19,25
NAEE8CT02B,1,58,59,0,15,15,17,8,25
COEE84302L,1,58,59,0,15,15,17,8,25
NOEE814065,1,58,59,1,21,22,7,26,33
RORA003016,50,62,112,13,20,33,15,34,49
BAMM883026,9,43,52,2,14,16,10,22,32
MIEE8BN027,3,70,73,0,15,15,4,27,31
BGMM863033,11,44,55,5,7,12,4,23,27
NAMM721016,11,44,55,5,7,12,4,23,27
RMEE8C5099,2,72,74,1,20,21,7,24,31
BSMM87701B,13,64,77,2,17,19,8,31,39
VCEE809079,6,80,86,4,27,31,9,36,45
CNEE847027,1,50,51,0,11,11,6,25,31
AGMM813024,15,17,32,1,4,5,10,10,20
RGMM81201X,13,22,35,4,7,11,6,16,22
SVTD00301L,51,77,128,6,22,28,13,19,32
POEE819021,7,97,104,1,24,25,2,37,39
RCMM846017,18,24,42,5,4,9,18,11,29
MBMM8DJ027,7,35,42,1,7,8,1,21,22
TOPS020006,22,51,73,1,0,1,7,18,25
FOTD01050B,27,65,92,0,9,9,8,19,27
TVEE81504P,2,91,93,0,19,19,8,29,37
PAMM820014,11,21,32,2,1,3,11,10,21
PVTD03051R,27,74,101,3,7,10,3,23,26
PZMM88504B,11,20,31,1,2,3,8,20,28
NAEE15808X,0,54,54,0,10,10,8,15,23
PATD01701N,37,36,73,2,4,6,14,10,24
CBTD003015,17,41,58,2,11,13,5,16,21
AQMM83801T,7,14,21,2,4,6,4,14,18
ANEE81603V,3,54,57,0,14,14,4,24,28
TSEE819026,3,28,31,1,0,1,1,20,21
PZEE87002L,2,32,34,0,6,6,3,20,23
RMEE8FF04Q,7,95,102,0,24,24,10,22,32
CSPS25000E,0,13,13,0,4,4,0,0,0
FIRI01201V,110,106,216,5,24,29,22,30,52
UDEE85302Q,1,64,65,1,8,9,2,32,34
SVEE81104A,3,59,62,1,15,16,7,24,31
FOEE822022,1,49,50,0,8,8,8,22,30
NAEE142079,1,58,59,0,18,18,8,11,19
MIEE8DU028,8,102,110,5,30,35,3,28,31
PAMM8A2015,16,53,69,4,15,19,6,12,18
GEEE867049,4,70,74,0,12,12,5,39,44
MIRI00802V,72,66,138,11,14,25,12,23,35
BGTD007012,36,49,85,2,4,6,10,16,26
MEMM88103X,8,25,33,2,7,9,17,10,27
NAEE8DB015,0,24,24,0,6,6,8,11,19
ANPS009016,31,93,124,3,6,9,9,20,29
PDEE86402Q,2,68,70,1,19,20,2,25,27
FIEE85602X,6,71,77,0,15,15,7,16,23
VVPS00201V,28,75,103,2,18,20,23,10,33
SSMM80804Q,12,32,44,4,9,13,4,27,31
TPPS02901G,31,81,112,1,3,4,15,24,39
NOTA00302C,51,91,142,9,41,50,19,18,37
PVEE808041,10,68,78,6,16,22,12,28,40
TEMM826025,14,32,46,5,10,15,8,27,35
MOEE838015,6,38,44,2,8,10,6,15,21
NAEE8GK044,2,44,46,1,8,9,9,19,28
AVEE881055,0,43,43,0,8,8,10,13,23
CTMM81901B,4,17,21,1,6,7,5,16,21
BGEE818025,4,86,90,1,24,25,8,27,35
SSMM80901C,10,17,27,2,4,6,5,12,17
IMEE81801C,0,57,57,0,15,15,3,22,25
CEPS01401G,64,98,162,18,34,52,23,17,40
MBMM831022,10,36,46,2,11,13,9,21,30
PCMM806024,12,23,35,4,4,8,7,20,27
LUEE83301N,2,53,55,1,13,14,4,25,29
BAEE846028,2,49,51,0,18,18,6,13,19
CAEE86603B,1,67,68,0,21,21,6,20,26
VBEE819068,0,62,62,0,15,15,4,29,33
VAMM83201T,7,39,46,3,9,12,6,15,21
PSEE836018,1,44,45,1,11,12,4,23,27
AVTD003014,32,39,71,2,7,9,13,10,23
ANTD02201C,41,81,122,7,21,28,11,27,38
MIEE85403X,3,78,81,1,19,20,7,21,28
FGEE70401L,3,78,81,1,19,20,7,21,28
APEE817017,2,48,50,1,12,13,1,36,37
RMMM8EX01R,19,42,61,5,10,15,5,27,32
MCMM80202L,6,25,31,2,5,7,3,18,21
VEMM804014,5,17,22,1,1,2,7,13,20
RGSD003015,58,110,168,4,20,24,16,20,36
NOMM00800G,13,39,52,4,14,18,0,0,0
TOTD032019,44,120,164,11,16,27,15,30,45
CTEE83801T,0,74,74,0,23,23,6,21,27
VREE88401N,2,67,69,1,12,13,6,20,26
KRTD01201N,46,54,100,1,7,8,17,17,34
MIEE8B4012,6,49,55,1,12,13,9,16,25
CEMM8AU012,11,25,36,3,9,12,7,14,21
CSMM856017,8,10,18,1,2,3,9,9,18
PAEE042024,1,64,65,0,20,20,8,9,17
PVEE800039,3,51,54,0,15,15,9,26,35
VISD020008,26,57,83,7,15,22,5,14,19
NAEE23601L,4,80,84,3,28,31,11,13,24
FRMM83201N,13,34,47,2,9,11,8,28,36
RMMM86501Q,4,27,31,1,9,10,2,23,25
MNEE83001T,3,54,57,1,18,19,5,23,28
PDMM825024,6,30,36,0,3,3,3,24,27
SSEE830031,2,29,31,0,6,6,2,15,17
AQPC040007,10,25,35,0,0,0,0,0,0
CHTA02000X,20,22,42,7,9,16,26,41,67
TREE80401X,2,61,63,0,22,22,4,26,30
IMEE800039,4,45,49,0,4,4,5,21,26
ANMM84101C,6,23,29,0,7,7,7,18,25
RMEE88602V,1,42,43,1,13,14,5,15,20
ARRH01850V,20,40,60,2,10,12,0,0,0
LEEE81903Q,0,50,50,0,11,11,11,12,23
RCEE10004X,7,62,69,2,14,16,11,13,24
PAEE8AT034,4,68,72,1,26,27,15,20,35
VAMM852013,10,41,51,3,10,13,9,23,32
BLMM82002P,13,25,38,2,4,6,10,20,30
SRMM853013,16,31,47,4,13,17,7,20,27
FIEE84302T,2,57,59,1,13,14,7,16,23
BOMM812012,8,29,37,1,8,9,6,19,25
CZMM87401L,8,43,51,1,7,8,7,24,31
SAEE890044,1,35,36,0,9,9,9,11,20
ALEE818052,1,52,53,0,13,13,8,25,33
AVTF07050D,74,75,149,0,12,12,21,16,37
REEE827014,6,57,63,3,16,19,1,25,26
RMEE89401R,3,49,52,0,9,9,4,20,24
SATF027014,38,50,88,5,12,17,12,11,23
ENEE810019,1,38,39,0,6,6,13,8,21
LEMM70701D,1,38,39,0,6,6,13,8,21
RMEE8EU02B,2,76,78,0,30,30,2,23,25
SIRC007013,45,62,107,2,13,15,10,23,33
MEEE822024,0,40,40,0,16,16,6,14,20
TOPS00301D,44,90,134,5,13,18,12,22,34
NAEE8A8029,0,71,71,0,18,18,9,18,27
BOEE81901T,4,48,52,1,8,9,1,26,27
TVEE841025,2,51,53,0,15,15,5,20,25
MIEE8E9011,6,71,77,2,21,23,10,19,29
TOEE89405C,4,61,65,0,13,13,16,31,47
TVSL006016,28,61,89,6,21,27,5,15,20
MBEE8EZ01P,3,64,67,0,14,14,3,29,32
LEPC02901N,3,64,67,0,14,14,3,29,32
CZTL06050V,50,45,95,5,7,12,11,16,27
FEMM80101A,8,18,26,1,5,6,1,24,25
GOTN011011,41,80,121,6,22,28,10,27,37
LEMM31000R,41,80,121,6,22,28,10,27,37
RMMM8G502B,41,80,121,6,22,28,10,27,37
BGEE891027,3,61,64,1,16,17,2,24,26
TOEE86802R,8,51,59,3,15,18,5,24,29
PGPS01401B,52,118,170,11,23,34,11,23,34
LTMM84401G,6,19,25,6,6,12,10,26,36
ALEE80604P,3,44,47,1,7,8,1,27,28
PGEE01701B,3,80,83,0,19,19,5,25,30
RCMM812025,10,31,41,2,7,9,12,16,28
BSEE8AE048,2,43,45,1,7,8,6,29,35
CZEE836042,1,32,33,0,6,6,7,7,14
NAEE8FP04L,0,49,49,0,15,15,11,11,22
TPEE04601T,0,49,49,0,15,15,11,11,22
APEE83203B,1,63,64,0,19,19,4,32,36
MNEE80405D,5,68,73,1,23,24,8,23,31
CNMM847015,5,30,35,4,11,15,6,25,31
BAEE81601B,6,97,103,5,37,42,5,26,31
VIEE88305N,1,105,106,1,24,25,3,37,40
TOPS20000P,29,53,82,0,2,2,0,0,0
RMMM8B301N,5,18,23,1,5,6,3,14,17
SIEE82103A,2,40,42,0,8,8,6,18,24
PAEE8AC023,4,57,61,2,17,19,7,19,26
CNEE81005Q,3,37,40,1,6,7,5,22,27
RMEE835011,6,67,73,2,25,27,4,20,24
CHEE81001C,2,43,45,0,14,14,5,16,21
NAPC39000D,20,75,95,0,0,0,14,11,25
VREE815028,1,46,47,0,11,11,5,14,19
CEEE88303G,3,66,69,1,18,19,14,15,29
REEE814034,3,43,46,0,9,9,6,26,32
NAEE8BE01B,2,67,69,1,25,26,9,17,26
BGEE87203V,4,60,64,2,14,16,3,28,31
RCMM834033,5,20,25,1,5,6,10,12,22
BSEE88502C,2,74,76,0,16,16,7,22,29
PAEE84003C,3,28,31,2,3,5,14,8,22
RMEE805026,1,55,56,0,11,11,3,18,21
SAPM10000V,5,7,12,1,3,4,4,3,7
RGEE824039,4,37,41,1,9,10,5,17,22
FIMM863011,6,37,43,2,8,10,6,24,30
POPC02000C,5,4,9,0,0,0,0,0,0
CSPS210004,11,40,51,0,1,1,8,9,17
PDEE87202P,2,39,41,0,10,10,8,16,24
MNMM80101R,9,15,24,3,2,5,4,19,23
RCEE841015,2,30,32,2,4,6,12,11,23
MBMM8EW016,13,25,38,5,6,11,8,19,27
MTEE811075,3,32,35,0,2,2,9,13,22
AGRC02303T,77,78,155,18,23,41,34,10,44
PAEE830094,5,33,38,0,3,3,11,13,24
TAEE832023,2,68,70,1,20,21,13,19,32
PZEE874075,1,62,63,1,11,12,3,27,30
FRTA00301L,38,84,122,7,17,24,6,23,29
NAEE8B302R,2,77,79,1,31,32,10,17,27
COEE81304V,2,57,59,1,14,15,3,22,25
SAEE8A702X,0,32,32,0,9,9,10,12,22
PCEE81107T,3,34,37,1,6,7,4,30,34
AVMM83701T,23,31,54,4,5,9,17,12,29
SAEE8AD01B,23,31,54,4,5,9,17,12,29
SATE06901B,31,70,101,4,25,29,15,18,33
APEE806051,3,70,73,0,19,19,8,40,48
CAEE854013,2,35,37,1,5,6,3,15,18
MEEE83807V,2,39,41,0,2,2,12,13,25
SRMM82801A,3,35,38,2,10,12,8,20,28
PNRI00601V,72,116,188,10,33,43,20,28,48
UDTF01301V,85,122,207,6,21,27,10,36,46
SVEE81705A,5,59,64,3,16,19,10,26,36
TVEE868014,7,116,123,1,27,28,10,42,52
PATF030009,99,89,188,4,17,21,40,18,58
BGRH020009,35,46,81,6,15,21,22,15,37
BAEE01707E,35,46,81,6,15,21,22,15,37
PIEE83504Q,5,87,92,3,28,31,5,32,37
NARC104018,24,100,124,3,32,35,8,12,20
BAEE846017,2,49,51,0,18,18,6,13,19
SSEE85301G,3,30,33,0,7,7,2,13,15
VVEE82206R,3,67,70,0,12,12,18,12,30
CNEE83105R,5,69,74,2,12,14,6,30,36
MEEE886034,1,72,73,1,17,18,16,28,44
PIEE824049,4,35,39,2,8,10,6,19,25
CSEE88901G,5,50,55,1,15,16,10,9,19
ATMM80502R,9,35,44,4,7,11,5,21,26
CSEE8AF02V,4,31,35,0,8,8,6,10,16
CEEE8AG02G,0,37,37,0,7,7,7,12,19
AGEE84002D,3,38,41,1,3,4,14,10,24
CNEE86503T,3,71,74,0,26,26,4,35,39
SSEE82010P,4,54,58,1,10,11,10,25,35
BRMM812015,13,40,53,4,16,20,12,14,26
BAMM83601G,11,30,41,0,10,10,5,18,23
PNMM81601P,8,24,32,1,5,6,7,18,25
MNTD00750D,56,82,138,7,17,24,0,0,0
SAMM816012,11,15,26,1,3,4,5,12,17
NUMM84104G,5,20,25,1,2,3,7,20,27
MIMM8B4011,7,51,58,1,13,14,9,16,25
CTRH004011,71,78,149,6,31,37,18,26,44
UDEE851013,2,52,54,0,14,14,5,27,32
UDEE84703D,4,66,70,1,24,25,2,28,30
TEEE83807N,2,60,62,0,16,16,11,26,37
BLMM82501R,6,13,19,0,2,2,5,24,29
FREE83203R,0,68,68,0,17,17,8,28,36
PAEE10304C,3,35,38,1,9,10,8,7,15
VREE89301C,6,58,64,2,9,11,4,21,25
SAEE88001A,0,21,21,0,5,5,4,13,17
MIEE8FF014,5,59,64,3,13,16,2,20,22
POMM81501G,11,48,59,0,10,10,2,29,31
FREE836012,1,51,52,1,11,12,5,20,25
MIRA083508,45,70,115,6,23,29,0,0,0
MIEE8BE02V,2,60,62,1,13,14,6,22,28
VIEE82401N,5,66,71,3,12,15,4,23,27
RMEE8GF039,5,81,86,2,25,27,11,22,33
BRPS030007,38,58,96,6,8,14,7,17,24
CTEE89103R,4,66,70,1,24,25,11,18,29
AGMM85901C,6,26,32,1,7,8,15,12,27
FIRC02903N,57,141,198,16,54,70,15,19,34
AVTD02350N,28,83,111,0,12,12,0,0,0
PGMM70202Q,28,83,111,0,12,12,0,0,0
ENMM81901P,8,36,44,3,13,16,14,11,25
PVMM80401D,10,35,45,4,9,13,6,31,37
PDEE85103P,2,84,86,0,18,18,6,30,36
VIEE843035,1,64,65,0,15,15,3,24,27
CSMM87502N,13,35,48,1,9,10,18,10,28
AQRC007018,65,94,159,15,41,56,16,25,41
CHRI00701A,38,68,106,12,25,37,16,39,55
CSEE874041,5,33,38,0,7,7,10,13,23
BOEE81902V,4,48,52,1,8,9,1,26,27
REEE834039,6,103,109,2,31,33,8,25,33
MIEE89901B,5,47,52,2,10,12,4,18,22
CSMM84001N,2,16,18,0,2,2,9,10,19
CAPC050004,13,47,60,0,3,3,6,12,18
CZEE869016,1,66,67,0,12,12,17,17,34
MIEE8C502D,20,113,133,8,32,40,9,18,27
TPMM81101R,5,25,30,1,12,13,4,16,20
TOMM89801E,13,45,58,7,16,23,10,29,39
CZRH05000A,29,63,92,1,21,22,17,11,28
LTEE84503E,2,41,43,1,18,19,5,21,26
RGRH020016,63,77,140,13,28,41,36,34,70
ATMM003004,21,76,97,4,19,23,6,19,25
MEEE83207X,1,53,54,0,5,5,9,18,27
LIRC00801G,60,155,215,16,52,68,6,34,40
SRTD02451T,43,67,110,0,9,9,0,0,0
TVTF02601L,83,59,142,5,7,12,14,29,43
LEPC01401X,83,59,142,5,7,12,14,29,43
VTEE82501C,2,51,53,0,16,16,9,14,23
FGMM84501P,15,28,43,1,4,5,13,10,23
SAEE8BM012,1,41,42,0,13,13,10,11,21
RMTE027517,22,62,84,4,21,25,0,0,0
LUEE84004X,3,63,66,1,18,19,2,25,27
CSTD08000C,33,75,108,2,30,32,14,13,27
MBRI104018,44,46,90,6,13,19,16,15,31
UDEE823086,2,55,57,0,5,5,5,23,28
APEE83003Q,1,62,63,0,16,16,7,23,30
LTEE83306B,3,78,81,2,25,27,7,28,35
TVEE820046,1,76,77,0,13,13,2,31,33
PCTF00601P,99,112,211,8,12,20,20,47,67
RARC06050P,48,86,134,12,19,31,21,22,43
SREE840012,3,57,60,1,21,22,15,19,34
BGEE82801P,3,31,34,0,5,5,2,12,14
SIEE814026,6,64,70,2,11,13,4,26,30
NAMM8EK01P,14,53,67,5,16,21,10,9,19
VAEE88005C,5,65,70,1,12,13,8,20,28
PZRC00901R,29,43,72,2,7,9,9,15,24
NAMM8E901D,6,49,55,0,15,15,8,16,24
IMEE80301P,2,58,60,1,15,16,5,18,23
APRI011023,94,90,184,5,15,20,20,35,55
VEEE863033,2,71,73,0,13,13,5,31,36
GEPM04000P,53,138,191,11,44,55,9,27,36
FRRI01101B,50,81,131,3,23,26,5,22,27
TOEE8BD034,18,115,133,12,34,46,10,27,37
SATF04601D,60,65,125,2,11,13,16,18,34
BNMM82302R,5,23,28,0,6,6,6,16,22
SVEE80702L,7,69,76,4,20,24,11,27,38
CTMM70502N,7,69,76,4,20,24,11,27,38
NAEE814044,7,69,76,4,20,24,11,27,38
PRMM82303Q,15,44,59,5,11,16,7,39,46
CNEE82502A,5,81,86,3,22,25,3,34,37
NAMM8B201V,7,21,28,1,6,7,7,7,14
BGEE84302T,2,62,64,0,12,12,6,22,28
ANEE83101V,3,57,60,1,14,15,8,20,28
CSEE80904T,0,22,22,0,4,4,7,9,16
BORF02701G,51,103,154,11,26,37,11,22,33
CLEE001006,0,60,60,0,17,17,12,11,23
NAMM10100P,11,64,75,1,10,11,3,16,19
TEEE813024,2,70,72,1,22,23,6,23,29
NAEE8EC02L,3,55,58,1,17,18,12,9,21
BSTD038016,66,122,188,7,21,28,8,33,41
NARC05201R,27,66,93,4,13,17,16,12,28
RIEE810034,2,31,33,1,7,8,4,20,24
MOEE846014,5,90,95,2,23,25,6,30,36
TVEE869043,5,90,95,2,23,25,6,30,36
BSRI01251R,65,147,212,4,17,21,0,0,0
REEE85302N,5,65,70,1,19,20,7,17,24
SOMM80602B,16,32,48,6,7,13,7,24,31
AVEE84310L,3,34,37,1,1,2,9,12,21
BAMM84501A,10,32,42,2,12,14,6,17,23
CNMM826036,14,30,44,5,8,13,6,30,36
MEMM893014,11,62,73,2,14,16,12,12,24
BAMM803018,0,10,10,0,4,4,6,12,18
NAMM8CT019,7,31,38,5,7,12,17,8,25
RMEE8C409D,5,38,43,2,10,12,1,22,23
PTEE81004A,2,50,52,1,17,18,3,31,34
NOEE80904G,1,62,63,0,15,15,8,26,34
CETD040508,20,48,68,3,7,10,11,14,25
NOMM82201T,9,25,34,4,8,12,8,19,27
MOTD006012,47,89,136,11,19,30,9,28,37
AGEE84401Q,47,89,136,11,19,30,9,28,37
VIEE877016,7,73,80,2,23,25,5,25,30
MOMM82001V,8,31,39,2,9,11,6,23,29
CTEE84101N,2,48,50,1,19,20,11,13,24
PNMM81801A,8,29,37,3,4,7,4,18,22
MNTD01000X,22,48,70,1,6,7,7,15,22
PAEE892013,4,95,99,2,33,35,15,19,34
NAMM8FH018,15,45,60,3,6,9,13,10,23
RMEE8GQ02X,1,67,68,1,29,30,2,31,33
NAEE8DH036,2,48,50,1,18,19,14,5,19
TSEE819037,3,28,31,1,0,1,1,20,21
GRTF00801L,41,53,94,6,14,20,7,12,19
POEE80802E,10,72,82,2,18,20,5,35,40
MIMM8BN015,11,33,44,4,9,13,4,27,31
FIPS00301V,53,97,150,13,34,47,11,22,33
AGEE85102X,0,35,35,0,9,9,13,7,20
MCPM007019,12,29,41,1,1,2,4,8,12
LCEE81404C,5,93,98,1,24,25,3,27,30
TEEE83804E,2,60,62,0,16,16,11,26,37
VAEE82502R,5,35,40,3,6,9,2,19,21
FIMM82101V,7,38,45,2,10,12,8,27,35
VIEE85203X,1,36,37,1,6,7,4,23,27
PGEE04212L,4,84,88,0,23,23,1,29,30
MIEE8DR01A,3,46,49,1,13,14,5,18,23
BRPM04000V,17,61,78,2,6,8,4,14,18
VTEE81102G,2,58,60,0,15,15,6,24,30
FIRC02901G,2,58,60,0,15,15,6,24,30
PSMM832032,18,40,58,6,12,18,5,35,40
RNEE80803L,5,83,88,2,18,20,4,30,34
LIEE07501A,5,83,88,2,18,20,4,30,34
NUTD00351C,41,61,102,4,19,23,0,0,0
TEEE834047,0,57,57,0,24,24,2,26,28
BLMM830018,4,29,33,1,8,9,6,23,29
PEEE82102C,0,38,38,0,10,10,9,10,19
PREE814021,6,58,64,2,12,14,10,21,31
SSEE83903B,4,53,57,2,11,13,10,17,27
TOEE88503G,5,51,56,2,15,17,9,19,28
GREE80901T,1,52,53,0,11,11,3,25,28
FGEE871029,1,44,45,0,16,16,7,12,19
MIEE8AS03T,7,62,69,3,14,17,1,27,28
TOEE8BS06G,2,71,73,0,15,15,12,27,39
RIEE82704E,5,97,102,2,33,35,6,28,34
TOEE846031,3,55,58,1,8,9,8,30,38
CSEE899049,3,32,35,1,7,8,10,11,21
RMMM8FU01X,9,36,45,4,8,12,4,23,27
ATEE81004B,4,51,55,3,9,12,4,30,34
FEEE80501P,1,41,42,0,8,8,4,20,24
CSMM8AL019,10,36,46,0,14,14,12,19,31
RMRC05301G,29,76,105,4,28,32,8,21,29
AREE83902A,3,78,81,0,29,29,8,28,36
CERH01450N,64,98,162,18,34,52,0,0,0
FIEE83702E,4,53,57,0,7,7,7,17,24
LOEE80503A,4,62,66,2,14,16,4,24,28
MNMM818016,7,29,36,4,9,13,4,22,26
CLEE701019,7,29,36,4,9,13,4,22,26
RMEE8G401G,0,31,31,0,7,7,6,11,17
LUEE81302D,2,42,44,1,9,10,2,22,24
UDEE830045,2,83,85,1,17,18,5,30,35
SAPS02401E,26,53,79,0,13,13,6,16,22
RMEE8EK02Q,2,89,91,1,29,30,2,23,25
PAEE04001B,2,89,91,1,29,30,2,23,25
VIEE885048,4,67,71,1,13,14,5,23,28
CNRI00350E,79,128,207,11,36,47,0,0,0
TOEE86201R,6,75,81,0,23,23,6,34,40
GEEE833024,2,63,65,0,15,15,3,19,22
FRRH030019,2,63,65,0,15,15,3,19,22
CEEE8AU024,2,58,60,1,12,13,7,14,21
PCSL00750N,42,115,157,6,26,32,0,0,0
PCEE815031,2,63,65,0,15,15,8,20,28
PVEE80007D,3,51,54,0,15,15,9,26,35
RMEE8AQ03T,2,71,73,1,24,25,6,22,28
BSEE899019,2,55,57,0,13,13,7,17,24
SSEE83001V,2,29,31,0,6,6,2,15,17
CRRA00201E,67,64,131,15,19,34,34,51,85
CSRC029011,32,88,120,2,14,16,18,20,38
CHSD070002,19,50,69,10,26,36,0,0,0
IMEE80009G,4,45,49,0,4,4,5,21,26
LTEE841015,1,56,57,0,24,24,7,17,24
MCEE81501P,2,55,57,2,13,15,2,28,30
BNTD02250N,61,71,132,5,14,19,0,0,0
VAMM852035,10,41,51,3,10,13,9,23,32
PCTF00101G,35,85,120,4,10,14,7,22,29
RIEE81901C,1,28,29,0,6,6,4,23,27
ALPS001011,33,70,103,5,3,8,5,24,29
BAEE82401A,1,39,40,0,19,19,6,12,18
PAPM07000P,40,113,153,5,35,40,15,18,33
BNMM85202R,6,23,29,1,5,6,8,16,24
VAEE874033,1,62,63,1,11,12,10,23,33
NAEE15803P,0,54,54,0,10,10,8,15,23
ROEE80701B,4,58,62,0,17,17,6,28,34
TATD01250D,27,81,108,4,25,29,0,0,0
CSEE802043,4,36,40,0,7,7,12,11,23
LTMM84801V,9,46,55,2,8,10,8,18,26
BNEE81206G,3,25,28,1,4,5,10,12,22
PZEE87001G,2,32,34,0,6,6,3,20,23
AVEE86601V,2,57,59,0,14,14,9,18,27
AGEE856012,2,49,51,0,19,19,16,9,25
FGEE02901V,2,69,71,0,23,23,9,10,19
MIMM8E901X,9,45,54,2,6,8,10,19,29
MTMM107003,9,45,54,2,6,8,10,19,29
PNMM827015,4,38,42,1,7,8,3,25,28
VREE896021,7,98,105,3,25,28,7,33,40
COMM802018,10,27,37,1,7,8,4,15,19
FGEE85801T,1,72,73,0,19,19,8,19,27
PDEE897012,0,47,47,0,7,7,4,18,22
RGEE80203C,1,40,41,0,6,6,10,15,25
MBEE8DJ028,6,49,55,1,9,10,1,21,22
NOEE80801L,4,51,55,1,17,18,8,21,29
AGTD002012,4,51,55,1,17,18,8,21,29
VVTN00201L,28,75,103,2,18,20,23,10,33
LUEE83401D,2,45,47,0,12,12,4,19,23
PVEE80801T,10,68,78,6,16,22,12,28,40
BGEE82403D,3,71,74,1,14,15,5,22,27
BAEE16300T,3,52,55,1,9,10,10,10,20
VREE85001E,0,54,54,0,11,11,5,21,26
MBEE831023,1,71,72,0,16,16,9,21,30
BGMM870036,14,32,46,5,6,11,3,20,23
PARI02250V,39,77,116,4,14,18,0,0,0
VIEE88203Q,2,58,60,0,12,12,8,17,25
VAMM831012,11,47,58,2,20,22,5,25,30
RCTD01101N,34,68,102,4,24,28,9,16,25
COEE846013,6,56,62,3,12,15,4,22,26
MEPM010009,36,100,136,7,21,28,12,16,28
ANTD02251T,41,81,122,7,21,28,0,0,0
COEE85004T,1,33,34,0,6,6,4,25,29
RCEE71601G,1,33,34,0,6,6,4,25,29
CLTL00651D,68,82,150,6,16,22,0,0,0
FREE82005L,1,37,38,1,5,6,5,17,22
BOMM82901B,4,16,20,1,5,6,5,14,19
MCEE80304G,0,27,27,0,4,4,6,15,21
FREE80803X,2,61,63,2,21,23,4,27,31
CTMM85301V,9,37,46,2,10,12,10,18,28
PREE819024,3,45,48,1,19,20,1,23,24
PIMM829018,9,38,47,4,11,15,7,27,34
MIMM8DR019,13,37,50,3,13,16,5,18,23
SIEE80901N,4,41,45,2,7,9,6,18,24
RMEE8GZ01P,4,46,50,2,12,14,4,22,26
NAMM8DB014,5,28,33,3,6,9,8,11,19
PDEE86404T,2,68,70,1,19,20,2,25,27
IMEE81706T,1,55,56,0,11,11,6,23,29
CTEE8AE037,1,55,56,0,11,11,6,23,29
IMMM04500Q,1,55,56,0,11,11,6,23,29
AVTD01402G,1,55,56,0,11,11,6,23,29
NATD06701T,70,178,248,21,84,105,22,25,47
TREE00100C,2,105,107,0,34,34,5,20,25
FETL00901R,31,68,99,2,12,14,8,30,38
NUTD019512,45,58,103,2,8,10,0,0,0
AVEE881022,0,43,43,0,8,8,10,13,23
TOEE8BL038,4,75,79,2,18,20,7,28,35
TEMM833017,17,41,58,7,15,22,5,33,38
CSEE85604B,3,37,40,0,5,5,9,9,18
BOEE839013,2,25,27,1,5,6,7,16,23
RAEE82802E,5,44,49,1,13,14,1,27,28
TOEE838032,2,49,51,1,14,15,5,24,29
BNMM84601C,6,13,19,2,2,4,7,9,16
TOEE88502E,5,51,56,2,15,17,9,19,28
VITA01000L,43,49,92,0,2,2,11,21,32
PSMM836028,10,19,29,3,4,7,4,23,27
NAEE23600G,4,80,84,3,28,31,11,13,24
RMEE86501R,2,69,71,1,27,28,2,23,25
FGMM15400A,2,69,71,1,27,28,2,23,25
LUEE82103D,2,24,26,0,2,2,2,15,17
UDEE84203A,1,73,74,1,18,19,6,24,30
PAEE8AT023,4,68,72,1,26,27,15,20,35
PCMM81102G,4,18,22,0,2,2,4,30,34
CLEE80404R,0,50,50,0,8,8,13,11,24
SRMM853024,16,31,47,4,13,17,7,20,27
TOEE87802B,4,53,57,2,16,18,7,24,31
MNEE82401E,2,68,70,1,19,20,9,26,35
VREE88402P,2,67,69,1,12,13,6,20,26
PSEE810047,2,32,34,0,9,9,2,17,19
ARMM818017,5,24,29,2,6,8,8,26,34
VIEE81501V,3,48,51,0,12,12,6,16,22
CTEE88201X,5,49,54,1,22,23,7,18,25
AVTD03050R,27,84,111,3,11,14,12,23,35
SARI027028,38,50,88,5,12,17,12,11,23
RMPS07201C,44,94,138,9,14,23,16,24,40
PGEE868028,3,70,73,0,25,25,5,21,26
CAEE82304E,0,27,27,0,7,7,7,10,17
MNEE830041,3,54,57,1,18,19,5,23,28
ISEE82204C,6,69,75,3,26,29,7,23,30
MIMM880019,7,16,23,6,3,9,2,25,27
CAMM8AB01X,8,36,44,1,7,8,1,26,27
CEEE8AG01E,0,37,37,0,7,7,7,12,19
FEEE80105G,2,40,42,1,12,13,1,24,25
GOTH01101R,41,80,121,6,22,28,10,27,37
LTEE80302B,0,39,39,0,16,16,9,11,20
NAEE8DT011,2,63,65,0,29,29,13,12,25
MIEE8D4017,7,91,98,3,28,31,9,23,32
TSEE81203C,4,65,69,1,12,13,7,16,23
VATA00801X,146,129,275,15,29,44,26,39,65
VERI00401V,61,72,133,17,21,38,12,21,33
RMEE8G501B,3,62,65,0,22,22,3,20,23
BGEE891016,3,61,64,1,16,17,2,24,26
SAEE8BY04C,1,34,35,0,7,7,9,11,20
BSEE82002N,4,30,34,0,5,5,4,13,17
TOEE86801Q,8,51,59,3,15,18,5,24,29
FIEE84301R,2,57,59,1,13,14,7,16,23
NAMM8AK01L,5,20,25,1,3,4,8,14,22
BOEE812035,5,57,62,1,10,11,6,19,25
REEE82606D,1,39,40,1,4,5,1,22,23
BOEE870024,2,101,103,0,21,21,4,30,34
TVMM85002V,8,30,38,1,5,6,4,24,28
FREE836023,1,51,52,1,11,12,5,20,25
CARC00201B,57,142,199,21,66,87,17,26,43
VTRH01202N,47,74,121,5,20,25,12,22,34
PAEE86101B,8,64,72,3,28,31,13,11,24
MTTD004014,18,49,67,3,7,10,11,12,23
TSEE818019,4,29,33,0,2,2,7,25,32
RMMM84001B,6,21,27,4,6,10,3,22,25
CZMM83603X,4,11,15,0,2,2,7,7,14
ALEE81801T,1,52,53,0,13,13,8,25,33
RMEE82502B,2,68,70,0,20,20,2,17,19
CSEE879022,5,71,76,3,21,24,9,21,30
APEE83202A,1,63,64,0,19,19,4,32,36
TRPS00901G,25,83,108,0,10,10,5,23,28
TVRI00601E,28,61,89,6,21,27,5,15,20
SAEE896032,1,66,67,1,13,14,7,15,22
TOPS190009,38,76,114,5,10,15,5,23,28
VIEE88304L,1,105,106,1,24,25,3,37,40
CNMM81402V,4,21,25,1,3,4,6,21,27
TORI06902A,43,50,93,3,4,7,16,25,41
CNMM81004N,9,24,33,1,7,8,5,22,27
RMMM83501X,14,39,53,4,12,16,4,20,24
VTEE81603Q,5,53,58,1,17,18,3,24,27
ALSD00101B,33,70,103,5,3,8,5,24,29
LOEE81703L,2,101,103,0,28,28,7,36,43
TOPS01000G,29,73,102,0,6,6,5,25,30
ALEE80602L,3,44,47,1,7,8,1,27,28
RCEE81002E,2,47,49,0,3,3,13,13,26
PDMM85101G,12,45,57,0,10,10,6,30,36
NAEE361016,1,69,70,1,24,25,8,12,20
CEEE88302E,3,66,69,1,18,19,14,15,29
KRMM80801L,3,18,21,0,3,3,14,4,18
ALEE811013,2,29,31,1,4,5,7,17,24
BSEE88501B,2,74,76,0,16,16,7,22,29
SAMM8AJ02X,6,13,19,1,1,2,6,9,15
AGMM821012,11,29,40,2,5,7,11,13,24
CHMM81402Q,8,21,29,1,8,9,2,15,17
CSPS20000D,16,54,70,3,12,15,10,10,20
SVMM811027,11,41,52,2,12,14,7,24,31
MIMM8C501B,13,32,45,2,7,9,9,18,27
PZMM87401T,12,27,39,2,3,5,3,27,30
SIMM821028,10,23,33,1,4,5,6,18,24
TREE810017,4,39,43,1,8,9,2,21,23
COEE81302R,2,57,59,1,14,15,3,22,25
PATD037518,40,125,165,7,56,63,0,0,0
LCTF00901C,66,65,131,0,1,1,21,24,45
MBEE830027,4,74,78,3,18,21,6,22,28
FOEE030044,1,63,64,0,11,11,1,29,30
PZPS040007,22,84,106,0,2,2,15,23,38
PNTF00601Q,72,116,188,10,33,43,20,28,48
VEEE856041,4,64,68,2,11,13,4,26,30
FIEE83601N,5,57,62,0,13,13,5,22,27
BGRH02050P,35,46,81,6,15,21,22,15,37
NAEE8BE02C,2,67,69,1,25,26,9,17,26
SSEE80901D,2,30,32,1,3,4,5,12,17
CRMM80501V,18,48,66,4,17,21,5,41,46
NATE104013,24,100,124,3,32,35,8,12,20
RCEE834023,1,30,31,0,5,5,10,12,22
SSMM85301E,4,14,18,0,4,4,2,13,15
BGEE81901X,4,62,66,1,9,10,8,18,26
RGMM82801D,16,38,54,5,9,14,9,19,28
AGRC02301Q,77,78,155,18,23,41,34,10,44
CSEE8AF03X,4,31,35,0,8,8,6,10,16
NAEE8GB011,1,45,46,0,9,9,5,12,17
IMPM009017,38,104,142,6,16,22,10,24,34
GOEE81001V,1,36,37,1,6,7,1,26,27
CHEE83005T,2,42,44,0,10,10,5,23,28
BAEE82801N,2,61,63,1,25,26,9,20,29
RMMM8AH016,16,32,48,4,7,11,5,26,31
CNEE820049,0,31,31,0,3,3,5,22,27
VBEE814043,6,57,63,2,13,15,6,26,32
UDTF01302X,85,122,207,6,21,27,10,36,46
NUMM84103E,5,20,25,1,2,3,7,20,27
SREE80102C,1,36,37,0,9,9,8,13,21
SAEE8BY02A,1,34,35,0,7,7,9,11,20
NOEE83001T,2,99,101,0,25,25,4,31,35
AVMM880014,12,26,38,4,7,11,11,19,30
FGMM82901R,7,35,42,2,8,10,18,5,23
FIEE86602E,2,62,64,0,12,12,6,27,33
VAMM880028,6,39,45,2,6,8,8,20,28
SAEE86301L,0,29,29,0,6,6,9,11,20
VREE894029,2,61,63,1,13,14,5,23,28
CBMM81701N,2,11,13,1,2,3,0,0,0
MIRA08301X,45,70,115,6,23,29,14,16,30
VIEE82402P,5,66,71,3,12,15,4,23,27
GREE831046,5,66,71,3,12,15,4,23,27
MNTD007015,56,82,138,7,17,24,14,29,43
SSEE83804L,5,83,88,0,26,26,9,29,38
MIPM11000D,47,121,168,4,8,12,15,14,29
MNEE83003X,3,54,57,1,18,19,5,23,28
CHTD007011,38,68,106,12,25,37,16,39,55
CTMM88301P,10,24,34,4,9,13,3,13,16
SPRA01101V,49,105,154,9,14,23,9,31,40
LIEE002103,49,105,154,9,14,23,9,31,40
CSMM829031,9,22,31,2,3,5,12,13,25
BOEE88002P,4,59,63,1,13,14,2,25,27
SSEE84504Q,4,58,62,0,22,22,1,26,27
LEPM02901T,4,58,62,0,22,22,1,26,27
SAEE88002B,0,21,21,0,5,5,4,13,17
CTEE825072,3,79,82,2,28,30,8,27,35
PGEE03203G,1,65,66,0,23,23,2,24,26
AVPM02302G,28,83,111,0,12,12,8,16,24
CZRH04000Q,33,69,102,6,27,33,27,45,72
BOEE834032,3,75,78,1,13,14,5,32,37
CAEE038049,3,73,76,0,18,18,4,17,21
SRTH02451G,43,67,110,0,9,9,0,0,0
ALEE831029,2,71,73,0,17,17,4,23,27
CSEE87501N,4,61,65,2,14,16,18,10,28
TOEE8AP053,6,87,93,2,26,28,10,32,42
LEEE85101D,2,51,53,1,13,14,19,8,27
MTPM00101T,41,68,109,7,9,16,11,17,28
REEE84004N,5,94,99,1,35,36,4,33,37
VTMM82501B,12,24,36,1,10,11,9,14,23
CTRA01101X,42,69,111,3,16,19,13,13,26
AREE82904T,1,48,49,0,10,10,2,23,25
NAMM8DH013,11,23,34,8,6,14,14,5,19
BGEE8AA02A,4,50,54,1,12,13,8,17,25
REEE834017,6,103,109,2,31,33,8,25,33
RAMM816027,4,22,26,3,3,6,6,19,25
MCPS003011,21,68,89,3,13,16,5,17,22
TVEE85903B,1,37,38,0,9,9,9,22,31
RCMM804015,8,33,41,1,14,15,19,16,35
CAPC08000X,26,47,73,3,7,10,0,0,0
BSMM8AM018,15,31,46,4,5,9,12,15,27
RMTE02701T,22,62,84,4,21,25,9,14,23
LUEE84003V,3,63,66,1,18,19,2,25,27
TOEE84902B,5,42,47,2,8,10,5,25,30
LITD008529,60,155,215,16,52,68,0,0,0
VRTF00701V,53,90,143,8,24,32,11,22,33
FREE82602C,2,55,57,0,19,19,7,23,30
BAMM80802C,5,15,20,2,3,5,7,8,15
AQEE83405Q,0,54,54,0,16,16,13,19,32
SREE840034,3,57,60,1,21,22,15,19,34
BGEE82803R,3,31,34,0,5,5,2,12,14
LOEE80402D,0,61,61,0,9,9,4,23,27
PZPS01901V,17,49,66,0,2,2,12,11,23
APRI01150A,94,90,184,5,15,20,0,0,0
TAEE832012,2,68,70,1,20,21,13,19,32
CSTD07000T,22,27,49,0,5,5,13,10,23
SATL046502,60,65,125,2,11,13,0,0,0
RMPC030006,37,117,154,11,36,47,9,22,31
MBTF104015,44,46,90,6,13,19,16,15,31
RNEE80202L,3,22,25,0,5,5,5,16,21
SAEE8AZ03L,4,56,60,2,15,17,7,25,32
BGPM010002,53,103,156,4,13,17,8,21,29
CZEE842027,2,35,37,0,6,6,6,15,21
VEMM825048,14,39,53,4,7,11,5,38,43
BGEE84301R,2,62,64,0,12,12,6,22,28
PSPC018014,15,47,62,0,1,1,8,14,22
CHEE809029,1,33,34,0,7,7,3,15,18
VVEE822113,3,67,70,0,12,12,18,12,30
MEMM886022,13,60,73,3,15,18,16,28,44
BOMM36200N,13,60,73,3,15,18,16,28,44
MIEE8CS036,10,90,100,3,31,34,11,21,32
RMEE8BS012,1,13,14,0,2,2,4,9,13
NOEE81605Q,1,89,90,1,30,31,11,31,42
BNTF01050N,73,73,146,3,10,13,19,18,37
VEEE86102A,6,71,77,1,16,17,0,30,30
SAEE8BA04N,0,66,66,0,11,11,12,19,31
MIEE8ET012,7,52,59,4,10,14,5,20,25
SVEE818034,4,56,60,2,13,15,8,19,27
RIEE810023,2,31,33,1,7,8,4,20,24
TVMM86901V,11,37,48,2,10,12,9,23,32
TPEE82005R,2,67,69,1,14,15,11,11,22
VAMM81301C,3,27,30,2,6,8,4,18,22
NAEE8BD03N,1,44,45,0,17,17,5,15,20
BSEE84801C,2,47,49,0,7,7,4,23,27
SOMM80603C,16,32,48,6,7,13,7,24,31
TAEE867022,2,45,47,1,14,15,9,19,28
BAEE84501B,2,64,66,1,19,20,6,17,23
PAEE84301T,3,46,49,0,10,10,12,14,26
AQRH01050N,11,16,27,0,3,3,23,29,52
NAEE8E902G,3,65,68,2,27,29,8,16,24
CNMM825029,9,50,59,4,13,17,3,34,37
GEPS01000T,10,19,29,1,6,7,0,0,0
NAEE8CT04D,1,58,59,0,15,15,17,8,25
SREE811012,1,43,44,1,14,15,10,16,26
AVEE873023,1,46,47,0,7,7,10,18,28
BAEE83601L,1,60,61,0,15,15,5,18,23
MEMM81702G,5,23,28,1,7,8,2,15,17
AVEE87401T,0,27,27,0,4,4,5,14,19
CNEE825019,5,81,86,3,22,25,3,34,37
AGEE84402R,1,41,42,0,9,9,10,20,30
VIEE886033,2,49,51,1,12,13,4,19,23
BIMM808015,5,16,21,1,3,4,6,24,30
PARH01450C,48,60,108,9,16,25,0,0,0
VIEE877027,7,73,80,2,23,25,5,25,30
BAMM83401X,16,44,60,4,11,15,10,22,32
PNEE81803D,3,54,57,2,8,10,4,18,22
TEMM813034,9,37,46,3,14,17,6,23,29
CTMM8AR01B,4,29,33,2,9,11,9,19,28
CZMM821014,5,18,23,0,0,0,8,17,25
BSRA03801X,66,122,188,7,21,28,8,33,41
BSTD01251B,65,147,212,4,17,21,0,0,0
BAEE068026,3,71,74,2,24,26,7,13,20
GRRC009529,3,71,74,2,24,26,7,13,20
MIEE8E8026,3,65,68,3,17,20,3,22,25
LCMM814018,7,44,51,0,14,14,3,27,30
PIEE81902Q,1,83,84,0,30,30,7,31,38
BRPM010003,24,79,103,4,8,12,11,12,23
AGEE86102E,4,44,48,0,7,7,15,10,25
VTMM81102E,13,33,46,3,10,13,6,24,30
CAEE84201R,3,45,48,0,13,13,9,14,23
FIRC029533,57,141,198,16,54,70,0,0,0
TPRA01201Q,75,78,153,18,15,33,38,25,63
AGEE812018,4,40,44,1,7,8,18,8,26
LIEE07502B,4,40,44,1,7,8,18,8,26
METF027505,96,125,221,10,36,46,0,0,0
NUEE823021,3,23,26,0,3,3,6,13,19
RNPS02000L,37,65,102,1,1,2,8,25,33
NUPC003014,41,61,102,4,19,23,8,18,26
MEEE8AD08B,1,74,75,0,24,24,15,21,36
MBMM8CQ029,12,32,44,4,6,10,3,24,27
BLEE83002A,2,52,54,0,20,20,6,23,29
GEEE867027,4,70,74,0,12,12,5,39,44
PRMM81401V,10,34,44,3,6,9,10,21,31
MNTD01052B,22,48,70,1,6,7,7,15,22
NAEE18700G,2,69,71,0,17,17,13,12,25
PEEE836015,1,35,36,1,7,8,5,17,22
MBEE8E2035,2,85,87,1,21,22,4,26,30
CREE82302E,10,99,109,5,26,31,4,33,37
FGMM871017,8,21,29,1,4,5,7,12,19
RMEE8FF03P,7,95,102,0,24,24,10,22,32
BATF06301G,90,137,227,4,28,32,21,30,51
FGRC05801V,9,26,35,3,6,9,6,2,8
TOEE8BR026,7,73,80,5,24,29,7,34,41
FIEE821021,5,87,92,1,21,22,8,27,35
VITL01351B,51,68,119,6,18,24,0,0,0
CTTF03951N,64,98,162,6,25,31,0,0,0
RMEE856034,4,87,91,1,31,32,2,26,28
CSEE899016,3,32,35,1,7,8,10,11,21
CSEE8AL02B,3,120,123,2,38,40,12,19,31
RMRI053018,29,76,105,4,28,32,8,21,29
MCTD010519,25,41,66,4,1,5,8,15,23
VRRC01701X,38,93,131,6,13,19,7,23,30
TOEE8AP064,6,87,93,2,26,28,10,32,42
CEEE82501D,0,50,50,0,14,14,10,12,22
CERI011019,30,111,141,8,18,26,18,24,42
TVTN01000N,51,99,150,1,0,1,17,27,44
TOPS034015,60,155,215,4,18,22,10,42,52
FGPC180008,22,66,88,5,19,24,14,10,24
MIEE8AS02R,7,62,69,3,14,17,1,27,28
RMEE8EX02V,4,80,84,2,22,24,5,27,32
APEE84003A,2,62,64,0,24,24,10,17,27
VEEE804059,3,39,42,1,8,9,7,13,20
TOEE8AH02Q,9,76,85,2,33,35,10,23,33
PNEE81307E,5,97,102,4,12,16,3,39,42
TOTA06301E,76,94,170,22,36,58,27,27,54
CNRI003016,79,128,207,11,36,47,11,29,40
PCTL00701P,42,115,157,6,26,32,11,28,39
VEMM86901V,11,37,48,2,6,8,2,33,35
PVEE80009G,3,51,54,0,15,15,9,26,35
BAMM832018,9,29,38,2,8,10,7,15,22
TOMM8BB019,16,55,71,10,17,27,6,30,36
BSMM899018,12,21,33,3,5,8,7,17,24
CEPS02000T,47,137,184,3,7,10,28,21,49
PZTF00701P,35,47,82,1,6,7,13,17,30
CRRA00202G,67,64,131,15,19,34,34,51,85
CHRH01000N,28,42,70,8,8,16,26,52,78
LEEE888025,2,40,42,0,10,10,11,11,22
MCEE81602G,1,53,54,1,14,15,2,19,21
RAEE80701C,1,39,40,1,5,6,4,15,19
BNTL01651T,46,80,126,2,13,15,0,0,0
AQEE828029,2,67,69,0,15,15,6,24,30
BLEE82002Q,6,38,44,0,7,7,10,20,30
SREE853047,5,74,79,0,17,17,7,20,27
BGEE835041,4,73,77,1,18,19,4,33,37
PAPM100009,26,111,137,3,15,18,22,15,37
VAEE874022,1,62,63,1,11,12,10,23,33
TAEE859012,2,45,47,0,20,20,7,15,22
TVEE875039,5,97,102,1,24,25,6,32,38
KRMM826016,8,22,30,2,3,5,14,15,29
GEEE833035,2,63,65,0,15,15,3,19,22
ROEE80704E,4,58,62,0,17,17,6,28,34
NAEE8EB02R,1,43,44,0,8,8,9,15,24
TARC01201T,27,81,108,4,25,29,12,18,30
AVTD03000B,27,84,111,3,11,14,12,23,35
SAPS027012,38,50,88,5,12,17,12,11,23
NAPS052018,27,66,93,4,13,17,16,12,28
CSMM80201V,6,22,28,0,5,5,12,11,23
ENEE81003B,1,38,39,0,6,6,13,8,21
VVMM812054,12,22,34,3,7,10,14,11,25
SAEE8AT01G,1,10,11,0,4,4,7,15,22
CZEE872034,2,46,48,0,8,8,11,18,29
MEEE8AA03P,3,57,60,0,15,15,9,21,30
PVMM82301V,7,37,44,2,14,16,5,34,39
AVMM86601T,14,37,51,4,7,11,9,18,27
NOEE814043,1,58,59,1,21,22,7,26,33
BAMM883015,9,43,52,2,14,16,10,22,32
MEEE82402Q,0,29,29,0,7,7,3,19,22
MTMM70001E,0,29,29,0,7,7,3,19,22
MIMM8D4016,11,40,51,3,16,19,9,23,32
NOMM80901B,6,29,35,0,8,8,8,26,34
BSEE87703E,8,105,113,4,23,27,8,31,39
TSEE80402C,3,46,49,0,4,4,5,20,25
CNEE84705A,1,50,51,0,11,11,6,25,31
NATE02101X,50,100,150,4,20,24,15,24,39
RIMM81901B,6,14,20,0,4,4,4,23,27
TOEE86804V,8,51,59,3,15,18,5,24,29
BATD04000G,31,54,85,7,13,20,9,13,22
CARH00203P,57,142,199,21,66,87,17,26,43
MTTD00450C,18,49,67,3,7,10,0,0,0
LUEE83402E,2,45,47,0,12,12,4,19,23
BAEE833015,1,79,80,1,32,33,9,18,27
AQTL01350N,29,60,89,4,12,16,0,0,0
NAEE15801L,0,54,54,0,10,10,8,15,23
VREE85004N,0,54,54,0,11,11,5,21,26
CBRH00702B,33,65,98,9,18,27,13,16,29
PRPS00101A,28,54,82,5,11,16,3,23,26
PARA01601G,82,153,235,17,50,67,34,21,55
PAPS02202A,39,77,116,4,14,18,21,14,35
VIEE88202P,2,58,60,0,12,12,8,17,25
PTEE81605A,3,42,45,1,3,4,4,30,34
RCTA011017,34,68,102,4,24,28,9,16,25
COMM846023,7,37,44,0,10,10,4,22,26
MEPS010008,19,75,94,1,2,3,15,22,37
COEE85002Q,1,33,34,0,6,6,4,25,29
FGEE01200C,0,55,55,0,19,19,9,6,15
FITL012508,110,106,216,5,24,29,0,0,0
CZMM818029,5,13,18,1,0,1,9,7,16
LUEE845021,0,55,55,0,15,15,1,23,24
FRMM82003D,5,12,17,2,3,5,5,17,22
VIEE88303G,1,105,106,1,24,25,3,37,40
BOMM83001G,9,25,34,2,4,6,3,20,23
PDMM86403Q,10,30,40,0,7,7,2,25,27
FIEE855013,3,57,60,1,11,12,8,25,33
PGEE05700R,3,38,41,1,12,13,1,16,17
ROEE80005R,2,61,63,1,16,17,6,25,31
SPEE810055,0,43,43,0,9,9,2,33,35
TVEE818013,4,59,63,1,14,15,6,22,28
VVRC00201B,28,75,103,2,18,20,23,10,33
TPPC02901C,31,81,112,1,3,4,15,24,39
NAEE8GK011,2,44,46,1,8,9,9,19,28
MIRI00801T,72,66,138,11,14,25,12,23,35
GOMM80301P,11,31,42,1,11,12,4,31,35
MSTD011014,50,85,135,7,21,28,18,25,43
AVEE881033,0,43,43,0,8,8,10,13,23
NURI01951B,45,58,103,2,8,10,0,0,0
ALEE811035,2,29,31,1,4,5,7,17,24
BRMM820014,18,26,44,6,4,10,8,17,25
BGEE870015,4,51,55,2,13,15,3,20,23
ANEE819029,2,55,57,1,19,20,5,22,27
PSEE83603A,1,44,45,1,11,12,4,23,27
AGEE82004A,5,57,62,2,6,8,23,8,31
ANRH01951X,64,113,177,14,38,52,0,0,0
RCMM71602G,64,113,177,14,38,52,0,0,0
NUMM700019,64,113,177,14,38,52,0,0,0
BARA00701P,32,63,95,4,16,20,32,7,39
LUEE82102C,2,24,26,0,2,2,2,15,17
PIMM84203R,6,26,32,2,6,8,8,25,33
PRMM819012,7,25,32,3,7,10,1,23,24
RGPC00301G,58,110,168,4,20,24,16,20,36
RIEE80603C,1,28,29,0,5,5,5,15,20
PEMM829011,1,7,8,0,0,0,9,17,26
PCEE81103N,3,34,37,1,6,7,4,30,34
ANMM828012,5,30,35,0,7,7,6,30,36
CAEE84701X,0,32,32,0,12,12,2,17,19
BATD037516,35,111,146,5,46,51,0,0,0
SAEE873017,0,25,25,0,6,6,8,8,16
BSTD00801A,57,104,161,4,13,17,16,25,41
VIEE815031,3,48,51,0,12,12,6,16,22
TOMM828018,6,26,32,2,6,8,8,29,37
CAEE09801T,2,80,82,1,20,21,6,15,21
RMTA07201T,44,94,138,9,14,23,16,24,40
TOEE8AB03T,5,89,94,1,21,22,18,19,37
VITD01050C,23,58,81,2,3,5,8,17,25
NUEE864016,0,29,29,0,1,1,4,14,18
RMEE86601L,1,77,78,1,26,27,9,21,30
MNEE83002V,3,54,57,1,18,19,5,23,28
RMEE8GB01X,6,95,101,2,31,33,10,31,41
ISEE82205D,6,95,101,2,31,33,10,31,41
ALEE82205N,4,39,43,2,9,11,5,22,27
RMRI07701R,37,61,98,1,12,13,9,15,24
LURI01601N,146,146,292,13,30,43,20,54,74
VATL00801R,146,129,275,15,29,44,26,39,65
VETD00401D,61,72,133,17,21,38,12,21,33
CLMM80402N,10,23,33,1,7,8,13,11,24
SAEE8BY05D,1,34,35,0,7,7,9,11,20
VBMM81401V,17,42,59,5,13,18,6,26,32
AREE81803A,3,48,51,1,14,15,8,26,34
ALMM81803V,3,25,28,1,8,9,8,25,33
AREE00901E,0,12,12,0,2,2,0,0,0
RMMM8EV015,6,20,26,2,4,6,3,13,16
TVRC00601T,28,61,89,6,21,27,5,15,20
TOEE85401T,2,47,49,0,7,7,6,22,28
TSMM812019,5,24,29,3,4,7,7,16,23
RCMM83503V,4,20,24,1,5,6,11,8,19
BSMM82001G,4,20,24,1,5,6,4,13,17
ALMM838012,17,62,79,4,17,21,11,25,36
ALEE80607T,3,44,47,1,7,8,1,27,28
PDEE85102N,2,84,86,0,18,18,6,30,36
PAPM12000E,11,28,39,2,3,5,9,4,13
CHPS006019,16,48,64,4,10,14,0,0,0
SPPC011016,49,105,154,9,14,23,9,31,40
CSEE879044,5,71,76,3,21,24,9,21,30
NAEE892016,1,37,38,1,15,16,8,15,23
ROEE82102P,2,65,67,1,24,25,5,24,29
ALPC01601G,53,118,171,11,28,39,6,39,45
TAEE85002L,3,53,56,1,20,21,8,19,27
NARC006013,27,70,97,7,21,28,19,6,25
TOPS18000P,25,84,109,1,3,4,11,21,32
CNEE814042,3,28,31,1,6,7,6,21,27
RMEE8B301P,2,41,43,1,16,17,3,14,17
SAEE053002,5,55,60,1,18,19,9,12,21
LTEE809019,6,43,49,4,14,18,7,19,26
TOPS069014,43,50,93,3,4,7,16,25,41
TREE81006C,4,39,43,1,8,9,2,21,23
PCEE00300L,3,106,109,1,21,22,2,29,31
CNEE80901B,3,52,55,1,13,14,4,20,24
CHEE80903A,1,33,34,0,7,7,3,15,18
PZPC040004,14,50,64,0,1,1,6,17,23
NOEE80803P,4,51,55,1,17,18,8,21,29
MEEE83206V,1,53,54,0,5,5,9,18,27
SAEE8B3027,3,34,37,0,10,10,5,18,23
NAMM83302A,3,34,37,0,10,10,5,18,23
MTPC00101N,41,68,109,7,9,16,11,17,28
FGPS20000B,25,45,70,2,3,5,16,5,21
RCEE834034,1,30,31,0,5,5,10,12,22
PZTF02202T,75,78,153,5,10,15,16,25,41
BSEE886017,3,46,49,1,7,8,6,18,24
VAEE831046,4,71,75,2,24,26,5,25,30
COMM85001N,5,15,20,1,2,3,4,25,29
MNEE80101T,4,48,52,1,11,12,4,19,23
FOEE02302V,5,91,96,2,14,16,9,31,40
CEMM8BC01R,5,38,43,0,1,1,7,20,27
COEE85101E,7,80,87,4,18,22,4,29,33
IMEE702023,7,80,87,4,18,22,4,29,33
SAEE8BF02P,1,21,22,0,4,4,7,10,17
CBEE853052,1,36,37,1,9,10,4,18,22
PATD038514,44,135,179,9,47,56,0,0,0
ENMM82702P,15,45,60,5,12,17,11,13,24
PTEE82202E,4,100,104,1,36,37,6,39,45
SAEE18201X,2,17,19,0,3,3,0,0,0
MBEE831034,1,71,72,0,16,16,9,21,30
PZMM821019,13,23,36,2,2,4,7,26,33
BLSL01250D,13,23,36,2,2,4,7,26,33
AGMM827011,8,19,27,2,3,5,12,9,21
MEEE83702T,1,76,77,0,12,12,11,24,35
IMPC040002,36,67,103,1,5,6,10,18,28
TATD02701V,36,67,103,1,5,6,10,18,28
FRMM82604D,10,34,44,2,10,12,7,23,30
MCEE80901B,0,30,30,0,3,3,4,14,18
BAMM846016,12,19,31,1,11,12,6,13,19
SSEE85302L,3,30,33,0,7,7,2,13,15
CBMM84601N,15,32,47,5,12,17,6,18,24
BGMM81901V,10,32,42,1,6,7,8,18,26
ENTD01701C,43,69,112,9,13,22,22,16,38
FIMM86601C,11,49,60,2,11,13,6,27,33
SOEE809053,2,43,45,0,5,5,8,18,26
PIMM825011,9,27,36,2,4,6,8,25,33
AVMM843037,6,22,28,1,6,7,9,12,21
TVEE825027,1,50,51,0,9,9,9,25,34
CAEE87104X,0,69,69,0,18,18,5,21,26
RCEE87301L,2,41,43,0,7,7,12,13,25
PSPQ006016,30,55,85,6,19,25,3,17,20
MORI002014,78,105,183,8,30,38,12,36,48
PIMM810017,9,38,47,3,7,10,5,25,30
TOMM8BD011,7,27,34,2,15,17,10,27,37
TOMM822019,2,22,24,0,6,6,4,23,27
BRMM813011,9,60,69,3,19,22,13,15,28
VTSD00702V,62,138,200,10,57,67,15,18,33
CEPS038014,42,80,122,3,9,12,18,13,31
TEMM01100A,2,6,8,0,1,1,0,3,3
CTEE89601T,4,67,71,3,37,40,7,16,23
MIPS01000G,32,66,98,2,1,3,11,16,27
CZEE859124,2,41,43,0,5,5,10,20,30
COEE826063,4,71,75,1,22,23,3,24,27
VIMM822022,15,40,55,6,8,14,7,19,26
BLMM82502T,6,13,19,0,2,2,5,24,29
APEE83601L,2,88,90,1,33,34,3,31,34
SAEE86303P,0,29,29,0,6,6,9,11,20
MIEE881016,5,42,47,1,10,11,6,19,25
VRMM894017,5,34,39,2,6,8,5,23,28
CNEE82503B,5,81,86,3,22,25,3,34,37
CTEE82601G,2,46,48,1,9,10,2,25,27
PSMM81801N,6,32,38,1,7,8,3,23,26
GEEE81402P,0,43,43,0,8,8,4,28,32
CTEE8A301D,1,51,52,0,18,18,6,22,28
CTEE89104T,4,66,70,1,24,25,11,18,29
PIRH01001E,4,66,70,1,24,25,11,18,29
RCSL03050C,26,72,98,7,31,38,10,18,28
CBRI02651L,62,109,171,6,36,42,0,0,0
VAEE87104L,5,75,80,1,24,25,3,27,30
CSEE87502P,4,61,65,2,14,16,18,10,28
CZMM83602V,4,11,15,0,2,2,7,7,14
PNEE81801B,3,54,57,2,8,10,4,18,22
CSEE836013,0,33,33,0,11,11,10,8,18
RMEE8DY035,2,63,65,0,24,24,5,17,22
CTRA011508,42,69,111,3,16,19,0,0,0
CZEE821048,1,62,63,0,10,10,8,17,25
NAEE8DH047,2,48,50,1,18,19,14,5,19
TSMM819014,2,7,9,0,0,0,1,20,21
VERI02701G,99,85,184,6,13,19,19,29,48
CSMM82901V,9,22,31,2,3,5,12,13,25
BOMM88001L,10,38,48,0,8,8,2,25,27
MCTD00301R,21,68,89,3,13,16,5,17,22
CAPC09000E,21,94,115,8,21,29,3,24,27
BGMM863022,11,44,55,5,7,12,4,23,27
PGMM84901R,11,35,46,5,11,16,3,29,32
CNPS02000N,37,85,122,0,3,3,9,31,40
MBEE8DC018,2,52,54,1,14,15,4,22,26
RCEE81008R,2,47,49,0,3,3,13,13,26
LIRC008511,60,155,215,16,52,68,0,0,0
SRTH024016,43,67,110,0,9,9,17,28,45
LUEE85004E,3,47,50,0,10,10,0,23,23
BAMM80601Q,12,34,46,6,11,17,8,20,28
VRPS00801L,32,98,130,3,11,14,7,24,31
CEMM88301C,10,27,37,3,6,9,14,15,29
KREE80802P,2,36,38,1,9,10,14,4,18
RMEE20501X,0,48,48,0,12,12,3,14,17
TVRI02601Q,83,59,142,5,7,12,14,29,43
PRMM81402X,10,34,44,3,6,9,10,21,31
SREE859035,7,27,34,3,5,8,13,8,21
RMPC02401X,19,75,94,1,3,4,10,17,27
PCEE80503A,1,69,70,0,15,15,5,25,30
SSMM839018,10,48,58,1,15,16,10,17,27
CREE82301D,10,99,109,5,26,31,4,33,37
CNMM81001E,9,24,33,1,7,8,5,22,27
PDEE87203Q,2,39,41,0,10,10,8,16,24
CNSL02101B,2,39,41,0,10,10,8,16,24
MIMM83801V,11,21,32,5,3,8,8,15,23
RCEE80412P,3,74,77,1,16,17,19,16,35
CEEE87001B,2,54,56,0,20,20,10,16,26
RMRH01000T,41,94,135,8,30,38,28,18,46
CSTD070507,22,27,49,0,5,5,13,10,23
SVMM81301T,12,52,64,7,15,22,7,29,36
RMPC04000R,11,61,72,0,0,0,6,18,24
MBRI10451N,44,46,90,6,13,19,0,0,0
BGPM02000L,30,102,132,0,4,4,9,29,38
CNEE804029,0,42,42,0,6,6,7,21,28
PSTD018013,15,47,62,0,1,1,8,14,22
CHEE80801C,2,57,59,2,20,22,3,19,22
VVEE82209X,3,67,70,0,12,12,18,12,30
PNTD00601D,72,116,188,10,33,43,20,28,48
NAEE8D102A,2,70,72,0,17,17,11,15,26
BGRI15050V,75,46,121,9,8,17,19,15,34
LTMM834011,18,29,47,7,9,16,5,19,24
PAMM81002E,15,33,48,4,9,13,9,19,28
SAMM8B3015,7,7,14,1,0,1,5,18,23
BNRH030016,7,7,14,1,0,1,5,18,23
AQEE83403N,0,54,54,0,16,16,13,19,32
RCEE834012,1,30,31,0,5,5,10,12,22
FIEE83703G,4,53,57,0,7,7,7,17,24
CTEE073016,1,32,33,0,4,4,9,12,21
CZMM84602D,7,20,27,1,3,4,10,10,20
LOMM80402C,9,26,35,0,3,3,4,23,27
NAEE8BD04P,1,44,45,0,17,17,5,15,20
FGPC160014,25,102,127,7,22,29,18,14,32
TSEE80802Q,4,45,49,1,8,9,10,18,28
PAEE84302V,3,46,49,0,10,10,12,14,26
IMEE80302Q,2,58,60,1,15,16,5,18,23
TSEE80302L,4,48,52,1,9,10,4,16,20
VEEE863011,2,71,73,0,13,13,5,31,36
NAMM8C9018,4,35,39,0,6,6,8,10,18
COEE85205E,6,71,77,1,18,19,12,22,34
SATL04601N,60,65,125,2,11,13,16,18,34
CHEE83006V,2,42,44,0,10,10,5,23,28
NAMM814021,2,42,44,0,10,10,5,23,28
AVMM87102A,5,19,24,1,2,3,9,9,18
MEEE81701G,1,26,27,0,3,3,2,15,17
NAEE8FX04L,2,41,43,1,14,15,8,10,18
BLMM81302G,9,20,29,1,4,5,4,13,17
CSTN02801A,70,84,154,6,17,23,29,9,38
BGEE843051,2,62,64,0,12,12,6,22,28
VIMM88601X,9,23,32,2,4,6,4,19,23
BIEE80806B,1,44,45,1,9,10,6,24,30
PATA01401Q,48,60,108,9,16,25,32,9,41
TARA02702N,48,60,108,9,16,25,32,9,41
GEEE84405N,1,96,97,0,26,26,7,32,39
TOEE86202T,6,75,81,0,23,23,6,34,40
NAMM28400X,13,58,71,4,12,16,9,6,15
FOMM80401A,14,22,36,3,3,6,7,21,28
CEEE8AV01V,5,61,66,3,23,26,6,19,25
MIMM8CS013,10,41,51,4,13,17,11,21,32
OREE82306L,3,41,44,0,14,14,6,27,33
BSTD03851G,66,122,188,7,21,28,0,0,0
FGMM86601Q,15,38,53,3,14,17,13,14,27
MOEE846025,5,90,95,2,23,25,6,30,36
BSRI013017,60,90,150,5,5,10,11,26,37
BAEE068004,3,71,74,2,24,26,7,13,20
REMM85301G,11,32,43,2,6,8,7,17,24
MTTD06050R,27,49,76,0,1,1,10,15,25
AVEE84305A,3,34,37,1,1,2,9,12,21
BOEE85802D,9,116,125,2,28,30,8,25,33
AQRH010008,11,16,27,0,3,3,23,29,52
CSEE01001X,3,12,15,1,3,4,0,0,0
FEEE80101B,2,40,42,1,12,13,1,24,25
NAEE730012,2,40,42,1,12,13,1,24,25
PTEE811035,5,95,100,0,24,24,14,30,44
PAMM8BC01G,11,12,23,8,7,15,11,13,24
METF02701R,96,125,221,10,36,46,38,20,58
RNPS05000C,38,95,133,2,15,17,12,22,34
AVMM87403V,5,19,24,0,1,1,5,14,19
TOEE8BB02B,1,67,68,0,17,17,6,30,36
CLEE823024,7,62,69,4,21,25,21,9,30
MNTE01000B,27,56,83,2,7,9,8,21,29
VRMM849019,2,9,11,1,1,2,4,10,14
MEEE869018,2,60,62,1,27,28,6,17,23
PGEE04109L,3,58,61,0,16,16,0,23,23
MIEE8BN016,3,70,73,0,15,15,4,27,31
PAEE892024,4,95,99,2,33,35,15,19,34
MIMM8E8025,5,24,29,3,7,10,3,22,25
VREE85503Q,5,89,94,3,20,23,7,31,38
FGPS05801A,9,26,35,3,6,9,6,2,8
CTEE89101P,4,66,70,1,24,25,11,18,29
CRRC00601R,38,118,156,11,45,56,5,34,39
LIEE07505E,38,118,156,11,45,56,5,34,39
ANTD004518,38,63,101,6,14,20,0,0,0
NUMM82302X,5,11,16,0,0,0,6,13,19
NUPS00601P,24,39,63,3,4,7,9,11,20
NARH09000Q,49,85,134,15,32,47,22,14,36
LEPC013014,49,85,134,15,32,47,22,14,36
TOMM8AP02V,8,32,40,1,11,12,10,32,42
FIMM86001D,16,41,57,3,8,11,9,27,36
CEEE82301T,2,40,42,0,16,16,6,13,19
MCEE83202D,3,61,64,1,12,13,13,18,31
ISEE812127,2,41,43,0,8,8,7,18,25
MEEE872036,3,93,96,1,37,38,16,15,31
TREE01500A,2,60,62,1,12,13,1,21,22
RMEE8EX01T,4,80,84,2,22,24,5,27,32
APMM840017,5,27,32,0,6,6,10,17,27
TOPS03101N,31,64,95,5,15,20,4,24,28
CSMM827017,3,22,25,1,5,6,8,13,21
MCTD02050V,3,22,25,1,5,6,8,13,21
VRTD017017,38,93,131,6,13,19,7,23,30
CERI01150N,30,111,141,8,18,26,0,0,0
VBMM819034,12,39,51,0,11,11,4,29,33
TORH03350B,77,120,197,22,33,55,0,0,0
CSTD079019,34,66,100,0,6,6,8,17,25
CEPS020042,47,137,184,3,7,10,28,21,49
PCEE81003T,0,79,79,0,19,19,5,33,38
RCEE83702E,1,34,35,0,7,7,10,8,18
BATD06101N,18,82,100,2,8,10,10,12,22
CEEE87004E,2,54,56,0,20,20,10,16,26
RGRC004013,55,97,152,2,10,12,16,19,35
CNEE86501Q,3,71,74,0,26,26,4,35,39
SRRA004022,3,71,74,0,26,26,4,35,39
LTRA01602G,50,117,167,9,48,57,40,44,84
PCMM81101E,4,18,22,0,2,2,4,30,34
BLEE82003R,6,38,44,0,7,7,10,20,30
PVRC002508,67,91,158,6,26,32,0,0,0
SAMM873027,6,15,21,0,2,2,8,8,16
CNRC00350T,79,128,207,11,36,47,0,0,0
GEEE83401V,2,70,72,0,19,19,3,19,22
AVRH04000X,49,116,165,8,37,45,21,24,45
PVEE800017,3,51,54,0,15,15,9,26,35
SAMM8AT02G,33,60,93,10,9,19,7,15,22
VVMM812032,12,22,34,3,7,10,14,11,25
RNEE819033,3,94,97,1,29,30,6,32,38
SAEE89702R,1,54,55,0,11,11,10,13,23
TAEE866015,4,58,62,1,30,31,8,14,22
CLEE031013,4,58,62,1,30,31,8,14,22
PAEE84502E,2,40,42,1,3,4,13,11,24
CRTA00201A,67,64,131,15,19,34,34,51,85
CBMM819019,7,23,30,1,9,10,0,0,0
MEMM89401X,4,38,42,1,6,7,7,16,23
TOEE89904E,3,42,45,0,8,8,2,28,30
LOEE80801Q,3,54,57,1,12,13,8,26,34
CHPS030005,40,57,97,4,9,13,7,13,20
NAEE8C902A,40,57,97,4,9,13,7,13,20
POEE81402T,1,71,72,0,19,19,2,28,30
NOEE80403B,2,66,68,1,16,17,19,18,37
NAEE8CT01A,1,58,59,0,15,15,17,8,25
SPEE81904E,5,79,84,0,25,25,3,26,29
MOEE810019,8,65,73,3,17,20,7,29,36
NOMM80902C,6,29,35,0,8,8,8,26,34
BIMM80101A,12,20,32,2,7,9,9,20,29
BNTA01602L,46,80,126,2,13,15,26,38,64
TSEE80401B,3,46,49,0,4,4,5,20,25
CNEE847038,1,50,51,0,11,11,6,25,31
NAEE8C802E,2,39,41,0,14,14,7,14,21
RIEE81902D,1,28,29,0,6,6,4,23,27
RMTF350007,33,57,90,2,12,14,7,16,23
CSMM836023,7,26,33,1,3,4,10,8,18
BOEE87101V,3,48,51,1,8,9,3,27,30
BSEE8AE015,2,43,45,1,7,8,6,29,35
MTPS004018,18,49,67,3,7,10,11,12,23
KREE826017,2,50,52,0,14,14,14,15,29
AQTL013019,29,60,89,4,12,16,8,20,28
SAEE09900B,5,46,51,0,8,8,6,14,20
NAEE15800G,0,54,54,0,10,10,8,15,23
CSPS00101L,22,59,81,1,8,9,13,10,23
NAMM8FP01C,6,37,43,2,14,16,11,11,22
PRTD001016,28,54,82,5,11,16,3,23,26
PARA01650X,82,153,235,17,50,67,0,0,0
LCEE82004Q,1,52,53,0,13,13,5,17,22
PDSL028011,56,85,141,8,26,34,16,20,36
AVEE86602X,2,57,59,0,14,14,9,18,27
TRSD011012,37,101,138,12,27,39,7,26,33
FIRI003014,53,97,150,13,34,47,11,22,33
ORTD01102E,40,124,164,6,40,46,17,20,37
PAEE09500E,4,62,66,2,20,22,11,10,21
TOMM85402T,11,26,37,5,5,10,6,22,28
CAEE84202T,3,45,48,0,13,13,9,14,23
COEE803048,3,62,65,2,13,15,3,25,28
BATD040501,31,54,85,7,13,20,9,13,22
FOSD020007,50,64,114,5,11,16,15,16,31
CEMM80803R,9,39,48,0,7,7,14,23,37
FOMM82201X,10,25,35,4,3,7,8,22,30
NAEE8GK022,2,44,46,1,8,9,9,19,28
MITF00801P,72,66,138,11,14,25,12,23,35
BGMM82401A,12,46,58,3,13,16,5,22,27
RMPC41000C,43,78,121,3,7,10,3,26,29
ALMM811034,7,27,34,1,6,7,7,17,24
MIEE301033,2,36,38,0,5,5,0,0,0
RMRH12250A,44,106,150,9,33,42,0,0,0
BSEE83803X,0,46,46,0,9,9,5,27,32
BGEE870026,4,51,55,2,13,15,3,20,23
CBTD00701C,33,65,98,9,18,27,13,16,29
VAEE82602L,2,35,37,1,9,10,4,12,16
VIMM88201L,19,28,47,10,3,13,8,17,25
NATF13301T,32,62,94,7,36,43,10,12,22
ANEE819018,2,55,57,1,19,20,5,22,27
CAEE866019,1,67,68,0,21,21,6,20,26
RCTA01150G,34,68,102,4,24,28,0,0,0
COEE846046,6,56,62,3,12,15,4,22,26
MEPS03000D,35,91,126,0,8,8,17,26,43
ANTD01901L,64,113,177,14,38,52,21,40,61
PZMM84003R,4,18,22,1,3,4,7,14,21
NUEE70004D,4,18,22,1,3,4,7,14,21
MBEE8EV04E,7,67,74,4,20,24,4,27,31
SSEE81306A,5,59,64,0,14,14,4,31,35
FREE81602T,0,46,46,0,15,15,7,26,33
COEE83102A,4,56,60,1,9,10,4,17,21
TRMM81005A,6,29,35,1,8,9,2,21,23
MIEE8DS01G,7,34,41,1,9,10,4,13,17
VREE85704C,3,57,60,0,18,18,6,24,30
FIEE82202R,4,68,72,2,15,17,7,30,37
ANMM82902V,16,28,44,2,5,7,5,30,35
RMEE856023,4,87,91,1,31,32,2,26,28
PZMM20200N,4,87,91,1,31,32,2,26,28
BARC03750T,4,87,91,1,31,32,2,26,28
ARMM833019,3,31,34,1,5,6,3,17,20
TPRI028022,3,31,34,1,5,6,3,17,20
UDRC01101N,60,81,141,6,26,32,17,44,61
TOMM837013,5,28,33,2,8,10,9,17,26
RAMM059004,5,28,33,2,8,10,9,17,26
FIEE872073,2,90,92,1,22,23,8,34,42
NAEE83303C,2,49,51,0,14,14,7,12,19
GETA012021,62,79,141,16,43,59,15,19,34
VAEE82702C,4,63,67,1,14,15,5,26,31
SIEE81303B,2,48,50,1,11,12,3,21,24
BIEE815019,10,48,58,3,9,12,6,30,36
RMMM86602L,17,38,55,2,11,13,9,21,30
VIEE81004V,2,68,70,2,14,16,6,27,33
TRMM803013,7,19,26,0,5,5,1,16,17
RMTD081013,56,121,177,10,21,31,19,25,44
TOEE8AG01V,3,59,62,3,17,20,7,26,33
RIMM80602A,7,11,18,2,2,4,5,15,20
VIEE86602R,6,84,90,3,25,28,10,19,29
CLMM80401L,10,23,33,1,7,8,13,11,24
TOPM018018,43,81,124,5,3,8,9,30,39
MIEE86701X,7,85,92,1,20,21,4,27,31
CTTF043508,72,188,260,11,84,95,0,0,0
LEMM86901N,7,23,30,1,6,7,7,10,17
AREE818018,3,48,51,1,14,15,8,26,34
BSEE815037,5,74,79,2,15,17,5,23,28
TOEE8AB04V,5,89,94,1,21,22,18,19,37
LEMM8AA012,9,30,39,1,5,6,11,15,26
FRMM83101T,10,29,39,1,11,12,3,21,24
RCMM87301G,6,43,49,0,10,10,12,13,25
CTEE825083,3,79,82,2,28,30,8,27,35
NAEE220046,2,56,58,1,20,21,11,11,22
TSEE81202B,4,65,69,1,12,13,7,16,23
VATF00801L,146,129,275,15,29,44,26,39,65
PGEE83001R,1,40,41,0,13,13,2,19,21
BSEE82103E,5,52,57,1,12,13,7,13,20
TVMM85102P,9,26,35,1,4,5,3,21,24
PAEE855014,2,44,46,0,11,11,11,8,19
BOEE867028,8,87,95,4,26,30,10,20,30
TATD012015,27,81,108,4,25,29,12,18,30
RMEE89402T,3,49,52,0,9,9,4,20,24
LIEE00208X,3,49,52,0,9,9,4,20,24
TPEE83801T,1,54,55,0,14,14,14,8,22
CBEE82705D,1,36,37,0,10,10,6,15,21
POMM80701L,18,35,53,6,8,14,4,27,31
BLEE82503X,2,29,31,0,5,5,5,24,29
CSEE87503Q,4,61,65,2,14,16,18,10,28
ALTA01301L,59,88,147,13,25,38,36,44,80
LERI03301N,74,101,175,13,29,42,17,14,31
SAMM89601V,5,5,10,0,0,0,7,15,22
NARI00601Q,27,70,97,7,21,28,19,6,25
TOPS120003,31,92,123,3,7,10,9,27,36
PSEE81701V,5,86,91,0,26,26,6,34,40
TVEE88001P,2,58,60,0,9,9,7,25,32
LTEE80902A,6,43,49,4,14,18,7,19,26
TOMM8B3015,11,45,56,2,15,17,10,23,33
TORI069019,11,45,56,2,15,17,10,23,33
CNEE80902C,3,52,55,1,13,14,4,20,24
BGEE85103T,1,35,36,0,4,4,2,24,26
PIRH01050V,77,124,201,20,44,64,18,32,50
RMEE8AD01X,3,35,38,1,4,5,7,14,21
ALEE80608V,3,44,47,1,7,8,1,27,28
MEEE83205T,1,53,54,0,5,5,9,18,27
PDMM85201B,10,36,46,2,5,7,2,28,30
BAEE87201Q,0,43,43,0,17,17,3,18,21
CSMM836034,7,26,33,1,3,4,10,8,18
FGPS08000E,28,66,94,5,3,8,12,16,28
CAMM704036,28,66,94,5,3,8,12,16,28
CSMM84102E,7,19,26,2,5,7,10,9,19
PAPM023016,26,58,84,6,9,15,8,15,23
TAEE85101B,3,58,61,0,16,16,4,20,24
TEEE842035,2,57,59,0,17,17,7,26,33
NAEE8BY01V,1,68,69,0,32,32,7,18,25
SAMM8BM011,12,17,29,1,3,4,10,11,21
MNMM80102T,9,15,24,3,2,5,4,19,23
RCMM805022,11,50,61,2,17,19,10,27,37
CAPM02000C,35,109,144,3,15,18,6,26,32
PAEE88102N,1,26,27,0,8,8,9,8,17
NAEE141006,2,55,57,1,13,14,13,10,23
BRTD009514,2,55,57,1,13,14,13,10,23
CBMM85304X,10,14,24,2,2,4,4,18,22
PARC03801B,44,135,179,9,47,56,21,25,46
ENEE82703R,3,38,41,0,7,7,11,13,24
SAEE18200V,2,17,19,0,3,3,0,0,0
LCEE82606R,5,89,94,0,28,28,9,24,33
MEMM84706G,6,25,31,3,3,6,12,13,25
ROEE80004Q,2,61,63,1,16,17,6,25,31
IMPS01001A,15,47,62,0,0,0,3,18,21
VRPM00801N,32,98,130,3,11,14,7,24,31
FERA009025,32,98,130,3,11,14,7,24,31
MSTD011025,50,85,135,7,21,28,18,25,43
FRMM82601A,10,34,44,2,10,12,7,23,30
CHEE83701C,5,60,65,1,17,18,8,20,28
MEEE84705G,1,44,45,0,8,8,12,13,25
NASD10350P,30,93,123,4,33,37,0,0,0
RMPM02601Q,29,101,130,3,17,20,11,25,36
NAEE8GC01R,1,48,49,0,16,16,10,11,21
MIPS027012,24,69,93,1,7,8,6,18,24
TPEE80501E,1,16,17,0,5,5,7,2,9
BGEE820036,0,40,40,0,9,9,1,15,16
RGEE82801E,3,55,58,2,20,22,9,19,28
VEEE81402R,1,26,27,0,4,4,8,12,20
MTEE811064,3,32,35,0,2,2,9,13,22
TVEE826034,3,56,59,0,8,8,4,23,27
CAEE871051,0,69,69,0,18,18,5,21,26
MTMM82001L,10,15,25,1,3,4,7,16,23
TAMM83401L,14,42,56,5,10,15,2,18,20
GOEE810042,1,36,37,1,6,7,1,26,27
PIEE810029,5,87,92,2,34,36,5,25,30
BARI01301N,57,80,137,6,15,21,20,14,34
SAPM05301G,46,54,100,6,20,26,12,10,22
SVEE812013,0,52,52,0,12,12,10,19,29
RMPC05000B,27,86,113,2,17,19,6,22,28
SSMM82005B,11,31,42,0,4,4,10,25,35
BREE813012,1,58,59,0,18,18,13,15,28
AVEE849048,2,51,53,0,14,14,3,25,28
AGEE82803X,6,43,49,2,12,14,12,16,28
CAMM84701V,4,22,26,1,9,10,2,17,19
APEE80601R,3,70,73,0,19,19,8,40,48
VREE88502E,2,75,77,0,17,17,6,22,28
TETD014017,57,94,151,11,32,43,12,20,32
GEMM80701D,2,11,13,2,4,6,5,21,26
BSRI00801Q,57,104,161,4,13,17,16,25,41
TEMM81604L,7,18,25,0,3,3,8,17,25
TOEE837014,1,46,47,0,9,9,9,17,26
BNRH03050E,33,86,119,4,33,37,8,23,31
RMMM87201V,17,47,64,5,11,16,5,21,26
RIMM810044,8,9,17,1,1,2,4,20,24
FIEE86703B,1,46,47,0,10,10,6,24,30
CNMM825018,9,50,59,4,13,17,3,34,37
RGEE03500N,9,50,59,4,13,17,3,34,37
TOEE82101E,3,57,60,1,16,17,8,24,32
VTSD00701T,62,138,200,10,57,67,15,18,33
FREE844044,2,68,70,2,12,14,7,22,29
ALMM817011,11,34,45,4,11,15,8,26,34
BIMM808026,5,16,21,1,3,4,6,24,30
VREE83302T,5,47,52,2,5,7,6,17,23
SATN02000X,10,10,20,5,3,8,6,5,11
RMEE8DY024,2,63,65,0,24,24,5,17,22
PGEE842024,0,34,34,0,6,6,7,20,27
CZEE821059,1,62,63,0,10,10,8,17,25
PZEE87101B,2,54,56,0,14,14,10,15,25
BOEE825026,1,87,88,0,23,23,3,34,37
REEE85301L,5,65,70,1,19,20,7,17,24
CSEE82901X,6,16,22,1,2,3,12,13,25
BOEE88001N,4,59,63,1,13,14,2,25,27
LCEE81402A,5,93,98,1,24,25,3,27,30
LTEE855035,4,59,63,2,18,20,13,15,28
CTMM82501P,17,46,63,7,19,26,8,27,35
BGEE863045,4,77,81,0,18,18,4,23,27
ARMM82401E,1,13,14,0,0,0,2,2,4
PTEE811068,5,95,100,0,24,24,14,30,44
PGEE03200C,1,65,66,0,23,23,2,24,26
RMEE83601R,5,77,82,2,26,28,5,25,30
MTEE83201X,1,44,45,0,10,10,5,24,29
RCTD031507,31,58,89,5,13,18,0,0,0
MERI02701X,96,125,221,10,36,46,38,20,58
TPMM84501X,4,16,20,0,6,6,9,16,25
MBMM8DC017,12,23,35,6,6,12,4,22,26
VRRI01001T,67,50,117,5,12,17,14,18,32
VAMM86901C,9,25,34,4,9,13,5,21,26
RMEE220023,0,79,79,0,18,18,1,22,23
LERI016032,57,75,132,10,11,21,14,13,27
MBEE8E2024,2,85,87,1,21,22,4,26,30
RMEE8DL01X,6,130,136,2,43,45,9,29,38
SSEE83904C,4,53,57,2,11,13,10,17,27
CNEE81002L,3,37,40,1,6,7,5,22,27
BATF063511,90,137,227,4,28,32,0,0,0
TEEE83701G,0,74,74,0,27,27,9,31,40
RMRF02701R,22,62,84,4,21,25,9,14,23
PEMM822016,6,30,36,1,8,9,10,20,30
RMRH010507,41,94,135,8,30,38,28,18,46
CNMM80901A,9,32,41,2,7,9,4,20,24
GEEE86603C,3,61,64,1,19,20,4,16,20
LCTD01151G,29,89,118,6,17,23,0,0,0
BSEE874044,4,86,90,3,19,22,3,28,31
PNTF00701G,57,62,119,3,10,13,7,26,33
CEEE88301D,3,66,69,1,18,19,14,15,29
BGRI15000D,75,46,121,9,8,17,19,15,34
BSMM85601A,3,30,33,1,5,6,3,23,26
AQMM83402G,9,34,43,2,6,8,13,19,32
PCEE80506D,1,69,70,0,15,15,5,25,30
VBPS00101A,36,58,94,4,10,14,7,13,20
CTEE073005,1,32,33,0,4,4,9,12,21
LOEE80401C,0,61,61,0,9,9,4,23,27
MIEE853012,12,83,95,9,20,29,7,23,30
FGPC160003,25,102,127,7,22,29,18,14,32
PZTD01801V,26,55,81,3,10,13,15,11,26
FIEE819032,5,49,54,1,9,10,3,25,28
VCEE80206D,2,29,31,0,7,7,9,23,32
FOEE023052,5,91,96,2,14,16,9,31,40
CEEE8BB012,0,23,23,0,5,5,4,19,23
COEE85203C,6,71,77,1,18,19,12,22,34
MBEE85902V,4,54,58,3,7,10,6,19,25
CHMM83004Q,7,22,29,3,4,7,5,23,28
BGPS02000G,38,81,119,1,0,1,15,22,37
VEMM825037,14,39,53,4,7,11,5,38,43
BLRC012516,33,82,115,6,17,23,0,0,0
BGMM84301Q,7,23,30,2,3,5,6,22,28
TATF027015,59,78,137,9,34,43,20,44,64
CBEE830059,3,53,56,1,17,18,6,20,26
NAMM27100T,3,53,56,1,17,18,6,20,26
KRMM70301L,3,53,56,1,17,18,6,20,26
CEEE8AV02X,5,61,66,3,23,26,6,19,25
MBEE8AE025,3,79,82,1,19,20,7,19,26
UDEE82003D,7,83,90,0,13,13,5,25,30
RMMM8BS011,1,12,13,0,0,0,4,9,13
PTTF010506,103,77,180,14,13,27,13,25,38
PAMM811019,13,24,37,5,7,12,8,10,18
SPEE80507Q,2,47,49,0,7,7,6,21,27
MBEE88302Q,2,66,68,2,16,18,2,28,30
VAMM86101T,8,28,36,0,8,8,0,19,19
MIMM8ET011,11,20,31,3,6,9,5,20,25
ENRF017518,43,69,112,9,13,22,0,0,0
AVEE81602V,2,59,61,1,21,22,13,14,27
MEEE852053,4,63,67,2,22,24,6,18,24
BOEE85801C,9,116,125,2,28,30,8,25,33
BAMM84401E,4,36,40,1,8,9,4,17,21
AQPS050001,3,17,20,0,6,6,4,4,8
RMEE8CA03Q,1,81,82,0,28,28,3,27,30
ARTD02101C,15,38,53,1,5,6,1,17,18
TVEE82804R,3,59,62,1,11,12,3,22,25
BAMM87901D,8,32,40,1,13,14,10,11,21
CAMM82801D,11,22,33,3,4,7,9,19,28
NAEE8FX01D,2,41,43,1,14,15,8,10,18
BGEE83906A,1,52,53,0,10,10,3,20,23
PVTF00251V,67,91,158,6,26,32,0,0,0
PIMM811013,7,31,38,3,9,12,3,21,24
AVMM87404X,5,19,24,0,1,1,5,14,19
SOMM801028,2,17,19,0,4,4,3,17,20
CLMM823012,11,28,39,2,12,14,21,9,30
PDEE883014,10,71,81,5,12,17,12,22,34
TEMM81601D,7,18,25,0,3,3,8,17,25
CTEE8AS03Q,1,32,33,0,7,7,5,16,21
BNEE80405G,1,31,32,0,5,5,7,13,20
SARH02950Q,59,99,158,7,30,37,0,0,0
CSMM802042,6,22,28,0,5,5,12,11,23
ENMM80501R,11,17,28,2,4,6,16,7,23
GEEE80802B,1,35,36,0,9,9,3,15,18
VIMM834028,10,29,39,2,3,5,4,20,24
TOEE89408G,4,61,65,0,13,13,16,31,47
CSEE01000V,3,12,15,1,3,4,0,0,0
CTMM8A301C,12,49,61,1,13,14,6,22,28
LEMM803013,8,18,26,1,4,5,8,14,22
VIEE82403Q,5,66,71,3,12,15,4,23,27
FGMM85801R,11,31,42,3,6,9,8,19,27
FIEE84902R,4,89,93,1,16,17,9,21,30
NUEE823032,3,23,26,0,3,3,6,13,19
CAPM040503,18,46,64,4,13,17,6,9,15
TOEE8BB01A,1,67,68,0,17,17,6,30,36
PEEE82104E,0,38,38,0,10,10,9,10,19
BSEE8AE06A,2,43,45,1,7,8,6,29,35
GEEE867016,4,70,74,0,12,12,5,39,44
FGEE842029,3,53,56,1,18,19,7,17,24
VREE84901A,4,21,25,1,5,6,4,10,14
LEEE85002P,2,53,55,1,11,12,8,15,23
FITN010504,34,117,151,5,19,24,11,27,38
MEEE872047,3,93,96,1,37,38,16,15,31
CZEE81803B,1,30,31,0,4,4,9,7,16
BOEE82102V,6,50,56,1,10,11,5,21,26
AVEE852033,3,53,56,1,14,15,2,24,26
CTTF039018,64,98,162,6,25,31,18,23,41
BGMM812014,8,38,46,2,11,13,6,28,34
TVMM818034,11,36,47,3,7,10,6,22,28
LEEE83601B,3,41,44,1,6,7,12,12,24
RMEE8A501Q,1,35,36,1,7,8,4,14,18
MEPS032027,32,105,137,3,14,17,16,19,35
MCTD02000D,32,105,137,3,14,17,16,19,35
GOEE80302R,6,92,98,3,31,34,4,31,35
REMM813026,10,27,37,2,4,6,2,23,25
TOEE8AN04A,4,75,79,3,19,22,7,28,35
VIEE85803V,3,80,83,1,22,23,4,26,30
RAMM82801C,14,23,37,7,7,14,1,27,28
BGEE872118,4,60,64,2,14,16,3,28,31
BNEE848015,0,41,41,0,6,6,3,20,23
BREE82901G,3,39,42,1,8,9,7,13,20
TOMM886018,9,20,29,6,4,10,9,17,26
VEEE01000C,4,16,20,1,3,4,0,0,0
TREE01501B,2,60,62,1,12,13,1,21,22
TORH033013,77,120,197,22,33,55,15,34,49
POMM01000C,6,22,28,0,3,3,0,0,0
MBMM8EV01A,19,38,57,4,8,12,4,27,31
PZEE87602G,2,31,33,0,4,4,5,14,19
BAPS05901T,28,108,136,5,6,11,12,19,31
CHEE036092,2,50,52,0,12,12,1,23,24
CNMM86501P,10,31,41,4,8,12,4,35,39
CZTF003016,35,52,87,4,14,18,15,18,33
SRRC00601G,24,75,99,1,29,30,12,22,34
LTTD01701L,61,114,175,13,21,34,12,21,33
COEE81301Q,2,57,59,1,14,15,3,22,25
CNEE80304G,1,25,26,0,4,4,2,18,20
BATD03701R,35,111,146,5,46,51,16,18,34
SOMM81801L,15,23,38,5,6,11,3,21,24
ATEE811047,1,73,74,1,19,20,10,27,37
UDTD01201R,20,49,69,5,6,11,5,11,16
PATD05050N,20,49,69,5,6,11,5,11,16
VAMM82702B,8,39,47,4,10,14,5,26,31
TPEE82007V,2,67,69,1,14,15,11,11,22
CEPS010018,37,111,148,3,3,6,24,19,43
PCMM81001P,9,33,42,0,4,4,5,33,38
VEEE833037,7,57,64,2,15,17,2,25,27
ISMM822018,14,30,44,4,10,14,7,23,30
PZRI00701T,35,47,82,1,6,7,13,17,30
CSMM8AF01R,8,23,31,0,9,9,6,10,16
CBEE81802G,1,50,51,0,22,22,8,15,23
ALMM823029,5,18,23,0,4,4,8,23,31
NAEE8C9019,3,40,43,0,11,11,8,10,18
UDMM82901R,16,44,60,2,8,10,4,35,39
SAMM8AY02P,13,26,39,3,5,8,10,18,28
BNPS016016,46,80,126,2,13,15,26,38,64
RMMM88101N,5,24,29,2,8,10,5,20,25
CBEE83302N,3,36,39,0,12,12,7,14,21
CLMM80403P,10,23,33,1,7,8,13,11,24
CTMM808011,9,24,33,2,7,9,9,15,24
PNEE81602R,2,46,48,0,5,5,7,18,25
LOEE80903N,4,85,89,1,13,14,15,41,56
AQEE84201E,3,72,75,1,26,27,3,29,32
TAEE858016,0,42,42,0,10,10,10,9,19
NAMM8FA01D,6,19,25,2,4,6,8,8,16
VEEE83202A,1,36,37,0,4,4,8,22,30
CSPC00101D,22,59,81,1,8,9,13,10,23
PREE835022,2,76,78,1,17,18,1,33,34
UDMM851012,10,26,36,3,3,6,5,27,32
VVMM812021,12,22,34,3,7,10,14,11,25
UDEE84602L,6,73,79,3,7,10,2,29,31
BAEE06502P,6,73,79,3,7,10,2,29,31
SAEE89705X,1,54,55,0,11,11,10,13,23
PVEE824061,6,67,73,4,13,17,7,26,33
NOEE814032,1,58,59,1,21,22,7,26,33
TRPC01101C,37,101,138,12,27,39,7,26,33
BSEE86401A,5,65,70,3,11,14,5,24,29
CNEE848045,2,60,62,0,12,12,0,33,33
ORSD011014,40,124,164,6,40,46,17,20,37
PAEE10200C,4,64,68,2,28,30,10,8,18
CAMM8AC05X,9,25,34,2,5,7,13,19,32
MTEE70001G,9,25,34,2,5,7,13,19,32
BIMM80102B,12,20,32,2,7,9,9,20,29
CNEE847049,1,50,51,0,11,11,6,25,31
AGMM812017,27,24,51,4,2,6,18,8,26
SVRH00201P,33,57,90,9,16,25,9,20,29
ENEE81901Q,7,46,53,0,15,15,14,11,25
PVMM80404L,10,35,45,4,9,13,6,31,37
TOPS10001V,51,95,146,9,15,24,9,33,42
FOSD02050L,50,64,114,5,11,16,15,16,31
AQTD01302X,29,60,89,4,12,16,8,20,28
BGEE825017,1,43,44,0,7,7,6,16,22
RMPC420003,21,101,122,2,8,10,14,17,31
BSMM83802T,4,33,37,1,7,8,5,27,32
VAMM82501P,5,16,21,3,4,7,2,19,21
NARI133509,32,62,94,7,36,43,0,0,0
PTEE816038,3,42,45,1,3,4,4,30,34
LCEE82002N,1,52,53,0,13,13,5,17,22
MIMM8AQ016,13,29,42,8,5,13,8,27,35
VCEE80401X,1,45,46,0,17,17,3,21,24
PDTD02801X,56,85,141,8,26,34,16,20,36
MEPS22000L,31,79,110,3,10,13,17,15,32
ALTD01352D,59,88,147,13,25,38,0,0,0
PVTL00652B,53,104,157,4,17,21,0,0,0
FIEE868015,4,63,67,0,9,9,5,25,30
MIMM8DS01E,17,46,63,8,13,21,4,13,17
PAEE8A102B,4,77,81,0,33,33,11,16,27
MITD004015,33,71,104,0,7,7,14,16,30
TOEE89906L,3,42,45,0,8,8,2,28,30
PDMM86402P,10,30,40,0,7,7,2,25,27
FIEE855024,3,57,60,1,11,12,8,25,33
NARH08050E,51,99,150,5,28,33,20,12,32
LITF00601D,66,97,163,10,31,41,17,30,47
MIPS01101C,51,82,133,7,9,16,8,25,33
SSEE80804R,1,53,54,0,14,14,4,27,31
BREE820026,2,52,54,1,14,15,8,17,25
AVEE84601N,4,37,41,2,5,7,14,10,24
MCMM83201B,8,28,36,2,4,6,13,18,31
GETA01201X,62,79,141,16,43,59,15,19,34
SIEE813019,2,48,50,1,11,12,3,21,24
FGEE84602L,5,65,70,1,29,30,12,15,27
AGMM81002L,10,26,36,6,1,7,6,13,19
ARPS00401V,29,51,80,1,7,8,8,17,25
BNEE827025,3,51,54,0,12,12,13,10,23
SSMM813014,13,32,45,1,10,11,4,31,35
RMPC02601G,29,101,130,3,17,20,11,25,36
APEE841036,2,64,66,0,19,19,8,29,37
TOEE8AG031,3,59,62,3,17,20,7,26,33
MCRI05002R,44,43,87,6,8,14,8,19,27
CTEE837012,0,57,57,0,21,21,11,15,26
TOEE879016,2,54,56,1,12,13,4,22,26
RMEE8E6034,3,90,93,1,28,29,1,29,30
CTTF04301X,72,188,260,11,84,95,22,27,49
BNMM81701C,13,23,36,5,5,10,4,17,21
VEMM811017,9,16,25,3,3,6,7,10,17
LTEE833016,3,78,81,2,25,27,7,28,35
BOEE84403L,3,55,58,1,16,17,9,19,28
TVMM820012,11,38,49,2,5,7,2,31,33
RAPC01000L,17,92,109,1,6,7,8,26,34
VCEE81403L,7,60,67,4,13,17,14,23,37
VEEE86001D,2,69,71,0,15,15,4,30,34
RMPS073018,22,79,101,1,9,10,6,21,27
CSMM819029,5,22,27,0,4,4,15,9,24
TOEE8AB01Q,5,89,94,1,21,22,18,19,37
LEEE8AA024,4,47,51,0,13,13,11,15,26
NAEE8GC02T,1,48,49,0,16,16,10,11,21
BGMM820013,9,19,28,4,8,12,1,15,16
TOPC033016,77,120,197,22,33,55,15,34,49
SOEE809064,2,43,45,0,5,5,8,18,26
MNMM83002T,11,19,30,5,4,9,5,23,28
TVEE826045,3,56,59,0,8,8,4,23,27
APPC00901N,17,83,100,1,5,6,9,19,28
VEMM86301X,7,37,44,1,11,12,5,31,36
TREE803014,3,30,33,1,8,9,1,16,17
REMM821025,6,27,33,1,7,8,4,22,26
ANEE84101D,0,43,43,0,10,10,7,18,25
VIMM86801A,9,12,21,1,1,2,6,18,24
SAMM8A301E,11,33,44,2,4,6,10,13,23
PVEE81306E,8,77,85,6,18,24,10,27,37
TORI017501,52,54,106,16,20,36,0,0,0
CSPC067025,24,48,72,4,10,14,15,8,23
CZPS00101C,40,97,137,2,11,13,17,24,41
CERI03701D,88,84,172,15,12,27,27,15,42
VCSL00701R,22,41,63,2,4,6,4,14,18
FIMM81001C,3,22,25,1,2,3,2,20,22
RGEE004024,0,46,46,0,14,14,7,15,22
CREE80904A,4,70,74,1,20,21,3,39,42
GEEE86002C,5,77,82,1,16,17,9,21,30
PSEE817053,5,86,91,0,26,26,6,34,40
RGEE03501P,5,86,91,0,26,26,6,34,40
VEEE84004B,5,72,77,1,11,12,6,29,35
PGEE03202E,1,65,66,0,23,23,2,24,26
RCEE83502V,0,26,26,0,5,5,11,8,19
ISMM815059,8,24,32,1,1,2,11,24,35
BGMM891026,16,35,51,2,12,14,2,24,26
PIRH01000D,77,124,201,20,44,64,18,32,50
RMMM8AD02X,6,21,27,1,6,7,7,14,21
PZMM88801Q,5,24,29,2,5,7,9,16,25
POEE820058,5,24,29,2,5,7,9,16,25
AGEE841029,5,44,49,1,12,13,17,11,28
RGMM70101L,5,44,49,1,12,13,17,11,28
ALEE80603N,3,44,47,1,7,8,1,27,28
TVEE850031,2,59,61,1,10,11,4,24,28
RCEE81208C,6,45,51,1,6,7,12,16,28
SVEE80107V,3,27,30,0,5,5,5,17,22
TAMM858015,9,33,42,0,14,14,10,9,19
PNEE81701G,4,43,47,2,7,9,1,16,17
SASL040008,36,94,130,5,19,24,13,21,34
NAEE8FP01D,0,49,49,0,15,15,11,11,22
CTTD011016,42,69,111,3,16,19,13,13,26
PARC02301N,26,58,84,6,9,15,8,15,23
BARC046018,48,148,196,9,70,79,20,11,31
BGEE89901R,1,45,46,0,9,9,7,15,22
PZEE880027,0,39,39,0,10,10,5,14,19
ROTD01101B,46,51,97,1,3,4,10,22,32
PVMM81003V,6,11,17,2,1,3,11,12,23
NAEE892027,1,37,38,1,15,16,8,15,23
BOEE88103G,2,64,66,1,11,12,4,30,34
SAEE896065,1,66,67,1,13,14,7,15,22
NARC00650B,27,70,97,7,21,28,0,0,0
LTMM809018,9,40,49,2,14,16,7,19,26
COEE85501T,2,40,42,0,11,11,3,17,20
BGMM85102Q,7,19,26,0,4,4,2,24,26
RNEE80801E,5,83,88,2,18,20,4,30,34
RAMM82201D,5,39,44,0,12,12,7,21,28
LCEE82604P,5,89,94,0,28,28,9,24,33
ANEE84502T,0,54,54,0,13,13,6,30,36
RCMM84401G,9,18,27,1,4,5,8,14,22
BAEE877042,0,37,37,0,7,7,7,13,20
MSRI01103G,50,85,135,7,21,28,18,25,43
AVEE83702X,8,44,52,2,8,10,17,12,29
CAMM70501X,8,44,52,2,8,10,17,12,29
GREE70001E,8,44,52,2,8,10,17,12,29
AGMM820016,12,22,34,2,5,7,23,8,31
MTEE811031,3,32,35,0,2,2,9,13,22
MIEE8AR02G,10,56,66,5,13,18,9,22,31
FREE82004G,1,37,38,1,5,6,5,17,22
MIMM8CA025,10,37,47,3,9,12,10,23,33
FRRC001025,17,55,72,1,7,8,4,18,22
NAEE8AR01L,2,31,33,2,9,11,2,10,12
CSEE87101A,3,44,47,0,13,13,7,13,20
IMEE701016,3,44,47,0,13,13,7,13,20
RMRH02000C,49,99,148,11,38,49,20,25,45
CBEE853041,1,36,37,1,9,10,4,18,22
PTEE82203G,4,100,104,1,36,37,6,39,45
AVEE83701V,8,44,52,2,8,10,17,12,29
AVEE84906A,2,51,53,0,14,14,3,25,28
MEEE83804Q,2,39,41,0,2,2,12,13,25
PSMM70101B,2,39,41,0,2,2,12,13,25
FEEE80502Q,1,41,42,0,8,8,4,20,24
TARF036014,36,81,117,3,20,23,16,15,31
NUMM86305D,4,22,26,1,2,3,6,17,23
BNEE80404E,1,31,32,0,5,5,7,13,20
SVEE817027,5,59,64,3,16,19,10,26,36
BOPM02601E,72,100,172,10,19,29,17,22,39
MBTF062018,57,73,130,8,22,30,11,21,32
PTTD00301C,17,25,42,1,4,5,0,9,9
MIEE8CR05C,6,59,65,2,20,22,4,15,19
COEE839043,1,49,50,0,10,10,3,23,26
LEEE829018,1,51,52,0,17,17,9,13,22
CAEE81801X,0,48,48,0,8,8,4,24,28
RMEE87201X,2,46,48,1,15,16,5,21,26
AREE83804L,1,59,60,1,17,18,5,27,32
SSMM701011,1,59,60,1,17,18,5,27,32
NUMM864015,2,13,15,0,1,1,4,14,18
FIMM867018,6,21,27,2,5,7,6,24,30
GREE82501Q,3,41,44,2,5,7,7,21,28
LUEE844069,1,48,49,0,9,9,3,29,32
CSPC03401R,17,42,59,2,9,11,12,16,28
RGEE809048,4,50,54,0,13,13,15,18,33
MORC00201B,78,105,183,8,30,38,12,36,48
ARRI012013,50,50,100,7,20,27,9,15,24
BARH00401B,50,50,100,7,20,27,9,15,24
VTTF00701D,62,138,200,10,57,67,15,18,33
CTMM86402A,62,138,200,10,57,67,15,18,33
TREE82102P,1,41,42,0,11,11,1,24,25
TOEE8A701V,6,81,87,4,25,29,0,33,33
NUEE83506B,1,32,33,0,6,6,4,20,24
CTEE89701N,4,77,81,2,26,28,11,25,36
PGMM84301T,16,48,64,6,16,22,2,21,23
REEE82902R,1,50,51,0,11,11,3,32,35
BAEE12101R,2,54,56,2,12,14,1,19,20
PGEE81703C,5,35,40,1,8,9,5,17,22
FOEE81702E,1,64,65,0,15,15,10,30,40
BSMM899029,12,21,33,3,5,8,7,17,24
VRMM89301B,10,28,38,2,5,7,4,21,25
LEEE85701C,1,50,51,0,14,14,6,15,21
CAMM70001R,1,50,51,0,14,14,6,15,21
GREE815037,3,50,53,0,8,8,13,16,29
TVEE82801N,3,59,62,1,11,12,3,22,25
VCMM809023,20,30,50,7,4,11,9,36,45
TPPS00901A,29,54,83,2,4,6,14,12,26
BGMM839014,8,32,40,1,10,11,3,20,23
TOEE8BC027,8,32,40,1,10,11,3,20,23
FRMM83701R,9,22,31,2,6,8,6,20,26
PZEE872028,4,28,32,0,4,4,7,8,15
SOEE80105C,4,31,35,2,5,7,3,17,20
MCEE82803V,7,65,72,3,22,25,6,30,36
VAEE86906P,5,70,75,0,22,22,5,21,26
PEEE82103D,0,38,38,0,10,10,9,10,19
GEMM866019,5,18,23,0,6,6,4,16,20
ATEE811058,1,73,74,1,19,20,10,27,37
CRRC006505,38,118,156,11,45,56,0,0,0
RMEE8A4032,3,63,66,2,18,20,3,24,27
LCRC01101V,29,89,118,6,17,23,12,24,36
ANTD008016,56,134,190,13,49,62,16,32,48
RERA01451D,55,69,124,10,18,28,0,0,0
SSEE80806V,1,53,54,0,14,14,4,27,31
BGMM82402B,12,46,58,3,13,16,5,22,27
LERF016509,57,75,132,10,11,21,0,0,0
RITF00102V,46,90,136,8,35,43,14,26,40
TSPM004011,58,113,171,7,21,28,11,18,29
VVEE83601D,2,15,17,0,1,1,0,0,0
MEEE872014,3,93,96,1,37,38,16,15,31
CNEE81003N,3,37,40,1,6,7,5,22,27
BSMM835019,10,20,30,2,4,6,5,17,22
SOMM823014,10,16,26,4,2,6,2,19,21
NATF091011,38,69,107,3,16,19,17,11,28
PAMM82804T,6,41,47,1,10,11,18,9,27
RCEE805089,0,73,73,0,22,22,10,27,37
CLSL00601P,68,82,150,6,16,22,22,20,42
MBEE86101T,1,27,28,0,7,7,5,13,18
MBPS084013,24,70,94,1,9,10,5,24,29
BGPS04000R,26,57,83,0,1,1,3,22,25
CTPS042012,33,77,110,5,34,39,20,11,31
PASL03801Q,44,135,179,9,47,56,21,25,46
BAMM86401Q,5,39,44,1,16,17,13,17,30
LTEE812026,2,81,83,1,25,26,16,22,38
BLSL012015,33,82,115,6,17,23,11,25,36
SREE83001B,1,47,48,0,20,20,6,12,18
CHEE809018,1,33,34,0,7,7,3,15,18
MBTF410002,81,100,181,4,8,12,22,31,53
UDEE823053,2,55,57,0,5,5,5,23,28
TVEE86606N,4,56,60,1,13,14,10,24,34
KREE70301N,4,56,60,1,13,14,10,24,34
SPEE810022,0,43,43,0,9,9,2,33,35
MBEE8AE036,3,79,82,1,19,20,7,19,26
UDMM82001A,11,39,50,3,9,12,5,25,30
VIEE85904Q,6,78,84,4,18,22,3,24,27
BSEE85601B,2,46,48,0,7,7,3,23,26
VAMM86102V,8,28,36,0,8,8,0,19,19
COPS02000A,18,36,54,0,0,0,8,16,24
AVEE880037,2,60,62,0,18,18,11,19,30
ENPM01701N,43,69,112,9,13,22,22,16,38
PDEE83604N,3,60,63,2,13,15,6,25,31
AVMM81602T,3,60,63,2,13,15,6,25,31
GORC003527,41,50,91,6,15,21,0,0,0
MEEE852042,4,63,67,2,22,24,6,18,24
FGPC15000C,33,77,110,5,11,16,12,18,30
LUEE82002L,2,39,41,0,13,13,2,23,25
FIMM819031,10,23,33,0,2,2,3,25,28
CAEE87202N,1,49,50,0,9,9,5,24,29
NAMM8EB01P,17,43,60,5,8,13,9,15,24
COEE85202B,6,71,77,1,18,19,12,22,34
SARM053017,46,54,100,6,20,26,12,10,22
RGPC00201Q,48,89,137,10,13,23,25,17,42
CAEE82806Q,5,42,47,1,9,10,9,19,28
VAEE852047,2,91,93,0,25,25,9,23,32
PDEE883036,10,71,81,5,12,17,12,22,34
BORF02750X,51,103,154,11,26,37,0,0,0
PSEE810014,2,32,34,0,9,9,2,17,19
TERI01401L,57,94,151,11,32,43,12,20,32
IMEE80903Q,2,41,43,0,9,9,3,12,15
CBEE83006A,3,53,56,1,17,18,6,20,26
AQMM823036,4,25,29,1,8,9,3,22,25
PTTF00301P,17,25,42,1,4,5,0,9,9
NAMM162006,13,52,65,6,9,15,6,7,13
BAMM88601L,4,14,18,1,4,5,5,18,23
TEMM81603G,7,18,25,0,3,3,8,17,25
RMEE8FV03V,5,99,104,1,31,32,7,20,27
FGEE86804G,1,61,62,0,17,17,19,9,28
SARI029507,59,99,158,7,30,37,0,0,0
ENEE80503X,3,32,35,0,7,7,16,7,23
SSEE843011,1,71,72,1,28,29,8,21,29
PAEE8A8026,6,45,51,0,12,12,14,11,25
AVEE843027,3,34,37,1,1,2,9,12,21
BOEE85803E,9,116,125,2,28,30,8,25,33
CAEE87301C,1,41,42,0,10,10,4,19,23
FEEE81301N,4,76,80,2,25,27,4,24,28
TOEE89905G,3,42,45,0,8,8,2,28,30
TOEE85403X,2,47,49,0,7,7,6,22,28
LEEE803014,2,40,42,1,13,14,8,14,22
MIEE8D302C,2,40,42,1,13,14,8,14,22
NOMM82301N,13,46,59,4,21,25,3,36,39
MORC004013,38,70,108,3,8,11,9,22,31
BREE80601V,1,42,43,0,15,15,8,15,23
VTTD01101V,21,39,60,0,14,14,5,18,23
BSEE8AE026,2,43,45,1,7,8,6,29,35
VIEE83301C,2,54,56,0,13,13,2,25,27
FOEE80701V,2,44,46,0,10,10,7,23,30
NUEE87602D,2,40,42,0,10,10,2,22,24
CSEE8AY02E,1,70,71,1,20,21,11,16,27
PAEE892057,4,95,99,2,33,35,15,19,34
VRMM85001D,9,30,39,0,6,6,5,21,26
VIEE82303X,2,52,54,1,8,9,7,13,20
TRTD007526,51,167,218,15,64,79,0,0,0
BSEE86404D,5,65,70,3,11,14,5,24,29
VIEE83404B,0,55,55,0,14,14,4,20,24
CNEE848089,2,60,62,0,12,12,0,33,33
PAEE892035,4,95,99,2,33,35,15,19,34
VISL00101A,29,64,93,4,6,10,4,22,26
FIEE821032,5,87,92,1,21,22,8,27,35
APEE825049,0,59,59,0,21,21,4,33,37
RMEE8E5016,2,45,47,2,14,16,5,19,24
PGEE850023,3,52,55,0,18,18,4,18,22
TPTD02601X,53,67,120,12,12,24,25,12,37
CAPS06000T,22,36,58,4,4,8,3,0,3
TOPS10000T,51,95,146,9,15,24,9,33,42
PZMM87101A,13,21,34,3,2,5,10,15,25
BAEE04604B,2,75,77,1,17,18,4,20,24
MTEE829025,0,28,28,0,3,3,5,14,19
TAEE845014,1,128,129,0,54,54,13,21,34
PZMM88506D,11,20,31,1,2,3,8,20,28
VAEE86901D,5,70,75,0,22,22,5,21,26
MEPM032017,32,105,137,3,14,17,16,19,35
RMEE220034,0,79,79,0,18,18,1,22,23
CZEE849066,3,63,66,0,13,13,18,14,32
BSEE838041,3,63,66,0,13,13,18,14,32
TOEE80601C,1,47,48,0,12,12,4,23,27
SIEE82002D,4,33,37,2,8,10,3,20,23
SAMM8AK02Q,4,12,16,1,2,3,5,9,14
FITN01000P,34,117,151,5,19,24,11,27,38
TREE01506L,2,60,62,1,12,13,1,21,22
VRMM873027,7,23,30,1,3,4,10,12,22
NUMM07000C,7,23,30,1,3,4,10,12,22
CZMM818018,5,13,18,1,0,1,9,7,16
SVEE81106C,3,59,62,1,15,16,7,24,31
PZMM87602E,10,18,28,1,4,5,5,14,19
SIEE821018,2,40,42,0,8,8,6,18,24
MITL00401G,33,71,104,0,7,7,14,16,30
COMM81301P,11,38,49,4,10,14,3,22,25
NUEE830024,3,41,44,0,10,10,9,12,21
CSMM8A002V,6,29,35,2,4,6,9,16,25
ATEE811036,1,73,74,1,19,20,10,27,37
VEEE85601T,4,64,68,2,11,13,4,26,30
UDPS012011,20,49,69,5,6,11,5,11,16
RMEE8A601G,5,67,72,1,19,20,5,22,27
SRMM859012,8,21,29,1,5,6,13,8,21
AQMM83403L,9,34,43,2,6,8,13,19,32
GERA012036,62,79,141,16,43,59,15,19,34
VBSL001017,36,58,94,4,10,14,7,13,20
VAMM82701A,8,39,47,4,10,14,5,26,31
CSTD07951P,34,66,100,0,6,6,0,0,0
TOEE8BA01E,4,72,76,1,18,19,8,22,30
CEPS010007,37,111,148,3,3,6,24,19,43
RMMM8G301P,6,22,28,3,7,10,5,23,28
CSEE8AF01T,4,31,35,0,8,8,6,10,16
BATD05901N,28,108,136,5,6,11,12,19,31
UDEE82903X,6,78,84,1,19,20,4,35,39
NAEE119001,2,58,60,1,21,22,6,15,21
CHEE03600L,2,50,52,0,12,12,1,23,24
SAEE8AY02Q,2,47,49,1,11,12,10,18,28
AQMM828028,11,28,39,4,6,10,6,24,30
PNEE81310P,5,97,102,4,12,16,3,39,42
PNMM81602Q,8,24,32,1,5,6,7,18,25
CTRF04350C,72,188,260,11,84,95,0,0,0
TVEE875017,5,97,102,1,24,25,6,32,38
FEPS01000N,32,86,118,3,0,3,13,31,44
VEEE832019,1,36,37,0,4,4,8,22,30
BOMM84402E,10,24,34,3,4,7,9,19,28
MBMM8AE013,4,27,31,3,7,10,7,19,26
PAEE81101A,6,38,44,2,13,15,8,10,18
MBEE88301P,2,66,68,2,16,18,2,28,30
NAEE8CM027,4,48,52,1,18,19,5,16,21
LEEE8AA013,4,47,51,0,13,13,11,15,26
UDEE84603N,6,73,79,3,7,10,2,29,31
PVEE82403T,6,67,73,4,13,17,7,26,33
RCEE81602D,2,22,24,0,2,2,9,10,19
VEEE833059,7,57,64,2,15,17,2,25,27
AQPS03000Q,30,87,117,0,0,0,7,22,29
CRPS001015,44,68,112,7,14,21,5,21,26
CBMM81801D,5,26,31,2,9,11,8,15,23
NAEE23100C,3,54,57,0,14,14,10,12,22
POEE81403V,1,71,72,0,19,19,2,28,30
BAMM87801N,10,31,41,4,7,11,9,10,19
VAEE852014,2,91,93,0,25,25,9,23,32
CNEE847016,1,50,51,0,11,11,6,25,31
SVRI002016,33,57,90,9,16,25,9,20,29
PVEE80405P,3,64,67,1,19,20,6,31,37
PIEE811014,1,43,44,0,9,9,3,21,24
CAMM82802E,11,22,33,3,4,7,9,19,28
AQEE84202G,3,72,75,1,26,27,3,29,32
GEMM84701X,8,24,32,1,8,9,3,22,25
ISMM81205T,8,18,26,0,5,5,7,18,25
AQSD01201N,25,74,99,8,22,30,4,18,22
IMEE80904R,2,41,43,0,9,9,3,12,15
MIPC20000G,38,62,100,2,6,8,7,17,24
PREE835033,2,76,78,1,17,18,1,33,34
CEMM85402D,7,16,23,0,0,0,4,19,23
PAPS016012,82,153,235,17,50,67,34,21,55
BAEE719012,82,153,235,17,50,67,34,21,55
CSEE80201X,4,36,40,0,7,7,12,11,23
FIEE81001D,4,40,44,1,8,9,2,20,22
TPMM83801R,6,20,26,2,3,5,14,8,22
LCMM82001G,5,21,26,1,4,5,5,17,22
PDRC02801L,56,85,141,8,26,34,16,20,36
TEEE83806L,2,60,62,0,16,16,11,26,37
BOMM825014,21,38,59,4,7,11,3,34,37
BAMM884011,9,48,57,2,23,25,10,17,27
ORPS01101N,40,124,164,6,40,46,17,20,37
LUEE845032,0,55,55,0,15,15,1,23,24
MIMM8E8014,5,24,29,3,7,10,3,22,25
PVTL006033,5,24,29,3,7,10,3,22,25
PDEE89201V,4,55,59,2,10,12,3,24,27
LERC03151P,37,109,146,5,42,47,0,0,0
GEMM853017,4,23,27,0,8,8,7,23,30
PSEE81801P,5,53,58,1,15,16,3,23,26
MTTD02050A,23,31,54,1,1,2,6,13,19
NAPM023019,34,49,83,1,9,10,12,14,26
AVSD024504,28,69,97,3,13,16,0,0,0
AGMM812028,27,24,51,4,2,6,18,8,26
PGPS030008,22,86,108,0,4,4,10,21,31
RMTD10301P,25,102,127,9,33,42,4,25,29
GEMM81503E,4,23,27,1,7,8,5,16,21
FIMM84902Q,4,23,27,1,7,8,5,16,21
FOTA03000R,57,84,141,12,16,28,26,44,70
CAEE03702B,3,55,58,1,15,16,3,14,17
MEEE830056,3,42,45,2,10,12,9,11,20
NARH080005,51,99,150,5,28,33,20,12,32
RMEE88302B,2,36,38,1,10,11,4,16,20
TOEE88901R,4,68,72,3,16,19,8,30,38
RMPC48000P,29,82,111,0,4,4,6,24,30
VREE85003L,0,54,54,0,11,11,5,21,26
MIEE8AQ017,7,69,76,4,14,18,8,27,35
ANPC02101N,30,78,108,3,13,16,6,31,37
BNMM827013,1,9,10,0,1,1,13,10,23
FREE81603V,0,46,46,0,15,15,7,26,33
COEE831019,4,56,60,1,9,10,4,17,21
CTMM852013,7,23,30,1,3,4,4,16,20
FIMM868014,11,43,54,1,9,10,5,25,30
BLEE809043,3,49,52,0,10,10,5,16,21
SSPC024022,21,63,84,2,17,19,4,20,24
MCRI05000P,44,43,87,6,8,14,8,19,27
VRMM857018,9,33,42,3,7,10,6,24,30
SIEE80904R,4,41,45,2,7,9,6,18,24
COEE80703E,5,77,82,3,20,23,5,29,34
BORH022065,5,77,82,3,20,23,5,29,34
VREE815039,1,46,47,0,11,11,5,14,19
LIPC007014,37,87,124,8,31,39,7,17,24
RMEE8E6012,3,90,93,1,28,29,1,29,30
TPTD02801G,52,86,138,9,39,48,19,14,33
NARH06701Q,70,178,248,21,84,105,22,25,47
MCTD030015,15,28,43,2,4,6,4,12,16
APEE83004R,1,62,63,0,16,16,7,23,30
ALEE83404V,4,73,77,2,19,21,10,27,37
RAEE82804L,5,44,49,1,13,14,1,27,28
RAPC04000C,44,130,174,4,18,22,15,31,46
CSEE81904C,1,42,43,1,12,13,15,9,24
NAEE8GC03V,1,48,49,0,16,16,10,11,21
RMEE805015,1,55,56,0,11,11,3,18,21
CZEE848015,4,35,39,1,7,8,9,16,25
SIMM81303A,5,21,26,0,4,4,3,21,24
VAMM881013,5,21,26,0,4,4,3,21,24
VEMM87201P,21,32,53,3,7,10,10,19,29
TAMM81101X,3,24,27,2,7,9,4,14,18
APTD00901L,17,83,100,1,5,6,9,19,28
VEEE863022,2,71,73,0,13,13,5,31,36
TAEE83401N,0,21,21,0,3,3,2,18,20
TREE803025,3,30,33,1,8,9,1,16,17
FRPC00101C,17,55,72,1,7,8,4,18,22
FGEE819017,5,44,49,1,8,9,7,13,20
BOEE80904A,4,44,48,1,7,8,7,23,30
REEE821037,3,58,61,2,14,16,4,22,26
NAMM8B401E,14,29,43,3,9,12,11,9,20
SVMM812012,3,37,40,0,7,7,10,19,29
TOMM8AG01T,8,30,38,3,7,10,7,26,33
NAEE81501R,1,36,37,0,15,15,10,11,21
LTRI017012,61,114,175,13,21,34,12,21,33
BSEE8AC02E,4,55,59,1,13,14,6,19,25
TOEE00400R,8,91,99,6,30,36,6,21,27
BNEE84101A,1,30,31,1,6,7,5,17,22
PGEE806043,2,16,18,1,5,6,1,11,12
RMEE81401X,5,55,60,2,15,17,7,14,21
PSTD00701L,34,46,80,6,13,19,16,33,49
CSTD06751C,24,48,72,4,10,14,0,0,0
VREE88403Q,2,67,69,1,12,13,6,20,26
BSPS00601V,68,90,158,4,7,11,18,25,43
LTEE833049,3,78,81,2,25,27,7,28,35
MOEE06002C,17,142,159,8,42,50,13,41,54
TVEE820024,1,76,77,0,13,13,2,31,33
PCMM81601N,5,33,38,0,8,8,3,36,39
MOEE845029,5,69,74,0,26,26,3,30,33
RMMM8EU019,4,27,31,3,7,10,2,23,25
CNEE81609V,2,37,39,0,11,11,5,23,28
BRMM81401R,2,37,39,0,11,11,5,23,28
NAMM8EL01E,15,48,63,4,13,17,4,13,17
LETD00351T,64,66,130,6,20,26,0,0,0
LOEE80802R,3,54,57,1,12,13,8,26,34
RGMM809014,12,30,42,1,7,8,15,18,33
MOTF002011,78,105,183,8,30,38,12,36,48
RMEE8GH01V,4,82,86,2,24,26,5,23,28
CHMM826022,10,12,22,3,2,5,1,16,17
SREE810027,2,39,41,0,15,15,6,12,18
RMEE8G402L,0,31,31,0,7,7,6,11,17
PZMM88802R,5,24,29,2,5,7,9,16,25
AGMM841017,10,18,28,1,3,4,17,11,28
TVEE850075,2,59,61,1,10,11,4,24,28
CZPM00101D,40,97,137,2,11,13,17,24,41
MCEE825019,2,33,35,1,6,7,3,18,21
NAEE8FA01E,2,17,19,0,3,3,8,8,16
PNMM81702G,10,25,35,2,3,5,1,16,17
SARI18000X,33,77,110,1,11,12,0,0,0
BGEE84502D,4,59,63,4,13,17,4,20,24
POEE82101X,3,83,86,3,15,18,5,29,34
PRRI00101G,28,54,82,5,11,16,3,23,26
BGMM8AG017,15,28,43,7,5,12,4,28,32
MEEE877017,5,44,49,1,8,9,10,20,30
RAEE81401G,9,64,73,3,21,24,6,30,36
RGEE004002,0,46,46,0,14,14,7,15,22
AGEE85801N,7,32,39,2,9,11,12,11,23
PAMM812026,12,16,28,1,2,3,13,10,23
CRMM809038,13,43,56,5,10,15,3,39,42
PAEE10201D,4,64,68,2,28,30,10,8,18
PREE806011,2,54,56,1,15,16,3,24,27
NATD00650P,27,70,97,7,21,28,0,0,0
RMMM8B201T,2,39,41,0,8,8,7,19,26
RIEE823025,3,38,41,1,11,12,2,17,19
MIMM8FM01B,36,67,103,14,28,42,6,24,30
FRMM836022,7,32,39,0,8,8,5,20,25
NAEE8EZ02G,4,57,61,1,16,17,13,14,27
MITF070009,54,82,136,6,9,15,14,21,35
TOMM180017,10,25,35,3,2,5,0,0,0
VEEE840029,5,72,77,1,11,12,6,29,35
CSEE8AS05P,0,48,48,0,12,12,9,17,26
BGMM85201E,10,32,42,1,5,6,5,19,24
ISEE81513Q,2,65,67,1,11,12,11,24,35
FITD028013,67,117,184,3,14,17,21,24,45
TPPC009017,29,54,83,2,4,6,14,12,26
BGRI01201V,29,54,83,2,4,6,14,12,26
BSMM82501P,15,39,54,3,7,10,6,27,33
POEE820014,5,101,106,0,24,24,8,41,49
PVMM827016,19,66,85,9,22,31,8,30,38
BAEE87701V,0,37,37,0,7,7,7,13,20
BIEE80001G,2,53,55,0,12,12,6,31,37
PAMM818014,5,19,24,0,5,5,9,8,17
SVEE80101L,3,27,30,0,5,5,5,17,22
CNEE841039,1,47,48,1,14,15,4,23,27
PREE813036,4,66,70,0,15,15,12,25,37
CAEE704026,4,66,70,0,15,15,12,25,37
BARF04401A,48,111,159,21,46,67,9,20,29
NASL13301L,32,62,94,7,36,43,10,12,22
GRMM09000T,32,62,94,7,36,43,10,12,22
AVRH011011,34,78,112,7,24,31,16,15,31
AGEE820017,5,57,62,2,6,8,23,8,31
PVEE810052,1,26,27,1,4,5,11,12,23
UDEE815021,2,37,39,0,7,7,1,19,20
VIMM85201R,12,14,26,2,4,6,4,23,27
CSEE87105E,3,44,47,0,13,13,7,13,20
SSTE01050T,31,67,98,2,23,25,4,21,25
RMRH04000N,46,110,156,5,38,43,18,26,44
CTMM8A801G,16,54,70,7,14,21,7,23,30
BRRH00901L,49,73,122,9,15,24,15,15,30
LIMM805023,11,30,41,4,6,10,4,25,29
LCEE82603N,11,30,41,4,6,10,4,25,29
MEEE84707N,1,44,45,0,8,8,12,13,25
BLMM83301Q,11,31,42,2,6,8,10,31,41
MNMM813013,12,48,60,3,17,20,4,36,40
ALEE82801C,4,94,98,3,39,42,10,25,35
SVEE81706B,5,59,64,3,16,19,10,26,36
SAEE83405R,1,24,25,0,6,6,7,9,16
BGPS05000B,35,68,103,1,0,1,6,32,38
TOEE82702E,1,36,37,0,6,6,10,16,26
CAEE818021,0,48,48,0,8,8,4,24,28
FIEE87302N,6,88,94,2,21,23,8,30,38
MTMM83303R,8,23,31,1,3,4,7,18,25
MIRC02851Q,51,86,137,11,11,22,0,0,0
ARRI00750X,55,94,149,6,34,40,0,0,0
MTMM81102V,12,19,31,5,2,7,9,13,22
AGRI02201L,49,75,124,8,17,25,17,14,31
CAEE812033,6,56,62,3,18,21,6,24,30
MIMM8AR012,14,33,47,5,5,10,9,22,31
AQEE82701C,4,48,52,3,10,13,12,19,31
PCEE81604T,2,75,77,1,15,16,3,36,39
LUEE844014,1,48,49,0,9,9,3,29,32
MIMM8CB01X,9,41,50,3,6,9,12,16,28
BAEE82902E,9,41,50,3,6,9,12,16,28
GEEE80702G,6,58,64,1,12,13,5,21,26
CZEE859102,2,41,43,0,5,5,10,20,30
NOEE83103Q,10,92,102,4,35,39,8,32,40
BNMM83305E,12,24,36,3,3,6,9,15,24
ENRH013013,25,36,61,3,6,9,4,8,12
TOEE8B602P,5,89,94,1,18,19,7,35,42
BSEE89903B,2,55,57,0,13,13,7,17,24
VREE89304G,6,58,64,2,9,11,4,21,25
CSRI02901N,32,88,120,2,14,16,18,20,38
NAPS04201N,20,70,90,2,13,15,15,15,30
CSMM851025,7,50,57,0,9,9,16,21,37
MCEE81502Q,2,55,57,2,13,15,2,28,30
TVEE82803Q,3,59,62,1,11,12,3,22,25
VCEE809013,6,80,86,4,27,31,9,36,45
FGEE88201P,4,58,62,2,14,16,10,14,24
CTEE86403C,4,78,82,2,36,38,12,19,31
FREE844033,2,68,70,2,12,14,7,22,29
PDEE883025,10,71,81,5,12,17,12,22,34
TVEE87401B,5,76,81,3,23,26,8,26,34
APEE813021,1,34,35,0,8,8,3,24,27
VRMM83301Q,7,34,41,2,9,11,6,17,23
VREE89203P,6,63,69,3,15,18,4,17,21
NARH058011,77,150,227,12,45,57,24,30,54
PZMM87102B,13,21,34,3,2,5,10,15,25
BSEE81101T,3,49,52,1,9,10,6,23,29
VVEE81303V,5,42,47,0,13,13,16,10,26
CZEE87106B,1,45,46,0,3,3,9,17,26
RMMM8A401V,9,42,51,2,16,18,3,24,27
MOPS00401E,38,70,108,3,8,11,9,22,31
RERA014014,55,69,124,10,18,28,24,20,44
CREE81404T,3,47,50,0,12,12,4,22,26
BGEE82401B,3,71,74,1,14,15,5,22,27
LETF01601R,57,75,132,10,11,21,14,13,27
RITD001511,46,90,136,8,35,43,0,0,0
BAEE167016,6,69,75,3,18,21,7,14,21
PIEE82303C,2,44,46,0,8,8,6,18,24
REEE84005P,5,94,99,1,35,36,4,33,37
AREE82905V,1,48,49,0,10,10,2,23,25
VVMM83601C,7,16,23,0,3,3,0,0,0
BGMM8AA018,8,32,40,3,9,12,8,17,25
MEEE872058,3,93,96,1,37,38,16,15,31
APMM839024,15,30,45,3,5,8,4,28,32
TVEE85801D,0,39,39,0,10,10,3,17,20
PAMM88101G,7,15,22,1,3,4,9,8,17
VAEE82504V,5,35,40,3,6,9,2,19,21
TOEE8BY02A,1,57,58,0,12,12,5,25,30
BAEE120066,3,55,58,1,12,13,5,12,17
PIEE82801D,2,72,74,2,20,22,4,32,36
VEEE01001D,4,16,20,1,3,4,0,0,0
AVMM852043,10,35,45,0,8,8,2,24,26
PNMM826019,9,19,28,2,3,5,3,17,20
MEEE83507B,3,51,54,0,8,8,10,17,27
GEEE86601A,3,61,64,1,19,20,4,16,20
VVMM82601T,9,32,41,3,7,10,12,18,30
CRTF00601A,38,118,156,11,45,56,5,34,39
CNEE83603T,1,29,30,0,9,9,7,15,22
BAEE86403V,5,90,95,2,37,39,13,17,30
NAEE8DC022,5,90,95,2,37,39,13,17,30
RAEE82201E,8,62,70,2,19,21,7,21,28
PVMM800016,9,28,37,4,9,13,9,26,35
TEEE83303A,4,88,92,0,28,28,5,33,38
MOEE825024,3,104,107,0,28,28,8,27,35
COPS030001,26,106,132,0,5,5,9,27,36
BREE82902L,3,39,42,1,8,9,7,13,20
CREE82801L,8,65,73,4,17,21,2,28,30
PDEE83603L,3,60,63,2,13,15,6,25,31
GORC00301R,41,50,91,6,15,21,8,14,22
VREE873028,1,44,45,0,10,10,10,12,22
NUMM70002A,1,44,45,0,10,10,10,12,22
BARI03603C,1,44,45,0,10,10,10,12,22
CEMM8BB011,15,63,78,3,14,17,4,19,23
SATL01350P,54,58,112,8,7,15,0,0,0
PRMM818016,8,19,27,3,3,6,5,19,24
SATF05201R,64,85,149,8,11,19,28,12,40
RGRC00201B,48,89,137,10,13,23,25,17,42
MBTF098013,63,71,134,4,11,15,6,25,31
UDMM84101B,6,23,29,3,8,11,5,24,29
CZMM842026,6,19,25,1,4,5,6,15,21
AGEE82801T,6,43,49,2,12,14,12,16,28
CHMM809028,4,19,23,1,6,7,3,15,18
TEPS01401B,57,94,151,11,32,43,12,20,32
NAMM15900A,15,63,78,8,19,27,6,8,14
SAEE8BX03G,7,64,71,2,21,23,15,7,22
NAMM8EC01E,7,25,32,3,6,9,12,9,21
BGEE885086,2,28,30,1,7,8,3,19,22
SVMM818011,14,21,35,3,6,9,8,19,27
TVEE883016,2,60,62,0,10,10,6,24,30
AVEE81603X,2,59,61,1,21,22,13,14,27
NAMM8DX017,14,46,60,5,11,16,11,12,23
CAMM874017,6,28,34,3,11,14,7,15,22
FEMM81301L,8,55,63,1,15,16,4,24,28
NUMM869018,4,28,32,0,9,9,3,23,26
ALEE82310Q,3,39,42,2,7,9,8,23,31
BAPS12000B,18,61,79,1,7,8,9,16,25
FEEE80103D,2,40,42,1,12,13,1,24,25
BAEE06500L,2,40,42,1,12,13,1,24,25
ARRC01201A,50,50,100,7,20,27,9,15,24
MIEE8D303D,12,81,93,8,20,28,9,19,28
ARRI02201N,22,30,52,3,11,14,2,5,7
NOEE82301P,4,99,103,1,37,38,3,36,39
TRMM82101L,10,21,31,4,4,8,1,24,25
BAEE89901Q,3,66,69,1,32,33,8,20,28
VIMM885014,9,22,31,1,5,6,5,23,28
BREE805013,0,58,58,0,20,20,12,11,23
VIMM876019,7,37,44,2,9,11,10,20,30
PSMM810024,7,14,21,3,4,7,2,17,19
VAEE832042,4,56,60,0,16,16,6,15,21
FOMM80701T,6,16,22,1,3,4,7,23,30
VEEE83204C,1,36,37,0,4,4,8,22,30
RMMM82401D,7,34,41,1,12,13,4,28,32
TEEE813013,2,70,72,1,22,23,6,23,29
FGMM86801B,15,35,50,3,9,12,19,9,28
NAEE8CL01A,0,46,46,0,18,18,7,17,24
GEMM809015,3,20,23,1,6,7,2,17,19
TRPS009511,25,83,108,0,10,10,0,0,0
PAMM8A8014,16,17,33,10,5,15,14,11,25
MIMM8BN026,11,33,44,4,9,13,4,27,31
VITD00251E,11,33,44,4,9,13,4,27,31
CAEE87701Q,0,72,72,0,24,24,12,34,46
VIEE88201N,2,58,60,0,12,12,8,17,25
TOEE85402V,2,47,49,0,7,7,6,22,28
CZEE850037,1,64,65,0,14,14,14,21,35
BIEE80007T,2,53,55,0,12,12,6,31,37
CAPS15050D,5,6,11,0,1,1,1,14,15
TOMM8BC015,9,26,35,4,4,8,2,29,31
AGRH01250V,47,57,104,1,9,10,0,0,0
PZEE87105G,2,54,56,0,14,14,10,15,25
BSMM8AE014,8,29,37,1,7,8,6,29,35
FREE84502T,1,51,52,1,11,12,4,21,25
CZEE849022,3,63,66,0,13,13,18,14,32
LTEE847036,1,58,59,1,30,31,5,22,27
SAEE8AK02R,0,21,21,0,1,1,5,9,14
VCMM80401V,2,24,26,1,5,6,3,21,24
MNMM806021,16,24,40,4,4,8,3,28,31
APEE811029,5,29,34,0,6,6,2,23,25
PZMM86301B,7,22,29,0,4,4,3,19,22
FGPM059017,74,104,178,9,23,32,28,13,41
PVSL00601G,53,104,157,4,17,21,11,28,39
TOPS270001,19,55,74,0,4,4,14,22,36
MITF00802Q,72,66,138,11,14,25,12,23,35
RMMM8E5015,8,35,43,3,12,15,5,19,24
CSEE8A002X,2,42,44,2,9,11,9,16,25
VEEE86601C,8,92,100,4,29,33,2,29,31
VEEE85602V,4,64,68,2,11,13,4,26,30
MCRI05001Q,44,43,87,6,8,14,8,19,27
VBEE812029,3,78,81,2,24,26,8,38,46
BSMM88501A,4,18,22,2,5,7,7,22,29
GERA012025,62,79,141,16,43,59,15,19,34
VBEE819046,0,62,62,0,15,15,4,29,33
SOEE82202A,6,68,74,4,11,15,9,18,27
CSTL07901Q,34,66,100,0,6,6,8,17,25
RMMM8GA013,4,34,38,1,11,12,5,16,21
CSMM89001P,8,23,31,1,8,9,8,21,29
RNEE01504T,8,114,122,3,36,39,9,29,38
COMM831029,7,30,37,1,6,7,4,17,21
APEE840029,2,62,64,0,24,24,10,17,27
VEEE804037,3,39,42,1,8,9,7,13,20
TOMM8AH01N,5,21,26,4,6,10,10,23,33
CHEE03616A,2,50,52,0,12,12,1,23,24
CNEE86504V,3,71,74,0,26,26,4,35,39
KRPS02000Q,25,47,72,6,7,13,14,6,20
REEE84702A,7,79,86,1,23,24,3,31,34
ENMM82701N,15,45,60,5,12,17,11,13,24
VBMM805014,6,9,15,0,2,2,3,19,22
CNEE821012,2,36,38,0,6,6,3,18,21
PTEE82204L,4,100,104,1,36,37,6,39,45
ATEE811069,1,73,74,1,19,20,10,27,37
CZEE10301D,2,40,42,0,11,11,0,0,0
NATD06702V,70,178,248,21,84,105,22,25,47
FETD08000Q,22,58,80,2,6,8,20,14,34
BOEE84401E,3,55,58,1,16,17,9,19,28
SREE01300N,1,62,63,0,14,14,8,16,24
NAPM107018,8,45,53,4,16,20,5,9,14
PVEE80004A,3,51,54,0,15,15,9,26,35
VAMM82703C,8,39,47,4,10,14,5,26,31
CTEE081026,2,113,115,1,33,34,7,26,33
CRRC00101N,44,68,112,7,14,21,5,21,26
PAMM8BA01X,16,58,74,4,19,23,13,15,28
TRMM803024,7,19,26,0,5,5,1,16,17
UDEE829041,6,78,84,1,19,20,4,35,39
POMM81401Q,17,44,61,11,15,26,2,28,30
GOTF00601T,53,79,132,3,15,18,16,26,42
VIEE86805G,7,56,63,5,13,18,6,18,24
RAMM80603N,9,48,57,3,13,16,10,23,33
PIMM81201V,8,41,49,5,11,16,5,28,33
NAEE177034,1,66,67,0,12,12,11,13,24
LOMM80901E,25,42,67,4,2,6,15,41,56
NAEE189007,2,59,61,1,17,18,8,11,19
CERI039015,39,64,103,4,10,14,18,16,34
GEEE847022,0,51,51,0,13,13,3,22,25
MIPM03000T,34,89,123,2,10,12,11,18,29
SAMM8BX01C,4,11,15,1,3,4,15,7,22
CEMM85404G,7,16,23,0,0,0,4,19,23
PEEE80501D,0,29,29,0,6,6,4,17,21
SARI02901V,59,99,158,7,30,37,21,18,39
CSEE802054,4,36,40,0,7,7,12,11,23
ENMM80502T,11,17,28,2,4,6,16,7,23
SSEE84402T,1,72,73,1,22,23,7,24,31
CSMM86702P,5,22,27,0,4,4,15,7,22
BLEE825063,2,29,31,0,5,5,5,24,29
BAEE884023,2,85,87,1,38,39,10,17,27
MEEE822013,0,40,40,0,16,16,6,14,20
TVEE83601L,3,80,83,1,19,20,7,21,28
LETF003514,64,66,130,6,20,26,0,0,0
PSEE828019,1,49,50,0,11,11,5,25,30
LETD03101L,37,109,146,5,42,47,17,16,33
GEEE854025,5,85,90,2,18,20,8,27,35
PSEE81802Q,5,53,58,1,15,16,3,23,26
LUMM08300N,5,53,58,1,15,16,3,23,26
PIMM816027,6,36,42,2,9,11,1,31,32
IMMM815021,11,36,47,1,9,10,5,22,27
MTTD020001,23,31,54,1,1,2,6,13,19
RMMM8G402G,4,7,11,1,1,2,6,11,17
PIPM050007,36,110,146,8,35,43,6,26,32
MTMM83301P,8,23,31,1,3,4,7,18,25
AVTD023019,28,83,111,0,12,12,8,16,24
FGEE85802V,1,72,73,0,19,19,8,19,27
NAPS02201C,15,69,84,2,9,11,10,14,24
FIMM84901P,8,33,41,0,7,7,9,21,30
RCTF03050N,64,115,179,6,45,51,21,15,36
BATD13000T,25,51,76,6,7,13,7,11,18
MEEE8AE01X,1,58,59,1,19,20,7,17,24
PVEE82602C,10,115,125,4,35,39,10,46,56
CAMM82804L,11,22,33,3,4,7,9,19,28
VTRI011018,21,39,60,0,14,14,5,18,23
MTRI00901L,33,61,94,1,11,12,9,17,26
RCMM81601B,5,16,21,0,3,3,9,10,19
SSEE835056,2,43,45,0,11,11,6,11,17
ISMM81202P,8,18,26,0,5,5,7,18,25
TOEE88902T,4,68,72,3,16,19,8,30,38
CSMM87501L,13,35,48,1,9,10,18,10,28
VIMM83301B,14,22,36,5,4,9,2,25,27
NUEE87601C,2,40,42,0,10,10,2,22,24
PASD02202R,39,77,116,4,14,18,21,14,35
VIEE88102V,2,108,110,0,28,28,11,29,40
VEPM02601G,30,83,113,2,3,5,10,22,32
SAEE8AP02X,3,41,44,1,9,10,4,16,20
FITD01101N,51,108,159,12,39,51,21,18,39
BSEE8AM03B,8,55,63,2,13,15,12,15,27
MBMM8F901B,9,17,26,2,5,7,2,23,25
PAEE8A9011,3,60,63,2,16,18,17,13,30
CSMM8AS01D,8,28,36,1,7,8,9,17,26
VREE857019,3,57,60,0,18,18,6,24,30
RMMM834014,7,36,43,2,14,16,4,23,27
PDEE87403B,4,96,100,1,20,21,6,45,51
TOEE89802L,3,73,76,2,17,19,10,29,39
COEE80702D,5,77,82,3,20,23,5,29,34
PDEE86403R,2,68,70,1,19,20,2,25,27
BORH022054,2,68,70,1,19,20,2,25,27
RMSD104015,32,73,105,6,22,28,11,19,30
LUMM815013,6,2,8,2,0,2,2,7,9
CAEE038038,3,73,76,0,18,18,4,17,21
NARH07000E,49,104,153,17,39,56,21,19,40
LIPM007018,37,87,124,8,31,39,7,17,24
TPTD028511,52,86,138,9,39,48,0,0,0
REEE814023,3,43,46,0,9,9,6,26,32
FIEE826035,7,58,65,2,7,9,8,21,29
ENRF008014,49,73,122,3,19,22,19,14,33
FIMM87201Q,19,49,68,2,10,12,8,34,42
VVEE82001X,4,41,45,1,8,9,14,10,24
RMMM805014,8,9,17,4,1,5,3,18,21
CHEE81401Q,3,33,36,1,13,14,2,15,17
VEEE81404V,1,26,27,0,4,4,8,12,20
TAMM810014,12,21,33,1,2,3,6,14,20
VEEE87201Q,7,60,67,2,15,17,10,19,29
BNMM826017,8,22,30,1,2,3,8,20,28
PZEE86203P,3,50,53,0,11,11,3,18,21
RMRF027516,22,62,84,4,21,25,0,0,0
UDEE81501X,2,37,39,0,7,7,1,19,20
MEEE814058,4,26,30,0,1,1,12,16,28
FGMM819049,10,12,22,2,0,2,7,13,20
BOEE809017,4,44,48,1,7,8,7,23,30
SVEE812024,0,52,52,0,12,12,10,19,29
RMEE8D1018,2,55,57,0,17,17,7,20,27
LTRI01750A,61,114,175,13,21,34,0,0,0
TOEE00401T,8,91,99,6,30,36,6,21,27
BNMM841019,11,19,30,0,3,3,5,17,22
ANEE828024,2,72,74,0,24,24,6,30,36
SIEE827028,1,69,70,0,22,22,5,25,30
AVMM83703X,23,31,54,4,5,9,17,12,29
MEMM84701A,6,25,31,3,3,6,12,13,25
PZEE829044,2,33,35,0,7,7,11,12,23
MIEE8EN01N,2,64,66,1,14,15,2,20,22
BSRA007018,39,42,81,0,3,3,12,14,26
ALEE83401Q,4,73,77,2,19,21,10,27,37
BGPS17000D,20,41,61,0,1,1,3,22,25
VEEE867029,4,90,94,0,15,15,6,28,34
VEMM861018,10,27,37,2,3,5,0,30,30
MITD02801N,51,86,137,11,11,22,14,19,33
NUEE850018,2,21,23,0,2,2,2,17,19
BREE81401T,2,21,23,0,2,2,2,17,19
PCEE81001Q,0,79,79,0,19,19,5,33,38
BAEE84502C,2,64,66,1,19,20,6,17,23
CSEE89002R,2,68,70,0,20,20,8,21,29
RGEE809015,4,50,54,0,13,13,15,18,33
RMMM8GH01T,2,35,37,0,10,10,5,23,28
CNEE86502R,3,71,74,0,26,26,4,35,39
VBEE805015,0,24,24,0,7,7,3,19,22
BAMM83701B,8,32,40,1,9,10,9,12,21
NAEE8FY03B,8,32,40,1,9,10,9,12,21
PDEE82203P,4,65,69,2,15,17,2,30,32
MNTF011013,94,112,206,0,9,9,19,39,58
CSPC067014,24,48,72,4,10,14,15,8,23
PAMM86001E,10,35,45,3,14,17,14,12,26
SAMM816023,11,15,26,1,3,4,5,12,17
CSEE88408Q,3,28,31,1,4,5,11,10,21
ALEE818063,1,52,53,0,13,13,8,25,33
BGEE84507P,4,59,63,4,13,17,4,20,24
MOEE845018,5,69,74,0,26,26,3,30,33
CNEE85904G,5,76,81,2,24,26,9,30,39
CNEE81608T,2,37,39,0,11,11,5,23,28
AGMM85801L,14,18,32,4,4,8,12,11,23
PAEE812038,5,41,46,0,10,10,13,10,23
LCEE81304L,2,60,62,0,17,17,6,27,33
FRMM836011,7,32,39,0,8,8,5,20,25
RMMM848012,4,21,25,3,4,7,7,11,18
AGEE85901D,1,33,34,0,7,7,15,12,27
SREE811023,1,43,44,1,14,15,10,16,26
PAEE8BB03V,2,63,65,0,21,21,8,22,30
FIPS028017,67,117,184,3,14,17,21,24,45
RMMM8F601G,5,22,27,3,4,7,3,19,22
PZEE888051,2,53,55,1,15,16,9,16,25
NAEE8C801D,2,39,41,0,14,14,7,14,21
PVEE80402G,3,64,67,1,19,20,6,31,37
TVEE85001V,2,59,61,1,10,11,4,24,28
PAEE818026,0,23,23,0,6,6,9,8,17
RCMM867018,10,51,61,2,12,14,14,17,31
SARH03000E,36,76,112,5,27,32,16,10,26
MEMM877038,14,24,38,1,3,4,10,20,30
BARF04451Q,48,111,159,21,46,67,0,0,0
NARH13201N,29,92,121,8,26,34,22,14,36
MEEE86903A,2,60,62,1,27,28,6,17,23
SRMM07100L,2,60,62,1,27,28,6,17,23
PVEE81001T,1,26,27,1,4,5,11,12,23
CSEE8AR019,3,53,56,1,12,13,14,12,26
ROEE82103Q,2,65,67,1,24,25,5,24,29
SAEE852016,1,31,32,0,12,12,1,18,19
SSMM84501G,3,24,27,0,4,4,1,26,27
NAPS00701A,20,34,54,0,7,7,1,7,8
IMEE815011,5,54,59,1,11,12,5,22,27
CTEE8A801L,4,87,91,0,32,32,7,23,30
MITF11050X,71,69,140,4,8,12,13,21,34
TOMM180006,10,25,35,3,2,5,0,0,0
COEE85502V,2,40,42,0,11,11,3,17,20
BRPC00801X,26,50,76,6,8,14,14,6,20
LIMM805034,11,30,41,4,6,10,4,25,29
NUSD00301N,41,61,102,4,19,23,8,18,26
ANMM84601G,9,24,33,0,8,8,3,24,27
BOEE833025,2,52,54,1,7,8,4,21,25
BLEE83304X,7,67,74,1,15,16,10,31,41
PEEE82101B,0,38,38,0,10,10,9,10,19
NARC113013,53,80,133,12,21,33,17,18,35
SSEE850014,4,52,56,3,16,19,4,18,22
NAEE8GV02D,1,53,54,0,19,19,10,11,21
PAMM8AG018,32,55,87,17,22,39,18,12,30
REEE84001E,5,94,99,1,35,36,4,33,37
AREE82902Q,1,48,49,0,10,10,2,23,25
RCEE834056,1,30,31,0,5,5,10,12,22
PAEE84001A,3,28,31,2,3,5,14,8,22
ISEE81206X,2,41,43,0,8,8,7,18,25
AVRH011509,34,78,112,7,24,31,0,0,0
FGEE84502R,5,60,65,1,21,22,13,10,23
PVMM83402A,5,60,65,1,21,22,13,10,23
VREE86302N,4,58,62,1,9,10,7,25,32
TOEE8BT049,6,81,87,3,29,32,11,32,43
COEE85103L,7,80,87,4,18,22,4,29,33
CSEE87104D,3,44,47,0,13,13,7,13,20
BLEE809032,3,49,52,0,10,10,5,16,21
LTMM81301X,8,48,56,2,19,21,12,26,38
TATF027026,59,78,137,9,34,43,20,44,64
LUTD01401L,39,86,125,10,34,44,6,24,30
RNMM805012,12,30,42,3,10,13,4,24,28
MCMM80701P,5,28,33,2,3,5,3,23,26
PCRI00601T,99,112,211,8,12,20,20,47,67
MEEE81806L,2,42,44,0,11,11,6,20,26
ISEE702017,2,42,44,0,11,11,6,20,26
ENPS013019,25,36,61,3,6,9,4,8,12
ANEE83403C,2,36,38,0,4,4,5,21,26
LUMM81101Q,4,22,26,1,9,10,6,26,32
BOEE05600R,7,72,79,3,17,20,2,20,22
LEEE888014,2,40,42,0,10,10,11,11,22
TOMM87101E,6,21,27,2,4,6,6,31,37
PSRF006017,30,55,85,6,19,25,3,17,20
CEMM86701E,9,41,50,1,9,10,12,15,27
REEE821026,3,58,61,2,14,16,4,22,26
TOMM8BE01R,18,43,61,10,15,25,7,21,28
TOEE82201A,3,37,40,1,9,10,4,23,27
VEEE87401B,3,37,40,1,9,10,4,23,27
BNEE826018,0,42,42,0,3,3,8,20,28
PIEE838036,4,47,51,0,13,13,0,25,25
RMEE8BH03X,3,47,50,0,15,15,5,18,23
CZEE842049,2,35,37,0,6,6,6,15,21
PDEE884043,7,54,61,1,11,12,7,19,26
TVMM87401A,15,30,45,5,9,14,8,26,34
VREE83303V,5,47,52,2,5,7,6,17,23
CZEE85902L,2,41,43,0,5,5,10,20,30
TOEE86506D,4,67,71,0,21,21,6,31,37
NAEE8EC01G,3,55,58,1,17,18,12,9,21
VRMM89201G,4,11,15,0,3,3,4,17,21
SVEE818067,4,56,60,2,13,15,8,19,27
PVEE823054,1,60,61,0,19,19,5,34,39
TVEE87805V,4,78,82,1,14,15,3,34,37
PGEE821034,3,37,40,1,11,12,4,14,18
TOMM8B601L,13,74,87,3,11,14,7,35,42
RCEE82613L,3,37,40,1,7,8,6,15,21
BSMM89201D,9,30,39,0,7,7,6,24,30
VREE89302D,6,58,64,2,9,11,4,21,25
GEMM81402N,8,24,32,0,7,7,4,28,32
PGEE048057,3,67,70,0,15,15,2,22,24
NOEE806011,6,54,60,3,13,16,7,23,30
MOTD00402B,38,70,108,3,8,11,9,22,31
BGMM840018,15,37,52,4,8,12,3,24,27
KRMM813014,7,39,46,1,8,9,15,13,28
NAEE35101G,1,59,60,0,16,16,5,10,15
BAEE834011,2,111,113,1,33,34,10,22,32
LEMM8AK01T,10,30,40,1,7,8,12,14,26
KREE827013,9,44,53,0,9,9,18,7,25
PNMM81701E,10,25,35,2,3,5,1,16,17
ROEE81004A,5,39,44,1,15,16,2,15,17
PAMM892012,12,47,59,1,17,18,15,19,34
PREE834015,2,86,88,1,31,32,15,22,37
PARA01401X,48,60,108,9,16,25,32,9,41
NOMM81402X,8,19,27,1,9,10,7,26,33
FIRC00201G,60,105,165,8,27,35,13,27,40
VVMM81302R,14,28,42,3,4,7,16,10,26
PVTD00701A,53,75,128,9,18,27,10,22,32
LCEE81403B,5,93,98,1,24,25,3,27,30
VAEE82501Q,5,35,40,3,6,9,2,19,21
BAEE120033,3,55,58,1,12,13,5,12,17
PIEE82804L,2,72,74,2,20,22,4,32,36
AVEE852055,3,53,56,1,14,15,2,24,26
RMMM8C9017,12,49,61,6,14,20,3,19,22
PNEE83404C,2,91,93,0,16,16,6,38,44
BGPS01201N,31,47,78,1,2,3,8,20,28
BGEE81106E,4,75,79,1,22,23,8,21,29
AGRH01201E,47,57,104,1,9,10,41,20,61
REPS016016,50,89,139,5,12,17,17,27,44
PAMM818036,5,19,24,0,5,5,9,8,17
CREE81403R,3,47,50,0,12,12,4,22,26
CLMM827019,20,28,48,5,8,13,17,9,26
BGEE82402C,3,71,74,1,14,15,5,22,27
TVTD02401P,97,110,207,4,11,15,21,29,50
PREE813014,4,66,70,0,15,15,12,25,37
TPEE829046,6,69,75,2,26,28,23,10,33
BGEE818069,4,86,90,1,24,25,8,27,35
RITD00101G,46,90,136,8,35,43,14,26,40
VAEE82603N,2,35,37,1,9,10,4,12,16
TOEE80607P,1,47,48,0,12,12,4,23,27
TSMM700016,1,47,48,0,12,12,4,23,27
ANEE81801C,2,79,81,2,27,29,7,24,31
PTEE81606B,3,42,45,1,3,4,4,30,34
NAEE85701V,6,43,49,4,13,17,14,12,26
GREE80902V,1,52,53,0,11,11,3,25,28
BSMM836015,6,19,25,2,3,5,4,17,21
SAEE8BM09A,1,41,42,0,13,13,10,11,21
NUEE70005E,1,41,42,0,13,13,10,11,21
BARI03601A,37,82,119,5,32,37,17,17,34
NARI089025,64,55,119,5,11,16,17,17,34
RCMM804026,8,33,41,1,14,15,19,16,35
CLRI006013,68,82,150,6,16,22,22,20,42
CSTD17000P,68,82,150,6,16,22,22,20,42
PREE818017,3,43,46,0,7,7,5,19,24
CRPC02000A,24,53,77,1,2,3,7,18,25
CNEE83604V,1,29,30,0,9,9,7,15,22
BAEE863011,1,86,87,0,31,31,8,21,29
LIEE805035,3,49,52,1,17,18,4,25,29
NUMM830023,11,23,34,2,4,6,9,12,21
MITN03000E,32,97,129,2,8,10,8,22,30
BLEE83301R,7,67,74,1,15,16,10,31,41
NAPS32000A,34,88,122,3,12,15,14,15,29
NURI019012,45,58,103,2,8,10,10,21,31
RMEE8G801V,2,50,52,1,16,17,4,14,18
CSEE858065,1,36,37,0,8,8,21,7,28
COPS04000G,21,62,83,1,2,3,5,16,21
BAMM854015,3,27,30,1,9,10,9,13,22
SAMM83301Q,9,12,21,2,3,5,8,10,18
FIMM83701C,14,27,41,3,6,9,7,17,24
RMMM8GB01V,10,64,74,3,12,15,10,31,41
NAEE8DX018,1,50,51,1,10,11,11,12,23
IMEE80303R,2,58,60,1,15,16,5,18,23
NAEE8EB01Q,1,43,44,0,8,8,9,15,24
TSEE80202R,2,38,40,0,10,10,6,14,20
RMTN073012,22,79,101,1,9,10,6,21,27
SATF01350E,54,58,112,8,7,15,0,0,0
ARTF01201X,50,50,100,7,20,27,9,15,24
ARTD022018,22,30,52,3,11,14,2,5,7
CLEE80403Q,0,50,50,0,8,8,13,11,24
BLMM810024,7,23,30,1,4,5,3,13,16
VIEE885015,4,67,71,1,13,14,5,23,28
VAEE83201V,4,56,60,0,16,16,6,15,21
TOMM86201Q,14,40,54,6,12,18,6,34,40
RMEE839018,5,74,79,2,20,22,4,23,27
AQEE82308C,5,32,37,2,10,12,3,22,25
VEEE83203B,1,36,37,0,4,4,8,22,30
MIMM8CR017,14,27,41,8,8,16,4,15,19
CTEE8AR01C,1,51,52,0,11,11,9,19,28
BOMM85701G,5,34,39,2,9,11,8,19,27
BAPS09000R,24,66,90,2,5,7,7,15,22
BAEE06501N,24,66,90,2,5,7,7,15,22
MCMM81501N,3,30,33,2,6,8,2,28,30
RAEE80601L,11,104,115,5,30,35,10,23,33
VAEE84602T,1,47,48,1,11,12,5,17,22
TOMM866013,9,23,32,5,10,15,8,19,27
ALTN00301A,42,79,121,6,19,25,8,27,35
REMM82201X,8,29,37,0,10,10,5,16,21
TREE81801T,3,54,57,0,17,17,1,22,23
TOEE8AX02X,4,50,54,2,12,14,8,18,26
RMMM825019,5,33,38,0,9,9,2,17,19
TOEE86503A,4,67,71,0,21,21,6,31,37
TOEE815028,7,84,91,0,25,25,12,24,36
LTEE84801X,0,42,42,0,12,12,8,18,26
MNEE806033,4,49,53,1,14,15,3,28,31
MIEE8BN038,3,70,73,0,15,15,4,27,31
CSMM83703X,15,39,54,2,6,8,16,16,32
TOPS22000X,31,68,99,3,1,4,10,22,32
FIEE86702A,1,46,47,0,10,10,6,24,30
TOMM33200E,1,46,47,0,10,10,6,24,30
CNEE70202R,1,46,47,0,10,10,6,24,30
PVEE82604E,10,115,125,4,35,39,10,46,56
MCMM804039,8,15,23,1,3,4,7,16,23
NOMM80801G,12,26,38,6,7,13,8,21,29
VEMM86601B,8,42,50,1,6,7,2,29,31
RCEE81609R,2,22,24,0,2,2,9,10,19
BIEE80104E,3,50,53,0,11,11,9,20,29
NAEE83301A,2,49,51,0,14,14,7,12,19
PASD022526,39,77,116,4,14,18,0,0,0
APMM811017,10,18,28,1,3,4,2,23,25
RMEE8EX03X,4,80,84,2,22,24,5,27,32
UDEE81303A,1,25,26,1,8,9,1,15,16
PAMM8A1019,13,42,55,1,14,15,11,16,27
TOPS03201D,44,120,164,11,16,27,15,30,45
SAEE8BF03Q,1,21,22,0,4,4,7,10,17
BGMM811018,14,30,44,7,4,11,8,21,29
ENEE82702Q,3,38,41,0,7,7,11,13,24
NAEE8DC033,4,81,85,2,28,30,4,24,28
PDEE86405V,2,68,70,1,19,20,2,25,27
LCMM82401V,10,42,52,3,9,12,7,27,34
SPEE808022,0,44,44,0,14,14,2,19,21
CSMM899015,6,17,23,0,5,5,10,11,21
IMMM702011,6,17,23,0,5,5,10,11,21
ATEE811025,1,73,74,1,19,20,10,27,37
TATF037515,65,93,158,1,15,16,0,0,0
CZEE10303G,2,40,42,0,11,11,0,0,0
MCSD01000D,25,75,100,6,18,24,6,26,32
KRMM047007,25,75,100,6,18,24,6,26,32
TOEE8BN052,2,73,75,1,17,18,8,31,39
BAEE04401L,1,46,47,1,4,5,7,13,20
PIEE833022,5,70,75,2,30,32,5,25,30
NARE10701P,8,45,53,4,16,20,5,9,14
CERH014019,64,98,162,18,34,52,23,17,40
VBMM812028,16,40,56,4,10,14,8,38,46
NAEE855017,1,43,44,0,12,12,8,14,22
VBEE819079,0,62,62,0,15,15,4,29,33
PREE81702C,0,25,25,0,4,4,4,22,26
PGEE86101C,3,68,71,1,13,14,5,22,27
NAEE23602N,4,80,84,3,28,31,11,13,24
CSPM08101E,54,165,219,8,39,47,19,15,34
VEEE811029,1,46,47,0,9,9,7,10,17
MBEE84603T,5,86,91,1,15,16,4,28,32
CEPS060008,32,73,105,0,5,5,11,11,22
BARC036513,37,82,119,5,32,37,0,0,0
MITN102018,23,62,85,7,18,25,8,12,20
OREE81403P,4,45,49,1,18,19,6,19,25
NAMM8GB01X,2,23,25,0,9,9,5,12,17
RGTD00301E,58,110,168,4,20,24,16,20,36
BSPS004017,71,82,153,13,16,29,15,21,36
KRPS02001R,25,47,72,6,7,13,14,6,20
LTTF013511,53,97,150,6,21,27,0,0,0
PCEE81102L,3,34,37,1,6,7,4,30,34
GREE82504V,3,41,44,2,5,7,7,21,28
NAEE83601T,2,17,19,1,4,5,6,6,12
KREE83102Q,5,70,75,1,24,25,11,20,31
PGMM80601V,4,9,13,0,1,1,1,11,12
ROEE803036,4,72,76,2,19,21,8,25,33
RCEE868015,5,58,63,2,14,16,10,21,31
LOEE80901G,4,85,89,1,13,14,15,41,56
APEE804015,9,59,68,1,20,21,9,34,43
PZEE829033,2,33,35,0,7,7,11,12,23
CSRC068511,48,78,126,1,15,16,0,0,0
VRMM88401L,8,31,39,4,6,10,6,20,26
BAMM862014,11,28,39,7,7,14,8,16,24
FOEE01802B,6,80,86,0,16,16,4,28,32
BSTD00701E,39,42,81,0,3,3,12,14,26
BOEE84402G,3,55,58,1,16,17,9,19,28
COEE838025,2,70,72,2,11,13,7,24,31
PEEE810011,0,52,52,0,17,17,7,28,35
AVTF070004,74,75,149,0,12,12,21,16,37
UDEE851024,2,52,54,0,14,14,5,27,32
SATF027025,38,50,88,5,12,17,12,11,23
LCEE810023,7,76,83,1,8,9,8,16,24
MEMM8AA01G,7,32,39,1,4,5,9,21,30
COEE826074,4,71,75,1,22,23,3,24,27
FGEE82902V,6,42,48,5,17,22,18,5,23
BLEE825074,2,29,31,0,5,5,5,24,29
CAMM82101P,2,17,19,0,4,4,4,15,19
CZMM83001V,4,18,22,0,6,6,7,24,31
TVMM83702C,8,24,32,1,4,5,3,27,30
LETF00301P,64,66,130,6,20,26,14,13,27
ISEE825073,2,29,31,1,4,5,8,19,27
CRPC001012,44,68,112,7,14,21,5,21,26
PAEE8BA011,5,52,57,2,22,24,13,15,28
FEEE81302P,4,76,80,2,25,27,4,24,28
PSEE82803B,1,49,50,0,11,11,5,25,30
PIMM70201B,1,49,50,0,11,11,5,25,30
RGMM80701C,8,23,31,3,8,11,12,10,22
CHTD04000G,32,58,90,3,13,16,5,16,21
PEPS004016,13,52,65,0,13,13,5,13,18
GOTA00650D,53,79,132,3,15,18,0,0,0
PIEE816017,3,62,65,1,16,17,1,31,32
CAMM70801B,3,62,65,1,16,17,1,31,32
NAMM8DW01B,11,38,49,6,14,20,15,9,24
RMMM8GJ013,5,59,64,2,18,20,2,26,28
MIEE8D4028,7,91,98,3,28,31,9,23,32
ARMM00900C,2,14,16,1,2,3,0,0,0
SSMM82201V,7,16,23,1,4,5,1,19,20
NAMM8E201P,7,26,33,1,8,9,9,9,18
SRSD01650C,46,75,121,6,15,21,0,0,0
SVTF00301V,51,77,128,6,22,28,13,19,32
GOEE80005C,4,34,38,0,9,9,3,19,22
LCMM81702R,16,62,78,5,15,20,3,31,34
PETA001014,14,35,49,3,13,16,6,10,16
CAEE82805P,5,42,47,1,9,10,9,19,28
CBPC02601V,62,109,171,6,36,42,17,34,51
MTPS004029,18,49,67,3,7,10,11,12,23
TAMM859011,8,42,50,1,9,10,7,15,22
PTEE81201V,4,59,63,1,18,19,4,23,27
ISEE81202Q,2,41,43,0,8,8,7,18,25
CBEE80901Q,3,41,44,0,8,8,0,0,0
BGEE84401L,4,83,87,1,17,18,5,24,29
SAEE8AP031,3,41,44,1,9,10,4,16,20
AVEE86703R,3,43,46,1,6,7,13,16,29
BOMM825025,21,38,59,4,7,11,3,34,37
VIPS002019,21,38,59,4,7,11,3,34,37
GEEE85201C,5,94,99,2,30,32,2,28,30
RIMM823024,6,20,26,1,3,4,2,17,19
MIMM8FL01G,13,27,40,4,7,11,4,23,27
TOMM85401R,11,26,37,5,5,10,6,22,28
AREE82301Q,6,64,70,4,24,28,9,23,32
RMEE848024,3,78,81,0,19,19,7,11,18
MTPS01000E,27,48,75,0,0,0,12,18,30
CREE820012,5,48,53,0,13,13,7,18,25
ANEE80503C,2,51,53,1,10,11,2,25,27
MTEE83301Q,2,47,49,0,10,10,7,18,25
TOEE89803N,3,73,76,2,17,19,10,29,39
FGEE858052,1,72,73,0,19,19,8,19,27
RMPC10401G,32,73,105,6,22,28,11,19,30
BSEE82602L,3,47,50,1,9,10,8,19,27
TOEE84901A,5,42,47,2,8,10,5,25,30
BATD09000L,41,80,121,5,17,22,9,17,26
ANEE84503V,0,54,54,0,13,13,6,30,36
CAEE038005,3,73,76,0,18,18,4,17,21
VRRH03000E,50,89,139,11,26,37,20,17,37
MCEE828051,7,65,72,3,22,25,6,30,36
VRTF00401B,56,70,126,2,4,6,11,18,29
NATF133506,32,62,94,7,36,43,0,0,0
SIEE82001C,4,33,37,2,8,10,3,20,23
CAEE86604C,1,67,68,0,21,21,6,20,26
CHMM81401P,8,21,29,1,8,9,2,15,17
RMPM02701G,22,62,84,4,21,25,9,14,23
TRMM810016,6,29,35,1,8,9,2,21,23
CAEE87804P,4,84,88,1,23,24,11,24,35
BOTN02201X,40,81,121,5,25,30,13,28,41
VEEE86602D,8,92,100,4,29,33,2,29,31
PNTN00601V,72,116,188,10,33,43,20,28,48
RMRH06102R,72,116,188,10,33,43,20,28,48
MIMM8EN01L,12,19,31,4,1,5,2,20,22
BGRH02001A,12,19,31,4,1,5,2,20,22
FIEE826046,7,58,65,2,7,9,8,21,29
VATF019013,91,89,180,10,17,27,15,30,45
VEEE86703A,4,90,94,0,15,15,6,28,34
FIEE87201R,2,90,92,1,22,23,8,34,42
CZEE848037,4,35,39,1,7,8,9,16,25
NAEE8BQ02X,2,49,51,0,19,19,10,14,24
VIEE87002C,3,70,73,3,20,23,4,25,29
PZRI021014,37,43,80,2,3,5,9,14,23
VATF01751R,111,107,218,11,28,39,0,0,0
VEEE87303N,1,60,61,0,17,17,2,21,23
COEE85102G,7,80,87,4,18,22,4,29,33
NAEE119056,2,58,60,1,21,22,6,15,21
BAMM82801L,10,37,47,3,15,18,9,20,29
BGPC02000C,17,41,58,0,0,0,9,14,23
CNEE821023,2,36,38,0,6,6,3,18,21
VBEE814054,6,57,63,2,13,15,6,26,32
PDEE82205R,4,65,69,2,15,17,2,30,32
TORI019018,63,73,136,8,20,28,13,23,36
TATF02752G,59,78,137,9,34,43,0,0,0
UDEE82005G,7,83,90,0,13,13,5,25,30
RMEE8BH01T,3,47,50,0,15,15,5,18,23
TVEE81901V,2,45,47,0,6,6,1,19,20
SPMM80502D,8,29,37,0,3,3,6,21,27
LTEE826035,1,23,24,0,6,6,4,9,13
BAEE83103G,2,72,74,1,19,20,6,25,31
RCEE87403E,1,61,62,0,24,24,14,11,25
NARH04150X,27,67,94,5,22,27,0,0,0
PAEE019001,4,77,81,3,27,30,12,14,26
CHEE82202Q,3,39,42,1,10,11,4,14,18
RCEE83503X,0,26,26,0,5,5,11,8,19
TVMM826022,12,34,46,0,6,6,4,23,27
VCEE809046,6,80,86,4,27,31,9,36,45
FGEE88101V,2,32,34,0,8,8,5,9,14
NAEE8FY019,0,56,56,0,22,22,13,14,27
NAEE17300N,3,65,68,2,18,20,5,13,18
NAEE18905C,2,59,61,1,17,18,8,11,19
TVMM85001T,8,30,38,1,5,6,4,24,28
CETD03901Q,39,64,103,4,10,14,18,16,34
MIPM050003,44,123,167,4,11,15,21,23,44
ROEE80501Q,2,23,25,0,4,4,8,13,21
RCEE867019,1,80,81,0,14,14,14,17,31
CHPS007015,38,68,106,12,25,37,16,39,55
PEMM107001,38,68,106,12,25,37,16,39,55
MEEE877039,5,44,49,1,8,9,10,20,30
GEEE80801A,1,35,36,0,9,9,3,15,18
RAMM81401E,8,36,44,3,9,12,6,30,36
COEE82601T,4,71,75,1,22,23,3,24,27
AVMM81001T,4,23,27,1,5,6,6,16,22
PAEE812016,5,41,46,0,10,10,13,10,23
SAMM852015,10,37,47,5,11,16,1,18,19
NAEE8GR01Q,1,51,52,0,16,16,13,11,24
PRMM80601X,5,27,32,1,6,7,3,24,27
NARH007014,20,34,54,0,7,7,1,7,8
TAMM85001E,6,39,45,1,9,10,8,19,27
MITF11000E,71,69,140,4,8,12,13,21,34
TOMM180028,10,25,35,3,2,5,0,0,0
BGMM85101P,7,19,26,0,4,4,2,24,26
ISMM815015,8,24,32,1,1,2,11,24,35
PAEE8BB02T,2,63,65,0,21,21,8,22,30
PSMM830018,13,48,61,5,11,16,2,22,24
PIPS01000Q,23,63,86,7,12,19,6,14,20
AVPM02301E,23,63,86,7,12,19,6,14,20
UDEE85503C,3,63,66,0,21,21,2,28,30
RMEE8AC014,3,70,73,1,18,19,6,25,31
RCTF030008,64,115,179,6,45,51,21,15,36
CAEE70001T,64,115,179,6,45,51,21,15,36
BAMM87301E,15,31,46,2,7,9,4,23,27
PEMM82101A,10,20,30,3,4,7,9,10,19
FOEE82401L,3,85,88,0,29,29,4,27,31
MIEE8DY02G,1,54,55,0,17,17,5,13,18
FRMM80303Q,6,26,32,3,5,8,4,29,33
SSMM850013,5,33,38,0,15,15,4,18,22
TOEE8AP042,6,87,93,2,26,28,10,32,42
PREE805037,8,31,39,2,7,9,4,19,23
CSEE836024,0,33,33,0,11,11,10,8,18
FIMM859019,8,14,22,3,5,8,7,21,28
BAMM719011,8,14,22,3,5,8,7,21,28
AREE82906X,1,48,49,0,10,10,2,23,25
ISEE812149,2,41,43,0,8,8,7,18,25
AVTD011024,34,78,112,7,24,31,16,15,31
CNTD01701P,114,105,219,6,13,19,16,32,48
ROMM82102N,11,39,50,2,9,11,5,24,29
CTMM82101B,6,21,27,3,4,7,6,17,23
PVEE83406G,9,100,109,5,36,41,5,28,33
MCPS002015,31,106,137,3,8,11,10,30,40
CAPC03000V,21,60,81,0,0,0,9,14,23
TOEE8BX01D,3,66,69,2,21,23,4,28,32
SAEE053013,5,55,60,1,18,19,9,12,21
CTEE8A803P,4,87,91,0,32,32,7,23,30
AVEE852011,3,53,56,1,14,15,2,24,26
BRTF011509,45,67,112,9,17,26,0,0,0
CSEE829043,6,16,22,1,2,3,12,13,25
MEEE835059,3,51,54,0,8,8,10,17,27
VITD00601C,47,52,99,7,6,13,20,39,59
MIEE88902T,11,54,65,2,19,21,13,19,32
TOEE84905E,5,42,47,2,8,10,5,25,30
RMEE85101V,3,72,75,0,17,17,4,25,29
VRRC00702A,53,90,143,8,24,32,11,22,33
VRPS01601G,38,107,145,3,10,13,4,28,32
FREE82606L,2,55,57,0,19,19,7,23,30
FGMM835036,14,31,45,1,6,7,10,16,26
ISMM11100P,14,31,45,1,6,7,10,16,26
MTMM83302Q,8,23,31,1,3,4,7,18,25
TSMM042005,8,23,31,1,3,4,7,18,25
BSEE836016,1,39,40,0,4,4,4,17,21
MIMM837013,15,26,41,5,6,11,5,19,24
CAMM84301G,7,21,28,1,5,6,5,22,27
APTF01101V,94,90,184,5,15,20,20,35,55
VIMM81102G,10,28,38,2,5,7,4,18,22
PSTD00602T,10,28,38,2,5,7,4,18,22
BLEE80901X,10,28,38,2,5,7,4,18,22
BNEE82604B,0,42,42,0,3,3,8,20,28
ARMM81401X,3,6,9,0,1,1,2,9,11
AGEE827045,5,37,42,2,9,11,12,9,21
PSRA01301N,65,100,165,12,38,50,33,37,70
TVEE88201A,1,60,61,1,6,7,5,25,30
MIMM851019,5,31,36,3,10,13,5,15,20
ANEE83302G,1,38,39,0,9,9,6,20,26
LUTD014512,39,86,125,10,34,44,0,0,0
TEEE700014,39,86,125,10,34,44,0,0,0
ALEE83403T,4,73,77,2,19,21,10,27,37
AVEE87003L,5,39,44,3,12,15,6,19,25
VARI019016,91,89,180,10,17,27,15,30,45
CZMM85902G,91,89,180,10,17,27,15,30,45
MEMM81803C,4,9,13,0,2,2,6,20,26
TVEE883038,4,9,13,0,2,2,6,20,26
TOEE8B501T,7,42,49,0,11,11,8,21,29
PZMM81703Q,3,15,18,0,2,2,4,17,21
VEMM832018,11,33,44,1,4,5,8,22,30
PZTD009014,29,43,72,2,7,9,9,15,24
CAEE87302D,1,41,42,0,10,10,4,19,23
PAMM84301R,16,34,50,1,9,10,12,14,26
IMEE803071,2,58,60,1,15,16,5,18,23
TSEE80203T,2,38,40,0,10,10,6,14,20
TOEE87104P,3,61,64,1,18,19,6,31,37
CEEE86701G,1,59,60,0,17,17,12,15,27
VIEE82302V,2,52,54,1,8,9,7,13,20
LTEE840019,1,44,45,0,20,20,1,25,26
CSMM88801P,9,28,37,3,5,8,15,9,24
VEEE87402C,5,87,92,2,22,24,3,36,39
BNRI02201P,61,71,132,5,14,19,15,15,30
RMMM88001T,8,26,34,6,9,15,3,22,25
RIEE81701R,5,61,66,1,21,22,3,32,35
TREE81508N,3,51,54,2,11,13,6,22,28
ALEE817045,1,72,73,0,23,23,8,26,34
BAEE834022,2,111,113,1,33,34,10,22,32
TVEE87402C,5,76,81,3,23,26,8,26,34
KREE826039,2,50,52,0,14,14,14,15,29
PNEE81703N,4,43,47,2,7,9,1,16,17
ROMM810027,15,25,40,6,5,11,2,15,17
PRMM83501X,6,34,40,4,6,10,1,33,34
CHMM817049,8,20,28,3,6,9,2,22,24
BSRA038508,66,122,188,7,21,28,0,0,0
PVEE823032,1,60,61,0,19,19,5,34,39
NOEE814076,1,58,59,1,21,22,7,26,33
REEE85203V,3,50,53,1,14,15,5,19,24
BSMM86301D,8,15,23,3,1,4,11,17,28
CREE80905B,4,70,74,1,20,21,3,39,42
KREE81502T,4,33,37,1,2,3,14,6,20
PGEE03201D,1,65,66,0,23,23,2,24,26
VAEE84601R,1,47,48,1,11,12,5,17,22
RETL01601C,50,89,139,5,12,17,17,27,44
VVTD010546,25,53,78,3,11,14,0,0,0
CREE81401P,3,47,50,0,12,12,4,22,26
VAEE87107Q,5,75,80,1,24,25,3,27,30
BGMM82403C,12,46,58,3,13,16,5,22,27
PRMM813013,11,29,40,1,8,9,12,25,37
BSMM83801R,4,33,37,1,7,8,5,27,32
CBTD018518,36,81,117,7,23,30,0,0,0
PATD014016,48,60,108,9,16,25,32,9,41
RMMM86001L,5,30,35,2,5,7,4,24,28
PZRH02802C,46,89,135,4,23,27,24,33,57
ANEE81803E,2,79,81,2,27,29,7,24,31
VCEE80503T,4,46,50,2,7,9,7,21,28
PDRC027516,45,105,150,8,24,32,0,0,0
ORMM812065,8,32,40,1,8,9,2,32,34
MEPC060006,17,67,84,3,12,15,11,14,25
PVMM810051,6,11,17,2,1,3,11,12,23
NATF089011,64,55,119,5,11,16,17,17,34
TVEE85802E,0,39,39,0,10,10,3,17,20
PVRI00701Q,53,75,128,9,18,27,10,22,32
FIEE868026,4,63,67,0,9,9,5,25,30
PEEE822028,3,37,40,1,8,9,10,20,30
PIMM82802D,11,28,39,0,7,7,4,32,36
COMM85501R,6,25,31,3,8,11,3,17,20
SOEE82003Q,3,87,90,0,13,13,10,25,35
APEE820013,2,44,46,1,13,14,2,28,30
TOPS05801N,24,117,141,2,24,26,11,27,38
SSEE850025,4,52,56,3,16,19,4,18,22
NUTD01901L,45,58,103,2,8,10,10,21,31
AVEE88303P,3,61,64,0,17,17,10,22,32
TEEE83304B,4,88,92,0,28,28,5,33,38
NAMM8GV01B,4,23,27,0,8,8,10,11,21
CREE803018,4,42,46,0,9,9,5,18,23
AVMM84601L,7,27,34,2,4,6,14,10,24
LOMM80401B,9,26,35,0,3,3,4,23,27
AGEE81002N,3,32,35,2,8,10,6,13,19
FGPM03000E,40,113,153,5,15,20,12,19,31
TSEE80702X,6,47,53,2,10,12,2,25,27
FIEE81901X,5,49,54,1,9,10,3,25,28
SARI013019,54,58,112,8,7,15,21,16,37
MCRI01050N,53,60,113,8,24,32,0,0,0
CLEE82002L,0,52,52,0,9,9,14,14,28
CRPM02000E,24,66,90,2,13,15,5,25,30
CTEE8AB01N,7,55,62,3,24,27,5,18,23
NAPS27000E,24,75,99,0,3,3,18,14,32
FEMM80501N,4,21,25,1,5,6,4,20,24
PGEE856022,4,52,56,2,19,21,1,32,33
KRPS010005,21,74,95,1,1,2,13,20,33
CBMM830069,7,11,18,2,1,3,6,20,26
RMMM8G801T,7,25,32,2,6,8,4,14,18
PTTD020005,35,96,131,4,5,9,9,30,39
MBEE8AE014,3,79,82,1,19,20,7,19,26
MBMM88301N,5,41,46,3,11,14,2,28,30
MNMM83801B,12,7,19,5,2,7,3,26,29
LEMM83601A,9,19,28,0,5,5,12,12,24
BOEE85702N,6,70,76,3,18,21,8,19,27
NAEE03001X,3,73,76,2,28,30,3,20,23
NUMM87001C,5,32,37,1,10,11,2,23,25
BAPS07000G,40,79,119,4,11,15,10,16,26
BSEE83801T,0,46,46,0,9,9,5,27,32
SPMM815013,14,45,59,4,8,12,3,44,47
ARRI01250B,50,50,100,7,20,27,0,0,0
PGMM83001Q,2,23,25,2,7,9,2,19,21
TREE82101N,1,41,42,0,11,11,1,24,25
BOMM81001A,6,18,24,1,3,4,4,15,19
PIEE811025,1,43,44,0,9,9,3,21,24
BLMM810035,7,23,30,1,4,5,3,13,16
REEE82301R,4,74,78,1,24,25,5,24,29
VIEE885026,4,67,71,1,13,14,5,23,28
MEEE85903Q,4,67,71,1,13,14,5,23,28
CSMM84602N,12,10,22,2,2,4,12,5,17
GEMM84401C,5,41,46,2,11,13,7,32,39
SAEE158068,2,38,40,1,3,4,11,6,17
GEEE833013,2,63,65,0,15,15,3,19,22
APMM81301V,4,14,18,1,0,1,3,24,27
CTEE8AR09R,1,51,52,0,11,11,9,19,28
VTMM801031,9,29,38,2,12,14,6,22,28
TOEE81403D,2,33,35,0,6,6,4,16,20
FRMM830045,13,27,40,3,2,5,5,21,26
MIEE8E8015,3,65,68,3,17,20,3,22,25
TOMM895013,5,21,26,1,7,8,5,20,25
CAMM87804N,21,41,62,3,9,12,11,24,35
RIEE823014,3,38,41,1,11,12,2,17,19
TVEE87904N,5,76,81,1,15,16,2,38,40
TOEE8B4023,2,38,40,0,6,6,7,18,25
VEEE839014,2,52,54,1,11,12,6,23,29
NAEE8DV03P,0,39,39,0,9,9,15,13,28
VTEE81101E,2,58,60,0,15,15,6,24,30
CZMM850014,10,34,44,5,6,11,14,21,35
CNEE70201Q,10,34,44,5,6,11,14,21,35
ROEE81403L,2,41,43,0,11,11,4,18,22
TOEE8BC016,3,56,59,2,14,16,2,29,31
TOEE8AX031,4,50,54,2,12,14,8,18,26
PREE84001C,0,34,34,0,7,7,9,15,24
PATD022015,39,77,116,4,14,18,21,14,35
TEMM842012,5,39,44,0,12,12,7,26,33
SAMM8AP01T,18,18,36,4,4,8,4,16,20
RCEE850032,0,35,35,0,9,9,15,7,22
CZEE81804C,1,30,31,0,4,4,9,7,16
SAEE896054,1,66,67,1,13,14,7,15,22
MCEE80404B,1,25,26,0,5,5,7,16,23
PNEE82601A,0,51,51,0,11,11,3,17,20
RMEE8C9018,0,44,44,0,21,21,3,19,22
CRMM820011,14,39,53,5,10,15,7,18,25
BGEE81105D,4,75,79,1,22,23,8,21,29
MCMM804028,8,15,23,1,3,4,7,16,23
NOEE80805R,4,51,55,1,17,18,8,21,29
BSEE87004R,4,51,55,1,17,18,8,21,29
RIEE807016,2,19,21,1,2,3,4,13,17
MCSD01050V,25,75,100,6,18,24,6,26,32
CEMM82501C,10,17,27,5,2,7,10,12,22
BIEE80101B,3,50,53,0,11,11,9,20,29
BGMM870025,14,32,46,5,6,11,3,20,23
MEMM84702B,6,25,31,3,3,6,12,13,25
PIMM83301X,12,43,55,4,18,22,5,25,30
VBEE81204B,3,78,81,2,24,26,8,38,46
PZTD02801D,46,89,135,4,23,27,24,33,57
NAMM855016,8,21,29,0,4,4,8,14,22
CSSL08101A,54,165,219,8,39,47,19,15,34
VEEE811018,1,46,47,0,9,9,7,10,17
RMEE862019,2,42,44,0,11,11,2,12,14
NARI089014,64,55,119,5,11,16,17,17,34
RNEE01603L,6,74,80,4,19,23,8,27,35
PZMM858021,4,21,25,3,2,5,8,15,23
CLTL006014,68,82,150,6,16,22,22,20,42
UDEE81304B,1,25,26,1,8,9,1,15,16
OREE81402N,4,45,49,1,18,19,6,19,25
MEMM814024,6,18,24,0,1,1,12,16,28
MIEE8C0019,11,77,88,3,17,20,4,19,23
CHEE03618C,2,50,52,0,12,12,1,23,24
KREE83103R,5,70,75,1,24,25,11,20,31
CAEE882017,1,47,48,0,20,20,2,20,22
BARC03701D,35,111,146,5,46,51,16,18,34
TAPS03701N,65,93,158,1,15,16,23,18,41
MEEE88505A,2,41,43,1,13,14,14,10,24
NATD067528,70,178,248,21,84,105,0,0,0
MIEE8EN02P,2,64,66,1,14,15,2,20,22
GEEE80603R,3,35,38,3,9,12,2,16,18
BSPS00701P,39,42,81,0,3,3,12,14,26
NAEE8CY01D,2,54,56,0,17,17,8,13,21
MBTD053017,38,81,119,6,6,12,4,24,28
TOMM828029,6,26,32,2,6,8,8,29,37
MOEE04514X,5,104,109,3,20,23,5,32,37
COMM838013,9,41,50,2,13,15,7,24,31
NOEE81706L,0,55,55,0,17,17,10,21,31
FGEE819028,5,44,49,1,8,9,7,13,20
RNEE819011,3,94,97,1,29,30,6,32,38
LCMM810022,8,33,41,2,4,6,8,16,24
FIEE86603G,2,62,64,0,12,12,6,27,33
CAEE82102R,1,26,27,0,4,4,4,15,19
MBMM84601P,13,59,72,2,10,12,4,28,32
CEPS040003,34,90,124,1,10,11,8,19,27
ISMM82503T,12,37,49,3,8,11,8,19,27
CRTL00101B,44,68,112,7,14,21,5,21,26
PCEE81601P,2,75,77,1,15,16,3,36,39
BOEE80602R,5,71,76,2,16,18,6,25,31
RGEE80702E,5,29,34,2,5,7,12,10,22
LOEE813028,2,72,74,1,15,16,8,24,32
RMEE8DG017,1,63,64,0,17,17,6,19,25
SRTL01601X,46,75,121,6,15,21,24,20,44
GRMM82501P,9,29,38,1,5,6,7,21,28
CLEE80402P,0,50,50,0,8,8,13,11,24
PERI00101X,14,35,49,3,13,16,6,10,16
CBTE026019,62,109,171,6,36,42,17,34,51
MIEE8FC01L,7,67,74,1,21,22,4,23,27
PTEE81301P,0,38,38,0,9,9,2,14,16
CEPS160005,23,12,35,3,5,8,0,0,0
IMEE81001T,2,51,53,1,18,19,3,22,25
VRMM83201X,9,35,44,2,8,10,4,27,31
BGEE84404Q,4,83,87,1,17,18,5,24,29
CSMM814037,5,10,15,0,1,1,12,2,14
TRTD00901B,25,83,108,0,10,10,5,23,28
PAMM812037,12,16,28,1,2,3,13,10,23
FOEE81602P,7,83,90,4,21,25,10,36,46
ORPC01101E,40,124,164,6,40,46,17,20,37
LETD00301C,64,66,130,6,20,26,14,13,27
VITD002015,64,66,130,6,20,26,14,13,27
GEEE853018,2,59,61,1,13,14,7,23,30
MIEE8FL02N,4,54,58,2,13,15,4,23,27
MOMM06800X,20,80,100,2,17,19,5,25,30
LEMM85701B,10,24,34,4,5,9,6,15,21
AREE82303T,6,64,70,4,24,28,9,23,32
RMEE848013,3,78,81,0,19,19,7,11,18
MTPM01000G,33,84,117,2,10,12,11,19,30
ANEE80501A,2,51,53,1,10,11,2,25,27
AVRC027019,28,47,75,0,7,7,14,11,25
BAPC24000A,31,76,107,2,16,18,6,19,25
ENMM81802X,28,45,73,4,8,12,12,15,27
TPEE844015,4,60,64,1,15,16,12,15,27
BATD09001N,41,80,121,5,17,22,9,17,26
VTPS011013,21,39,60,0,14,14,5,18,23
BOEE867017,8,87,95,4,26,30,10,20,30
MCMM82801Q,4,21,25,0,8,8,6,30,36
CSEE84205E,3,39,42,1,7,8,16,9,25
FGTD210507,41,53,94,10,9,19,25,9,34
NARI133022,32,62,94,7,36,43,10,12,22
SPTL002516,51,90,141,4,17,21,0,0,0
FIMM81501G,4,25,29,0,5,5,2,16,18
LUEE844047,1,48,49,0,9,9,3,29,32
FREE82002D,1,37,38,1,5,6,5,17,22
CEEE8A601P,4,69,73,0,17,17,9,23,32
TOEE8B3016,4,93,97,2,17,19,10,23,33
TOMM079005,6,21,27,1,3,4,0,0,0
VREE85602E,0,31,31,0,9,9,2,12,14
CAEE87802L,4,84,88,1,23,24,11,24,35
LTMM812014,14,43,57,4,10,14,16,22,38
RMRH06101Q,58,110,168,16,49,65,22,28,50
FIEE833027,2,68,70,0,17,17,5,28,33
TPEE82604P,1,41,42,1,12,13,7,14,21
RIMM829012,12,38,50,3,7,10,1,24,25
SIMM82001B,2,23,25,2,5,7,3,20,23
FGEE84601G,5,65,70,1,29,30,12,15,27
NAMM8BP012,5,21,26,2,6,8,7,15,22
PVEE83405E,5,21,26,2,6,8,7,15,22
GEEE826032,3,57,60,2,16,18,6,20,26
PAEE88101L,1,26,27,0,8,8,9,8,17
COMM85102E,5,30,35,2,7,9,4,29,33
BGPC07000D,9,17,26,1,0,1,0,0,0
TATF02751E,59,78,137,9,34,43,0,0,0
CNEE83705Q,0,39,39,0,12,12,2,20,22
CZEE10300C,2,40,42,0,11,11,0,0,0
BNEE81701D,0,46,46,0,15,15,4,17,21
VEEE81002D,2,41,43,1,11,12,4,15,19
CTPS04001A,2,41,43,1,11,12,4,15,19
SPEE810066,0,43,43,0,9,9,2,33,35
UDMM82002B,11,39,50,3,9,12,5,25,30
RMEE8BH02V,3,47,50,0,15,15,5,18,23
TVEE81902X,2,45,47,0,6,6,1,19,20
SPEE80503G,2,47,49,0,7,7,6,21,27
CEEE044021,2,65,67,0,24,24,7,14,21
MTEE83302R,2,47,49,0,10,10,7,18,25
TOMM8AB02Q,5,30,35,1,8,9,18,19,37
NAMM8GC01Q,8,26,34,2,6,8,10,11,21
ENRF01701V,43,69,112,9,13,22,22,16,38
GOPC00101D,23,84,107,1,5,6,9,21,30
TVEE825049,1,50,51,0,9,9,9,25,34
APTA00852R,45,101,146,6,34,40,0,0,0
PAEE019012,4,77,81,3,27,30,12,14,26
RMMM8CA01L,7,41,48,1,9,10,3,27,30
CTEE8AK02P,2,45,47,0,9,9,11,15,26
CSPS06901V,38,70,108,2,10,12,14,18,32
PIEE810018,5,87,92,2,34,36,5,25,30
VEEE820013,6,78,84,2,15,17,9,24,33
AVEE87006Q,5,39,44,3,12,15,6,19,25
FGEE806015,1,15,16,0,5,5,7,7,14
NAEE8FY02A,0,56,56,0,22,22,13,14,27
KRMM83101N,8,23,31,1,7,8,11,20,31
PVMM81202D,7,25,32,2,9,11,2,25,27
CSRA023013,22,43,65,4,11,15,13,9,22
TOPS018017,43,81,124,5,3,8,9,30,39
CSRC06801G,48,78,126,1,15,16,22,16,38
CETD038508,42,80,122,3,9,12,0,0,0
BAEE862026,0,61,61,0,28,28,8,16,24
TEMM06000G,0,61,61,0,28,28,8,16,24
MIPM070008,26,61,87,3,6,9,4,20,24
ROMM80501P,11,16,27,3,4,7,8,13,21
NAMM29500A,20,72,92,10,18,28,8,9,17
OREE82102R,1,33,34,1,10,11,10,20,30
NOEE81704E,0,55,55,0,17,17,10,21,31
CZEE859135,2,41,43,0,5,5,10,20,30
LEEE82306E,0,51,51,0,10,10,10,16,26
VREE89202N,6,63,69,3,15,18,4,17,21
BGEE8AG029,8,51,59,4,8,12,4,28,32
VCTA01201R,62,99,161,17,31,48,20,35,55
CNMM86001G,7,38,45,0,9,9,9,21,30
COEE82602V,4,71,75,1,22,23,3,24,27
PVMM81802C,13,31,44,5,8,13,6,22,28
BGEE88304A,3,79,82,1,15,16,8,20,28
BGEE805034,4,31,35,1,5,6,6,16,22
CBPM01000C,17,40,57,3,8,11,5,21,26
MOMM808018,10,34,44,2,10,12,7,30,37
NOEE812029,2,75,77,1,17,18,7,27,34
PAEE8BB01R,2,63,65,0,21,21,8,22,30
PIPS02000A,29,70,99,1,3,4,6,25,31
RMEE8AD021,3,35,38,1,4,5,7,14,21
MESD01602Q,45,81,126,9,26,35,18,19,37
MOTD00351X,34,95,129,6,22,28,0,0,0
RCTD120008,36,103,139,9,20,29,26,16,42
GOEE800018,4,34,38,0,9,9,3,19,22
MEEE8AE032,1,58,59,1,19,20,7,17,24
CRMM81303X,14,28,42,7,6,13,6,32,38
SRRH02101V,14,28,42,7,6,13,6,32,38
CBRC02601E,62,109,171,6,36,42,17,34,51
ISEE812105,2,41,43,0,8,8,7,18,25
SAEE8AN08E,0,38,38,0,9,9,6,18,24
AQMM81701R,5,17,22,2,3,5,2,18,20
CBMM80903R,10,30,40,4,6,10,0,0,0
POEE820025,5,101,106,0,24,24,8,41,49
TAMM85101A,8,24,32,2,8,10,4,20,24
MBEE8DN018,4,74,78,1,19,20,6,26,32
RORC008018,35,97,132,3,23,26,15,28,43
ROEE82101N,2,65,67,1,24,25,5,24,29
TVEE85703Q,2,50,52,2,11,13,2,20,22
SSEE84501L,4,58,62,0,22,22,1,26,27
NAPS00601E,27,70,97,7,21,28,19,6,25
CSEE865035,2,71,73,1,13,14,18,12,30
MSMM814027,2,5,7,0,0,0,4,11,15
MIEE8FL01L,4,54,58,2,13,15,4,23,27
TAEE85001G,3,53,56,1,20,21,8,19,27
MEMM835014,13,23,36,2,5,7,10,17,27
VIRI00601T,47,52,99,7,6,13,20,39,59
CTRI03801G,77,104,181,12,42,54,22,25,47
RMMM85201N,3,21,24,1,7,8,5,13,18
ANEE84501R,0,54,54,0,13,13,6,30,36
BOMM833013,7,21,28,1,6,7,4,21,25
RCEE84505L,3,47,50,1,10,11,6,22,28
CAEE038016,3,73,76,0,18,18,4,17,21
TOMM84201E,10,26,36,3,4,7,7,23,30
BAEE87302L,4,62,66,2,19,21,4,23,27
MTMM831013,9,28,37,2,6,8,6,24,30
VRRH03001G,50,89,139,11,26,37,20,17,37
SSEE05202T,6,87,93,3,26,29,5,22,27
MIEE8DY01E,1,54,55,0,17,17,5,13,18
VRTD01601B,38,107,145,3,10,13,4,28,32
COEE81505G,2,71,73,0,14,14,4,28,32
TOEE8AP01V,6,87,93,2,26,28,10,32,42
REMM84001D,11,41,52,5,14,19,4,33,37
ARMM82901N,4,17,21,2,3,5,2,23,25
AVTD01201V,38,43,81,3,9,12,15,22,37
MIEE837025,6,53,59,0,16,16,5,19,24
VREE86301L,4,58,62,1,9,10,7,25,32
CAEE84301L,1,37,38,0,11,11,5,22,27
VIEE81105Q,5,47,52,2,9,11,4,18,22
FGTF059018,74,104,178,9,23,32,28,13,41
CLTD09050E,48,63,111,3,14,17,19,13,32
SAEE18302R,4,61,65,3,21,24,12,7,19
TOTE058011,24,117,141,2,24,26,11,27,38
CNMM804017,7,24,31,3,4,7,7,21,28
PSTA01301D,65,100,165,12,38,50,33,37,70
MIEE860037,6,73,79,2,13,15,6,26,32
MIEE85101A,2,48,50,0,10,10,5,15,20
FRMM82602B,10,34,44,2,10,12,7,23,30
AVEE87004N,5,39,44,3,12,15,6,19,25
VATL019017,91,89,180,10,17,27,15,30,45
VEMM867017,11,37,48,0,7,7,6,28,34
RMMM871013,5,16,21,1,5,6,6,23,29
PAEE055037,5,61,66,3,18,21,9,12,21
CAMM889011,14,41,55,6,17,23,1,20,21
PZMM81702P,3,15,18,0,2,2,4,17,21
TSMM80801N,9,53,62,1,7,8,10,18,28
PZPC01901Q,17,49,66,0,2,2,12,11,23
VARI01751X,111,107,218,11,28,39,0,0,0
UDEE82901T,6,78,84,1,19,20,4,35,39
ARTD008012,97,113,210,23,29,52,9,32,41
VEMM87401A,5,32,37,0,9,9,3,36,39
TOEE83002A,1,41,42,0,6,6,6,24,30
TREE81503C,3,51,54,2,11,13,6,22,28
CZMM842037,6,19,25,1,4,5,6,15,21
ATEE808018,0,43,43,0,10,10,4,25,29
TVEE88203C,1,60,61,1,6,7,5,25,30
BAEE068015,3,71,74,2,24,26,7,13,20
PVMM82302X,7,37,44,2,14,16,5,34,39
BNEE83303D,4,44,48,0,6,6,9,15,24
PDEE846048,7,74,81,1,10,11,10,27,37
VEMM833014,9,29,38,0,6,6,2,25,27
RCMM826012,9,15,24,3,4,7,6,15,21
KREE81501R,4,33,37,1,2,3,14,6,20
BAPS060001,18,66,84,1,2,3,7,18,25
RMEE8CA02P,1,81,82,0,28,28,3,27,30
CHEE82201P,3,39,42,1,10,11,4,14,18
PGEE048035,3,67,70,0,15,15,2,22,24
TVEE826012,3,56,59,0,8,8,4,23,27
VAMM84601Q,8,22,30,3,5,8,5,17,22
PIEE811036,1,43,44,0,9,9,3,21,24
KREE813037,1,49,50,0,16,16,15,13,28
AVEE87403X,0,27,27,0,4,4,5,14,19
SAEE158024,2,38,40,1,3,4,11,6,17
CEMM85401C,7,16,23,0,0,0,4,19,23
PREE835011,2,76,78,1,17,18,1,33,34
PATF016014,82,153,235,17,50,67,34,21,55
MOEE81504G,2,21,23,0,2,2,6,13,19
LCEE82003P,1,52,53,0,13,13,5,17,22
NAEE34801Q,1,51,52,0,23,23,8,7,15
PDTD027014,45,105,150,8,24,32,15,16,31
PVPC00701B,53,75,128,9,18,27,10,22,32
BAEE110009,1,51,52,0,12,12,5,16,21
PIMM82801C,11,28,39,0,7,7,4,32,36
MITF13000Q,62,84,146,5,16,21,11,22,33
RGEE824028,4,37,41,1,9,10,5,17,22
SVPM01000X,22,67,89,2,13,15,8,20,28
APEE821053,3,69,72,0,16,16,6,37,43
MBEE8CQ02A,6,68,74,2,15,17,3,24,27
TVMM81601A,9,40,49,3,6,9,11,24,35
VVTD01003Q,9,40,49,3,6,9,11,24,35
CREE813053,4,62,66,2,14,16,6,32,38
NAEE8GU03P,1,78,79,0,23,23,14,18,32
SREE858017,2,48,50,1,13,14,6,13,19
NAEE8ES01Q,4,63,67,1,31,32,10,19,29
ANMM819017,6,25,31,0,8,8,5,22,27
TAEE84201L,1,49,50,0,13,13,11,12,23
SOEE823026,0,37,37,0,4,4,2,19,21
POTD010506,0,37,37,0,4,4,2,19,21
AGMM81001G,10,26,36,6,1,7,6,13,19
MBEE8F802N,7,87,94,3,29,32,4,24,28
CSMM865023,11,42,53,1,12,13,18,12,30
COMM83001C,14,43,57,6,13,19,3,20,23
PNMM830011,9,37,46,2,8,10,5,28,33
SSPC023015,32,51,83,8,15,23,5,18,23
MCRI040026,33,45,78,4,9,13,16,15,31
TOEE8AH01P,9,76,85,2,33,35,10,23,33
CRPS01000V,26,55,81,1,1,2,10,22,32
REEE848037,3,75,78,1,15,16,6,29,35
CTSD03901L,64,98,162,6,25,31,18,23,41
BGRH04101B,40,46,86,6,9,15,14,49,63
NAPC150009,9,40,49,1,4,5,0,0,0
NAPS24000P,21,83,104,6,7,13,15,12,27
CTTD04201T,33,77,110,5,34,39,20,11,31
NATN07601E,49,90,139,11,26,37,18,18,36
MCTD01000V,25,41,66,4,1,5,8,15,23
KRPM010006,30,97,127,4,19,23,13,16,29
TEEE834025,30,97,127,4,19,23,13,16,29
BRMM818014,12,40,52,5,8,13,10,22,32
CAEE867026,5,44,49,0,6,6,4,18,22
SATD07101X,46,41,87,4,4,8,20,14,34
TOTD034022,60,155,215,4,18,22,10,42,52
VREE84102R,3,26,29,0,6,6,4,15,19
NUEE850029,2,21,23,0,2,2,2,17,19
RMMM862018,11,22,33,2,5,7,2,12,14
FGPC180019,22,66,88,5,19,24,14,10,24
NAEE03000V,3,73,76,2,28,30,3,20,23
PAEE834013,1,43,44,1,16,17,10,15,25
ARPS01901L,47,100,147,10,23,33,10,23,33
LTRA01650V,50,117,167,9,48,57,0,0,0
BLEE81302L,1,31,32,0,5,5,4,13,17
PNMM80902L,11,29,40,2,4,6,9,29,38
PGEE856011,4,52,56,2,19,21,1,32,33
GEEE84401D,1,96,97,0,26,26,7,32,39
MIEE852016,6,61,67,2,10,12,10,19,29
ARMM81502R,4,25,29,3,7,10,2,18,20
PTTD050001,19,71,90,3,14,17,5,16,21
AREE81102E,2,45,47,0,12,12,7,18,25
CTEE8AR06N,1,51,52,0,11,11,9,19,28
VTEE801043,3,44,47,1,14,15,6,22,28
PGRC02901N,50,61,111,6,25,31,11,20,31
ENEE80502V,3,32,35,0,7,7,16,7,23
TPEE837045,2,42,44,0,10,10,8,13,21
CAEE82001X,1,23,24,0,7,7,8,19,27
TOEE8B502V,7,42,49,0,11,11,8,21,29
BOEE85804G,9,116,125,2,28,30,8,25,33
TOEE895014,1,40,41,1,9,10,5,20,25
ATEE80101D,1,45,46,0,12,12,10,26,36
LEMM803035,8,18,26,1,4,5,8,14,22
NAEE8DV01L,0,39,39,0,9,9,15,13,28
RMMM8DG027,4,23,27,0,9,9,6,19,25
PGEE83002T,1,40,41,0,13,13,2,19,21
RMTD650501,1,40,41,0,13,13,2,19,21
ROEE81402G,2,41,43,0,11,11,4,18,22
TPEE82605Q,1,41,42,1,12,13,7,14,21
TOEE8AR02G,4,67,71,2,10,12,9,29,38
MCMM825018,5,23,28,0,4,4,3,18,21
VTRC00801Q,65,138,203,17,59,76,16,21,37
CSEE84602P,1,21,22,0,2,2,12,5,17
CZPS002018,27,54,81,2,12,14,12,12,24
MIEE8B501T,2,71,73,0,17,17,6,32,38
VIEE83201L,4,47,51,0,8,8,4,17,21
RNEE81004N,1,35,36,1,7,8,9,22,31
BGEE84405R,4,83,87,1,17,18,5,24,29
PRMM84001B,14,58,72,1,13,14,9,15,24
TOEE81406L,2,33,35,0,6,6,4,16,20
RCEE850043,0,35,35,0,9,9,15,7,22
BSEE8AL06P,3,68,71,1,17,18,3,23,26
SAEE896021,1,66,67,1,13,14,7,15,22
RIMM823013,6,20,26,1,3,4,2,17,19
MOMM10600D,21,40,61,4,11,15,2,13,15
TVMM87901D,10,42,52,3,9,12,2,38,40
VEEE84005C,5,72,77,1,11,12,6,29,35
CSEE8AT03C,0,32,32,0,7,7,5,13,18
TPEE01200N,2,68,70,0,23,23,9,16,25
RMEE8E401A,2,53,55,0,15,15,4,22,26
BAPC23000Q,17,69,86,1,9,10,7,14,21
BATD090502,17,69,86,1,9,10,7,14,21
PVEE827039,8,74,82,5,24,29,8,30,38
MCEE80403A,1,25,26,0,5,5,7,16,23
BSEE87003Q,3,45,48,1,3,4,8,20,28
CEEE80802R,2,78,80,0,15,15,14,23,37
VAMM82601E,10,13,23,3,4,7,4,12,16
BNMM848058,14,25,39,0,4,4,3,20,23
CZEE81802A,1,30,31,0,4,4,9,7,16
UDMM813028,4,15,19,1,1,2,1,15,16
SIEE82003E,4,33,37,2,8,10,3,20,23
MEMM814035,6,18,24,0,1,1,12,16,28
NAMM8AR01G,10,21,31,2,5,7,2,10,12
IMPM009028,38,104,142,6,16,22,10,24,34
SAMM8BF02N,5,12,17,0,2,2,7,10,17
CAEE87803N,4,84,88,1,23,24,11,24,35
FIEE82201Q,4,68,72,2,15,17,7,30,37
ANEE828013,2,72,74,0,24,24,6,30,36
LCMM82601E,13,63,76,4,16,20,9,24,33
MNEE812029,4,64,68,1,10,11,2,34,36
TATF03701Q,65,93,158,1,15,16,23,18,41
UDRI01101A,60,81,141,6,26,32,17,44,61
RIMM808011,12,27,39,2,4,6,4,20,24
NAEE8CY02E,2,54,56,0,17,17,8,13,21
RMEE8AK03A,1,66,67,0,14,14,6,23,29
SSEE80802P,1,53,54,0,14,14,4,27,31
BAEE04400G,1,46,47,1,4,5,7,13,20
BSMM895011,7,38,45,1,6,7,7,17,24
BSEE88903R,5,72,77,0,13,13,11,20,31
FGMM819027,10,12,22,2,0,2,7,13,20
SAEE8AG01V,1,19,20,0,1,1,12,6,18
CSRC06301C,39,72,111,4,25,29,16,14,30
BATD007011,32,63,95,4,16,20,32,7,39
CEPS03000C,23,98,121,1,6,7,21,19,40
MTMM81101T,12,19,31,5,2,7,9,13,22
TVEE82302G,1,56,57,0,12,12,6,21,27
TVEE871043,3,77,80,1,14,15,11,24,35
NAEE125019,1,50,51,0,7,7,7,9,16
BATD013018,57,80,137,6,15,21,20,14,34
MIEE8EM01T,7,85,92,3,17,20,6,26,32
CNEE86603N,2,83,85,1,31,32,5,36,41
BSTD004013,71,82,153,13,16,29,15,21,36
AQEE82807E,2,67,69,0,15,15,6,24,30
CTEE86401A,4,78,82,2,36,38,12,19,31
LOEE80902L,4,85,89,1,13,14,15,41,56
MIMM8FQ01P,21,44,65,6,8,14,6,29,35
CTPC04201V,33,77,110,5,34,39,20,11,31
TSEE81603Q,1,12,13,0,0,0,1,8,9
CTPS06000E,29,95,124,1,2,3,14,24,38
CZMM85901E,9,24,33,6,7,13,10,20,30
NAPS110002,55,106,161,1,4,5,20,15,35
UDEE851035,2,52,54,0,14,14,5,27,32
CSEE814049,3,28,31,2,8,10,12,2,14
TOEE8AB05X,5,89,94,1,21,22,18,19,37
VVEE812066,2,43,45,0,11,11,14,11,25
RNEE819044,3,94,97,1,29,30,6,32,38
MEEE8AA02N,3,57,60,0,15,15,9,21,30
VAEE87702D,3,83,86,0,20,20,10,21,31
CBEE81901A,0,25,25,0,7,7,0,0,0
NAPS046022,16,55,71,3,13,16,12,11,23
PETD003016,40,73,113,6,23,29,9,23,32
GREE81103X,2,64,66,1,15,16,4,24,28
MBEE8CL023,5,48,53,3,8,11,3,22,25
AGEE85804R,7,32,39,2,9,11,12,11,23
FGPC00101B,25,36,61,6,4,10,12,3,15
RMEE8F601L,1,54,55,0,14,14,3,19,22
UDEE85407R,5,70,75,0,6,6,6,36,42
SITE00401A,56,151,207,14,57,71,18,29,47
FREE843048,3,52,55,0,11,11,6,27,33
BAEE19201V,1,40,41,0,9,9,8,11,19
VRMM84601T,12,25,37,1,4,5,5,26,31
PEPS00101P,14,35,49,3,13,16,6,10,16
PIMM82001T,7,22,29,1,5,6,5,19,24
BOMM867016,15,40,55,3,10,13,10,20,30
AQEE84301A,2,72,74,1,31,32,5,24,29
LUEE829034,1,38,39,1,8,9,4,26,30
CEPS14000X,26,89,115,4,12,16,19,13,32
AQTD013518,29,60,89,4,12,16,0,0,0
ANRC01351Q,74,128,202,17,43,60,0,0,0
VIEE88704X,4,27,31,0,5,5,5,25,30
CTPC00601Q,44,49,93,5,11,16,18,19,37
SPSL00250Q,51,90,141,4,17,21,0,0,0
TPEE837012,2,42,44,0,10,10,8,13,21
LUEE844058,1,48,49,0,9,9,3,29,32
AVPS024019,28,69,97,3,13,16,13,18,31
TPRM01401E,81,69,150,6,12,18,24,21,45
PGPC09000R,21,82,103,6,16,22,4,20,24
ENEE818021,1,32,33,0,7,7,12,15,27
CAMM833022,9,11,20,1,2,3,4,11,15
SRRA021514,53,51,104,10,11,21,0,0,0
LEEE8AL02Q,6,55,61,0,16,16,10,13,23
TOEE890022,8,92,100,2,26,28,5,32,37
BNEE85505C,2,45,47,1,8,9,9,18,27
TPEE829024,6,69,75,2,26,28,23,10,33
TOEE8AU02C,3,99,102,0,29,29,10,24,34
FGTD21001V,41,53,94,10,9,19,25,9,34
RMEE8GY02X,4,63,67,2,17,19,5,21,26
RNEE81102B,6,55,61,2,14,16,5,34,39
CNMM81003L,9,24,33,1,7,8,5,22,27
TREE00502T,1,45,46,0,9,9,1,21,22
NAMM897018,17,57,74,5,10,15,16,10,26
PVEE83403C,9,100,109,5,36,41,5,28,33
RCMM805011,11,50,61,2,17,19,10,27,37
CZEE86501V,2,57,59,1,12,13,15,14,29
VIEE84004P,3,63,66,1,17,18,11,23,34
VRMM85601C,4,24,28,1,10,11,2,12,14
BGRF02601T,33,94,127,7,21,28,14,21,35
RAEE82101P,3,42,45,1,9,10,1,21,22
LTEE812015,2,81,83,1,25,26,16,22,38
ATRH00450G,28,59,87,5,15,20,0,0,0
LIRC006508,66,97,163,10,31,41,0,0,0
RMMM8E6011,3,19,22,1,9,10,1,29,30
CNMM83701E,4,22,26,2,5,7,2,20,22
CEEE8AM024,2,51,53,1,14,15,14,11,25
UDEE823064,2,55,57,0,5,5,5,23,28
ALMM83401P,18,40,58,4,8,12,10,27,37
RMMM8EN015,7,24,31,0,8,8,5,13,18
VEEE81001C,2,41,43,1,11,12,4,15,19
PVEE83203R,4,99,103,2,28,30,7,25,32
AQMM836016,9,19,28,1,5,6,4,17,21
SSRH07001G,54,66,120,12,26,38,21,49,70
GOPM00201D,11,23,34,1,0,1,5,7,12
VEMM81401P,5,15,20,1,2,3,8,12,20
ATEE81501B,4,49,53,0,12,12,10,31,41
RMEE8G0029,2,64,66,1,18,19,3,16,19
FRTF02651B,62,76,138,3,19,22,0,0,0
APRH00801P,45,101,146,6,34,40,34,45,79
NAEE8AR03P,2,31,33,2,9,11,2,10,12
BOMM809038,10,23,33,2,5,7,7,23,30
BSMM8AB03P,20,58,78,3,16,19,6,27,33
CZTL01751N,51,67,118,4,24,28,0,0,0
SAEE8A301G,1,37,38,0,9,9,10,13,23
BNEE84103C,1,30,31,1,6,7,5,17,22
PVMM81201C,7,25,32,2,9,11,2,25,27
APEE81001C,2,85,87,0,32,32,7,27,34
CSRA02350B,22,43,65,4,11,15,0,0,0
AGEE827023,5,37,42,2,9,11,12,9,21
TOPM01850L,43,81,124,5,3,8,0,0,0
CSPS068013,48,78,126,1,15,16,22,16,38
TATA02751T,59,78,137,9,34,43,0,0,0
TOEE8AA01X,4,74,78,1,14,15,7,34,41
TEMM04000A,3,8,11,1,3,4,0,0,0
TAMM802015,17,40,57,8,23,31,7,16,23
NAMM29400E,24,86,110,9,29,38,7,11,18
TVMM81901T,7,22,29,2,3,5,1,19,20
SPMM81001X,4,24,28,2,1,3,2,33,35
PTRC00252Q,57,129,186,15,59,74,0,0,0
MOEE045019,5,104,109,3,20,23,5,32,37
RMMM8BH01R,9,21,30,6,4,10,5,18,23
NOEE81702C,0,55,55,0,17,17,10,21,31
MEEE81801B,2,42,44,0,11,11,6,20,26
CEEE043003,1,79,80,0,32,32,7,12,19
VCEE81402G,7,60,67,4,13,17,14,23,37
PCEE815053,2,63,65,0,15,15,8,20,28
GREE830039,0,61,61,0,18,18,3,26,29
CNEE850023,1,53,54,0,14,14,5,24,29
PAEE05701R,1,52,53,1,19,20,11,7,18
SVMM817015,11,36,47,1,13,14,10,26,36
MOMM845017,11,41,52,2,8,10,3,30,33
VCTD00701Q,22,41,63,2,4,6,4,14,18
CNEE86002N,1,63,64,0,13,13,9,21,30
NAEE8CX02P,3,49,52,1,15,16,12,18,30
BSMM845021,11,16,27,3,2,5,4,22,26
CAEE89803V,2,49,51,1,16,17,5,16,21
MEEE851046,3,87,90,2,35,37,7,21,28
GREE824032,2,38,40,0,10,10,3,14,17
CAMM87301B,10,25,35,6,10,16,4,19,23
BSEE89101P,3,28,31,0,4,4,3,16,19
AQMM02400X,9,15,24,3,5,8,2,5,7
MIEE8AW024,1,35,36,0,6,6,2,17,19
FRTF009018,33,78,111,1,13,14,7,20,27
CSTL069015,38,70,108,2,10,12,14,18,32
LOMM814012,14,45,59,3,21,24,9,26,35
RCEE83501T,0,26,26,0,5,5,11,8,19
MOEE808019,11,72,83,3,16,19,7,30,37
SSEE82502C,4,54,58,0,19,19,2,22,24
CRMM813041,14,28,42,7,6,13,6,32,38
PCRA00201V,62,153,215,13,45,58,23,43,66
CNEE84605E,1,38,39,0,7,7,7,19,26
MOTD00301E,34,95,129,6,22,28,11,20,31
BATF00251D,55,95,150,3,25,28,0,0,0
CBRI026028,55,95,150,3,25,28,0,0,0
SAEE881049,1,33,34,0,5,5,8,11,19
CETD03801X,42,80,122,3,9,12,18,13,31
AQEE81702V,42,80,122,3,9,12,18,13,31
VIEE822045,3,65,68,1,19,20,7,19,26
COMM82602T,6,37,43,3,10,13,3,24,27
PZMM88201R,7,19,26,1,4,5,4,15,19
ROTD00801G,35,97,132,3,23,26,15,28,43
CRMM809016,13,43,56,5,10,15,3,39,42
RNEE820026,0,43,43,0,15,15,5,17,22
NATD00601A,27,70,97,7,21,28,19,6,25
BGEE86401T,0,32,32,0,3,3,0,20,20
MEEE842029,5,56,61,1,18,19,7,26,33
GREE81101T,2,64,66,1,15,16,4,24,28
ISEE81509E,2,65,67,1,11,12,11,24,35
FIPS02701B,35,107,142,1,16,17,8,26,34
PIPS04000G,28,73,101,2,3,5,5,25,30
UDEE85401E,5,70,75,0,6,6,6,36,42
MERC016505,45,81,126,9,26,35,0,0,0
ANTF011018,60,79,139,4,18,22,13,20,33
POMM820013,10,45,55,1,9,10,8,41,49
RCTD12050N,36,103,139,9,20,29,26,16,42
CAPC06000P,18,39,57,1,10,11,1,12,13
SVMM80103N,6,11,17,1,1,2,5,17,22
VRRI01000R,67,50,117,5,12,17,14,18,32
FOMM82401G,10,35,45,4,10,14,4,27,31
VAEE87106P,10,35,45,4,10,14,4,27,31
FRMM80301N,6,26,32,3,5,8,4,29,33
SSEE849043,6,26,32,3,5,8,4,29,33
FREE844022,2,68,70,2,12,14,7,22,29
CSMM836012,7,26,33,1,3,4,10,8,18
ANRI01351C,7,26,33,1,3,4,10,8,18
AVRI01250L,38,43,81,3,9,12,0,0,0
BARH069016,58,86,144,10,32,42,18,23,41
PVMM80901L,5,25,30,1,11,12,6,15,21
APMM811039,10,18,28,1,3,4,2,23,25
TOEE84301B,5,42,47,2,10,12,6,19,25
RMRC03000T,39,95,134,12,40,52,10,17,27
BRRH009501,49,73,122,9,15,24,0,0,0
VIPS00601L,47,52,99,7,6,13,20,39,59
FGTF05951N,74,104,178,9,23,32,0,0,0
NUMM82901T,5,15,20,2,3,5,2,16,18
APMM82102V,9,14,23,0,2,2,6,37,43
CLTF02050E,59,48,107,4,9,13,13,16,29
MCEE804029,1,25,26,0,5,5,7,16,23
TOEE84202L,2,57,59,0,7,7,7,23,30
NAEE147016,2,86,88,0,27,27,10,15,25
CTEE8AG01R,1,48,49,1,20,21,11,16,27
TOEE8AU01B,3,99,102,0,29,29,10,24,34
BNMM855039,14,26,40,4,2,6,9,18,27
CAEE889034,2,44,46,0,17,17,1,20,21
SOEE823015,0,37,37,0,4,4,2,19,21
RMEE8GA014,4,58,62,2,17,19,5,16,21
TSMM80802P,4,58,62,2,17,19,5,16,21
VREE86304Q,4,58,62,1,9,10,7,25,32
PSTD006527,30,55,85,6,19,25,0,0,0
ARTF008018,97,113,210,23,29,52,9,32,41
KRRI040006,56,68,124,4,7,11,18,17,35
BGTD04101D,40,46,86,6,9,15,14,49,63
VREE81702X,2,52,54,1,10,11,9,14,23
ATEE80806D,0,43,43,0,10,10,4,25,29
KRPC02000L,16,48,64,0,1,1,12,9,21
VATF01951C,91,89,180,10,17,27,0,0,0
NAMM8CM015,9,20,29,4,6,10,5,16,21
CZMM873051,5,25,30,3,5,8,14,13,27
ALMM809023,5,26,31,1,9,10,3,20,23
CSEE590015,3,50,53,0,8,8,9,11,20
LERH05101Q,66,70,136,13,19,32,21,13,34
VEEE821053,0,76,76,0,11,11,5,29,34
LTEE84002A,1,44,45,0,20,20,1,25,26
CSEE88801Q,5,56,61,1,21,22,15,9,24
TVEE82802P,3,59,62,1,11,12,3,22,25
BIMM80103C,12,20,32,2,7,9,9,20,29
VCEE809057,6,80,86,4,27,31,9,36,45
ALEE817067,1,72,73,0,23,23,8,26,34
GEMM85602Q,8,27,35,2,4,6,9,21,30
MEMM86101L,3,36,39,2,18,20,8,22,30
GEEE84403G,1,96,97,0,26,26,7,32,39
APEE81003E,2,85,87,0,32,32,7,27,34
PRMM700014,2,85,87,0,32,32,7,27,34
CEEE85401D,0,39,39,0,5,5,4,19,23
TOEE86505C,4,67,71,0,21,21,6,31,37
CHMM817038,8,20,28,3,6,9,2,22,24
BNMM80401A,5,17,22,0,3,3,7,13,20
REEE82901Q,1,50,51,0,11,11,3,32,35
SARH02901B,59,99,158,7,30,37,21,18,39
LTEE847047,1,58,59,1,30,31,5,22,27
ENEE80501T,3,32,35,0,7,7,16,7,23
BAEE884012,2,85,87,1,38,39,10,17,27
AVMM807034,13,30,43,0,5,5,6,24,30
CZEE830043,3,47,50,1,12,13,7,24,31
VREE853023,0,50,50,0,9,9,1,21,22
FEEE817055,1,45,46,0,15,15,1,24,25
TOEE8A301G,7,99,106,1,29,30,11,35,46
LTEE805012,3,52,55,2,21,23,6,21,27
FGEE858041,1,72,73,0,19,19,8,19,27
SVPS01000V,24,50,74,0,2,2,5,18,23
RCEE86102B,3,65,68,1,17,18,17,13,30
SAMM89301B,9,25,34,1,12,13,10,8,18
VTPS009013,24,87,111,2,17,19,8,15,23
RCEE81703A,2,41,43,1,14,15,8,10,18
VREE84902B,4,21,25,1,5,6,4,10,14
PEEE70001D,4,21,25,1,5,6,4,10,14
MOEE81502D,2,21,23,0,2,2,6,13,19
ISEE812116,2,41,43,0,8,8,7,18,25
COEE84403D,6,63,69,0,14,14,4,23,27
FREE85902Q,2,62,64,1,24,25,3,28,31
POTD01001T,2,62,64,1,24,25,3,28,31
NATF091509,38,69,107,3,16,19,0,0,0
SVMM80501V,8,18,26,2,0,2,5,22,27
MBEE8F801L,7,87,94,3,29,32,4,24,28
VBEE81210P,3,78,81,2,24,26,8,38,46
MSEE814039,2,29,31,1,4,5,4,11,15
BAEE12000X,3,55,58,1,12,13,5,12,17
PAMM8A901X,20,29,49,5,10,15,17,13,30
PEEE822017,3,37,40,1,8,9,10,20,30
VAEE86801N,5,44,49,4,9,13,5,13,18
PIEE82803G,2,72,74,2,20,22,4,32,36
AVMM852054,10,35,45,0,8,8,2,24,26
CSEE827029,2,28,30,1,3,4,8,13,21
MEEE88203R,2,37,39,0,13,13,4,13,17
BOTD02150E,29,52,81,3,12,15,0,0,0
PDEE863042,2,47,49,0,12,12,6,12,18
NAPC14000P,11,80,91,0,0,0,10,14,24
TVEE81603D,4,87,91,1,12,13,11,24,35
AGTF02201D,49,75,124,8,17,25,17,14,31
AREE835023,0,55,55,0,11,11,4,20,24
TPRI028011,52,86,138,9,39,48,19,14,33
SVEE81509V,3,83,86,1,21,22,6,29,35
MOEE840037,6,81,87,3,26,29,11,21,32
TVEE86505R,2,87,89,0,22,22,7,29,36
COEE816028,3,34,37,1,8,9,6,12,18
TEEE834014,0,57,57,0,24,24,2,26,28
BIEE80103D,3,50,53,0,11,11,9,20,29
BAEE04503E,2,56,58,1,13,14,4,20,24
NAMM8ES01P,10,33,43,5,8,13,10,19,29
BNEE848059,0,41,41,0,6,6,3,20,23
AVEE84602P,4,37,41,2,5,7,14,10,24
MOEE825035,3,104,107,0,28,28,8,27,35
MEMM83903D,9,28,37,6,2,8,10,25,35
VVEE820032,4,41,45,1,8,9,14,10,24
MEMM88701R,10,41,51,6,14,20,5,19,24
UDRI01601D,142,137,279,4,5,9,40,39,79
GERC01903X,45,88,133,8,18,26,7,31,38
LIEE81402V,1,110,111,0,51,51,7,28,35
BARC04301R,37,101,138,1,28,29,13,19,32
BNEE827014,3,51,54,0,12,12,13,10,23
SSEE81204C,2,50,52,1,18,19,7,16,23
PZEE857026,4,52,56,1,12,13,6,18,24
VIEE81101G,5,47,52,2,9,11,4,18,22
MEMM814013,6,18,24,0,1,1,12,16,28
MIEE8BX02B,6,86,92,4,19,23,6,24,30
CTEE822029,3,48,51,2,19,21,9,14,23
FREE85502C,3,59,62,1,16,17,4,26,30
RGRI002014,48,89,137,10,13,23,25,17,42
VIEE86603T,6,84,90,3,25,28,10,19,29
RIMM807026,3,10,13,0,0,0,4,13,17
MCRI040015,33,45,78,4,9,13,16,15,31
LTTD01601R,50,117,167,9,48,57,40,44,84
TOEE01400B,7,140,147,2,51,53,6,27,33
ANMM827016,7,140,147,2,51,53,6,27,33
MIEE860015,6,73,79,2,13,15,6,26,32
NUEE84104L,0,32,32,0,7,7,7,20,27
APEE821031,3,69,72,0,16,16,6,37,43
CBMM83007A,7,11,18,2,1,3,6,20,26
PTTD05050A,19,71,90,3,14,17,5,16,21
RATD03000R,22,66,88,2,5,7,8,20,28
SAEE83402N,1,24,25,0,6,6,7,9,16
VRMM84101P,6,12,18,2,3,5,4,15,19
CAMM82103R,2,17,19,0,4,4,4,15,19
PCEE81002R,0,79,79,0,19,19,5,33,38
BOEE85805L,9,116,125,2,28,30,8,25,33
LOEE80804V,3,54,57,1,12,13,8,26,34
MIRI08951X,77,117,194,28,44,72,0,0,0
MIEE8D301B,12,81,93,8,20,28,9,19,28
RMEE8DG028,1,63,64,0,17,17,6,19,25
RMEE88001V,2,60,62,1,22,23,3,22,25
RMMM8F401X,9,53,62,2,7,9,8,15,23
RMTF010006,73,72,145,11,20,31,11,22,33
VBEE814032,6,57,63,2,13,15,6,26,32
ATEE80803A,0,43,43,0,10,10,4,25,29
CZSD002503,27,54,81,2,12,14,0,0,0
TSEE81601N,1,12,13,0,0,0,1,8,9
VAMM83302P,10,34,44,2,13,15,5,24,29
MIMM8B501R,11,31,42,4,7,11,6,32,38
ALMM81801R,3,25,28,1,8,9,8,25,33
BGMM84402L,10,43,53,3,10,13,5,24,29
TOEE81402C,2,33,35,0,6,6,4,16,20
PGRC00201N,31,64,95,4,20,24,2,19,21
BSEE86301E,2,40,42,0,8,8,11,17,28
PAEE812027,5,41,46,0,10,10,13,10,23
VIEE83302D,2,54,56,0,13,13,2,25,27
TOEE895025,1,40,41,1,9,10,5,20,25
ATMM80103E,15,21,36,4,5,9,10,26,36
RIEE823036,3,38,41,1,11,12,2,17,19
PETF00301C,40,73,113,6,23,29,9,23,32
PCEE007011,2,75,77,0,13,13,3,23,26
BIEE80102C,3,50,53,0,11,11,9,20,29
BAPC18000X,19,76,95,4,15,19,10,10,20
NAMM8C801C,5,15,20,2,6,8,7,14,21
CNMM161008,5,15,20,2,6,8,7,14,21
CEEE80801Q,2,78,80,0,15,15,14,23,37
PAMM870015,8,33,41,3,17,20,8,13,21
TVEE84504E,5,50,55,0,9,9,1,18,19
RMMM67000C,5,50,55,0,9,9,1,18,19
VIEE88702T,4,27,31,0,5,5,5,25,30
NAEE8FF02P,3,68,71,2,19,21,10,20,30
NAPM13301R,32,62,94,7,36,43,10,12,22
PDEE896027,4,93,97,2,19,21,11,29,40
LCEE82001L,1,52,53,0,13,13,5,17,22
SREE70201A,1,52,53,0,13,13,5,17,22
VCEE804021,1,45,46,0,17,17,3,21,24
BLEE82806E,4,44,48,1,8,9,13,14,27
CSEE8AR03B,3,53,56,1,12,13,14,12,26
PVTF00701L,53,75,128,9,18,27,10,22,32
RMMM8E4019,13,37,50,6,14,20,4,22,26
SVPS02000D,13,37,50,6,14,20,4,22,26
RCMM71001G,13,37,50,6,14,20,4,22,26
LCEE82602L,5,89,94,0,28,28,9,24,33
MBEE81201L,3,40,43,1,9,10,3,15,18
CAMM833011,9,11,20,1,2,3,4,11,15
MBPM06000E,22,76,98,4,6,10,6,19,25
CHEE84201X,0,34,34,0,14,14,4,18,22
SSEE808081,1,53,54,0,14,14,4,27,31
BSMM85402Q,13,35,48,2,4,6,6,33,39
BSEE895023,7,46,53,2,6,8,7,17,24
PATD03201Q,46,147,193,16,61,77,23,19,42
PZRH02852T,46,89,135,4,23,27,0,0,0
SAEE8AG02X,1,19,20,0,1,1,12,6,18
CSTF063012,39,72,111,4,25,29,16,14,30
CSPS07901D,34,66,100,0,6,6,8,17,25
ARRI004014,29,51,80,1,7,8,8,17,25
PCPC010004,33,103,136,4,9,13,8,30,38
COEE83003G,1,57,58,0,14,14,3,20,23
NAEE119078,2,58,60,1,21,22,6,15,21
BARI013502,57,80,137,6,15,21,0,0,0
CHEE03601N,2,50,52,0,12,12,1,23,24
CNMM86602G,13,55,68,4,11,15,5,36,41
BAEE82901D,0,45,45,0,17,17,6,18,24
NAMM8EG02V,0,45,45,0,17,17,6,18,24
MBEE8F901C,4,57,61,0,18,18,2,23,25
PAMM72301P,4,57,61,0,18,18,2,23,25
CAEE882028,1,47,48,0,20,20,2,20,22
ROMM803024,15,36,51,6,6,12,8,25,33
NAPC130004,15,81,96,3,9,12,7,17,24
SOEE81801N,2,51,53,0,9,9,3,21,24
NAPS22000D,18,108,126,2,8,10,9,21,30
CTPS042023,33,77,110,5,34,39,20,11,31
UDPS011015,60,81,141,6,26,32,17,44,61
NAPM06801V,22,70,92,3,12,15,9,11,20
LUTN01201V,40,86,126,1,23,24,6,26,32
BNEE81705N,0,46,46,0,15,15,4,17,21
RNMM804016,8,31,39,3,4,7,7,29,36
CTPS10000Q,23,98,121,3,13,16,8,21,29
MBSL062013,57,73,130,8,22,30,11,21,32
AVMM87003G,5,23,28,1,4,5,6,19,25
COEE83901X,1,49,50,0,10,10,3,23,26
MEEE81805G,2,42,44,0,11,11,6,20,26
BAEE011019,2,42,44,0,11,11,6,20,26
SSSD020006,56,81,137,20,35,55,3,26,29
PSEE80402T,2,29,31,0,6,6,6,15,21
RNMM81901X,18,45,63,5,7,12,6,32,38
PSMM84002X,5,18,23,2,2,4,4,31,35
ANMM834019,7,31,38,1,8,9,5,21,26
APRA00801E,45,101,146,6,34,40,34,45,79
FGEE864015,2,39,41,0,14,14,16,8,24
BOEE80601Q,5,71,76,2,16,18,6,25,31
RCEE87402D,1,61,62,0,24,24,14,11,25
NAPS046011,16,55,71,3,13,16,12,11,23
TREE803036,3,30,33,1,8,9,1,16,17
TOEE87105Q,3,61,64,1,18,19,6,31,37
MOEE84803T,10,122,132,7,35,42,5,37,42
TVMM87101V,9,50,59,2,9,11,11,24,35
RGEE01400L,2,54,56,0,18,18,3,20,23
REMM820018,6,24,30,0,4,4,2,14,16
MBMM8CL011,7,33,40,0,6,6,3,22,25
VIEE86601Q,7,33,40,0,6,6,3,22,25
FGTD00101A,25,36,61,6,4,10,12,3,15
CTEE703012,25,36,61,6,4,10,12,3,15
CBMM850019,13,35,48,2,12,14,2,24,26
PIMM837017,5,25,30,1,7,8,6,20,26
VAEE81407G,5,72,77,2,18,20,6,25,31
SIRC00401G,56,151,207,14,57,71,18,29,47
RMEE813036,5,91,96,3,17,20,10,16,26
CTEE808012,2,45,47,0,14,14,9,15,24
FREE844011,2,68,70,2,12,14,7,22,29
BAEE19200T,1,40,41,0,9,9,8,11,19
AQMM843019,9,34,43,5,19,24,5,24,29
TOEE8AA043,4,74,78,1,14,15,7,34,41
MIMM8FC01G,12,24,36,4,9,13,4,23,27
VREE832033,0,48,48,0,13,13,4,27,31
TPMM837011,12,36,48,4,18,22,8,13,21
ORSL01101E,12,36,48,4,18,22,8,13,21
SSEE84404X,1,72,73,1,22,23,7,24,31
GEEE853029,2,59,61,1,13,14,7,23,30
CTEE82502R,3,79,82,2,28,30,8,27,35
PSMM81702V,9,34,43,2,9,11,6,34,40
PIMM816016,6,36,42,2,9,11,1,31,32
LUEE828027,1,37,38,0,9,9,2,23,25
VVMM04300G,1,37,38,0,9,9,2,23,25
AVSD02401Q,1,37,38,0,9,9,2,23,25
PGPM010004,24,116,140,2,19,21,1,27,28
ENEE81902R,7,46,53,0,15,15,14,11,25
TPEE845033,2,56,58,0,16,16,9,16,25
BNEE850048,2,32,34,1,8,9,9,11,20
MCEE82502A,2,33,35,1,6,7,3,18,21
BOEE867039,8,87,95,4,26,30,10,20,30
LUEE829023,1,38,39,1,8,9,4,26,30
CTEE84204L,2,59,61,1,29,30,8,15,23
BNEE855029,2,45,47,1,8,9,9,18,27
RMEE22101T,4,106,110,0,25,25,5,25,30
PSMM83301Q,9,32,41,2,11,13,7,33,40
LERI01601X,57,75,132,10,11,21,14,13,27
PNEE81702L,4,43,47,2,7,9,1,16,17
CTRA00601C,44,49,93,5,11,16,18,19,37
FGTD08000A,51,96,147,12,38,50,17,11,28
TAEE85103D,3,58,61,0,16,16,4,20,24
ROTF01101N,46,51,97,1,3,4,10,22,32
TVMM85801C,2,21,23,0,3,3,3,17,20
BSMM8AL01C,4,36,40,2,6,8,3,23,26
TOEE8BT027,6,81,87,3,29,32,11,32,43
SAEE896043,1,66,67,1,13,14,7,15,22
NAMM8F101D,7,18,25,2,7,9,4,15,19
VIMM84001E,8,44,52,2,9,11,11,23,34
TOEE8B3027,4,93,97,2,17,19,10,23,33
CSEE8AT02B,0,32,32,0,7,7,5,13,18
BGMM85103R,7,19,26,0,4,4,2,24,26
TOEE89903D,3,42,45,0,8,8,2,28,30
TOEE8BQ019,2,84,86,1,18,19,8,29,37
CAEE037009,3,55,58,1,15,16,3,14,17
BSEE87001N,3,45,48,1,3,4,8,20,28
TOEE8BX02E,3,66,69,2,21,23,4,28,32
LIRI00601L,66,97,163,10,31,41,17,30,47
CSEE8AK01E,8,103,111,2,32,34,11,21,32
TPEE829035,6,69,75,2,26,28,23,10,33
RIEE829013,0,45,45,0,14,14,1,24,25
RMMM85901C,7,35,42,3,5,8,6,21,27
AQEE836017,0,34,34,0,9,9,4,17,21
VEEE85001V,0,41,41,0,10,10,10,18,28
TPEE80504N,1,16,17,0,5,5,7,2,9
CZMM848014,7,19,26,1,3,4,9,16,25
VEEE81403T,1,26,27,0,4,4,8,12,20
TAEE811011,2,33,35,0,8,8,4,14,18
RCEE805078,0,73,73,0,22,22,10,27,37
CEPC00401T,30,68,98,4,7,11,10,15,25
UDMM813017,4,15,19,1,1,2,1,15,16
BOMM809016,10,23,33,2,5,7,7,23,30
VBEE81707N,5,79,84,1,22,23,8,27,35
SVMM812023,3,37,40,0,7,7,10,19,29
CZRH01101R,35,75,110,4,24,28,13,16,29
TPEE81301D,3,50,53,2,12,14,7,11,18
BGRF026506,33,94,127,7,21,28,0,0,0
CLTF020005,59,48,107,4,9,13,13,16,29
MEEE84702C,1,44,45,0,8,8,12,13,25
APEE81006N,2,85,87,0,32,32,7,27,34
ATTA00402X,2,85,87,0,32,32,7,27,34
TARI037507,65,93,158,1,15,16,0,0,0
CNEE83704P,0,39,39,0,12,12,2,20,22
TAEE083032,3,60,63,1,12,13,9,12,21
RMEE8EN016,1,35,36,0,8,8,5,13,18
VEMM81001B,11,25,36,4,4,8,4,15,19
PTRC002019,57,129,186,15,59,74,12,28,40
VEEE86603E,8,92,100,4,29,33,2,29,31
BSEE85404V,3,71,74,0,12,12,6,33,39
BGEE885031,3,71,74,0,12,12,6,33,39
SVEE817038,5,59,64,3,16,19,10,26,36
MITD02701T,24,69,93,1,7,8,6,18,24
TVEE883027,2,60,62,0,10,10,6,24,30
BSEE845011,3,48,51,1,9,10,4,22,26
CHEE841058,3,48,51,1,9,10,4,22,26
GOPC002019,11,23,34,1,0,1,5,7,12
BREE81402V,11,23,34,1,0,1,5,7,12
MEEE85202X,4,63,67,2,22,24,6,18,24
PCPM010008,23,107,130,1,18,19,5,34,39
FRTF026023,62,76,138,3,19,22,13,25,38
PCEE81603R,2,75,77,1,15,16,3,36,39
VEEE861019,6,71,77,1,16,17,0,30,30
RGEE809059,4,50,54,0,13,13,15,18,33
FRPS009016,33,78,111,1,13,14,7,20,27
MIRC061012,41,105,146,8,32,40,9,22,31
CHEE82303L,41,105,146,8,32,40,9,22,31
ARRI00801B,97,113,210,23,29,52,9,32,41
BATD01350L,57,80,137,6,15,21,0,0,0
CSMM82301X,15,20,35,1,6,7,11,11,22
CSEE88902L,5,50,55,1,15,16,10,9,19
BATF002014,55,95,150,3,25,28,11,21,32
CSPS068035,48,78,126,1,15,16,22,16,38
CSEE885018,3,42,45,1,8,9,3,13,16
LEEE816016,3,47,50,1,10,11,9,18,27
NAPS08000B,20,67,87,2,3,5,10,13,23
BNMM814011,1,15,16,0,2,2,7,11,18
GEMM808019,10,25,35,5,5,10,3,15,18
CNEE86001L,1,63,64,0,13,13,9,21,30
CTRH05001P,76,150,226,19,78,97,26,24,50
MBPS068015,45,110,155,2,13,15,14,27,41
SORH040004,33,46,79,4,15,19,10,23,33
VBEE00201P,1,47,48,0,18,18,3,18,21
PAMM8A7018,11,17,28,5,6,11,11,11,22
MIMM8GE01T,13,31,44,3,6,9,6,15,21
BOMM80601P,15,35,50,3,9,12,6,25,31
LEMM881018,11,22,33,3,3,6,12,6,18
MSEE01411Q,11,22,33,3,3,6,12,6,18
FIPM02701C,35,107,142,1,16,17,8,26,34
UDMM855019,9,32,41,1,8,9,2,28,30
POEE820036,5,101,106,0,24,24,8,41,49
BLMM81802P,11,15,26,1,3,4,8,10,18
TREE81803X,3,54,57,0,17,17,1,22,23
PAMM81703A,13,24,37,2,5,7,20,8,28
SVEE80105R,3,27,30,0,5,5,5,17,22
SAEE88003C,0,21,21,0,5,5,4,13,17
RCEE868048,5,58,63,2,14,16,10,21,31
SATN020509,10,10,20,5,3,8,6,5,11
BAEE18400V,3,51,54,0,16,16,5,16,21
ANRC01302B,74,128,202,17,43,60,17,29,46
MBEE8DP014,7,65,72,2,12,14,4,22,26
MEEE874061,4,58,62,1,19,20,11,23,34
PVEE80906V,2,47,49,0,14,14,6,15,21
VRMM853022,8,29,37,1,8,9,1,21,22
BREE826014,2,47,49,1,16,17,10,9,19
BRTD00901P,49,73,122,9,15,24,15,15,30
GEEE86302X,2,62,64,1,11,12,8,23,31
VIRI007502,74,101,175,14,32,46,0,0,0
PARA007516,29,54,83,2,17,19,0,0,0
NUEE860064,5,45,50,2,8,10,10,24,34
LIEE805024,3,49,52,1,17,18,4,25,29
PDTD007518,49,70,119,3,10,13,0,0,0
RMEE85201P,4,47,51,1,16,17,5,13,18
BOMM832028,14,18,32,3,0,3,8,28,36
MCMM804017,8,15,23,1,3,4,7,16,23
SSEE806034,2,54,56,0,9,9,3,23,26
VRRI010517,67,50,117,5,12,17,14,18,32
NARC11401V,53,50,103,10,19,29,19,10,29
SAEE83603A,0,27,27,0,7,7,10,10,20
LERF016011,57,75,132,10,11,21,14,13,27
TOEE88402P,2,59,61,2,18,20,4,23,27
BNEE85503A,2,45,47,1,8,9,9,18,27
APEE833015,0,70,70,0,24,24,5,25,30
AVTD011013,34,78,112,7,24,31,16,15,31
RNEE81101A,6,55,61,2,14,16,5,34,39
ENEE824017,7,30,37,2,6,8,16,5,21
VREE86303P,4,58,62,1,9,10,7,25,32
APMM811028,10,18,28,1,3,4,2,23,25
CZMM86501T,9,29,38,3,7,10,15,14,29
TOEE8BT016,6,81,87,3,29,32,11,32,43
VBEE81208G,3,78,81,2,24,26,8,38,46
LTMM818024,12,28,40,2,2,4,7,18,25
PNEE830045,6,69,75,1,23,24,5,28,33
MNEE82503C,4,67,71,2,20,22,9,22,31
TVEE86605L,4,56,60,1,13,14,10,24,34
KRPC010002,8,19,27,1,4,5,6,3,9
RAEE829019,5,49,54,1,6,7,7,23,30
LEEE84102X,1,41,42,0,14,14,8,11,19
SOMM81301D,2,30,32,0,5,5,3,27,30
MOEE825013,3,104,107,0,28,28,8,27,35
CNMM83001Q,7,28,35,1,8,9,5,21,26
RCEE83915R,3,73,76,1,19,20,19,15,34
NAEE02401L,0,66,66,0,26,26,8,10,18
BSMM837022,6,16,22,1,2,3,5,17,22
CEEE86804E,0,55,55,0,11,11,13,17,30
VEEE82102X,0,76,76,0,11,11,5,29,34
RGRI00250C,48,89,137,10,13,23,0,0,0
KRPS040001,5,11,16,0,3,3,3,4,7
CZRA011523,35,75,110,4,24,28,0,0,0
PNEE81305C,5,97,102,4,12,16,3,39,42
GEEE85603T,2,43,45,0,5,5,9,21,30
PNEE80901L,1,45,46,0,3,3,9,29,38
PDEE883047,10,71,81,5,12,17,12,22,34
LERC042515,71,101,172,6,28,34,0,0,0
TSEE81501T,3,50,53,1,5,6,2,22,24
PSEE81101X,3,28,31,0,11,11,4,16,20
APEE81004G,2,85,87,0,32,32,7,27,34
CBEE83009D,3,53,56,1,17,18,6,20,26
PTTF01000R,103,77,180,14,13,27,13,25,38
TOEE865018,4,67,71,0,21,21,6,31,37
PEEE810044,0,52,52,0,17,17,7,28,35
BNEE80402C,1,31,32,0,5,5,7,13,20
REMM82901P,9,29,38,4,3,7,3,32,35
PVMM800038,9,28,37,4,9,13,9,26,35
BNMM83303C,12,24,36,3,3,6,9,15,24
AVMM807056,13,30,43,0,5,5,6,24,30
RCEE815103,6,61,67,3,14,17,13,19,32
CAEE82101Q,1,26,27,0,4,4,4,15,19
PVEE819029,13,74,87,11,19,30,11,24,35
PAEE077001,2,71,73,1,25,26,18,5,23
CZMM83002X,4,18,22,0,6,6,7,24,31
RCEE829123,2,65,67,0,14,14,15,14,29
TVMM83602L,13,37,50,4,9,13,7,21,28
PAMM84801X,10,37,47,2,6,8,7,12,19
PDMM89201T,8,32,40,2,4,6,3,24,27
TOEE8A302L,7,99,106,1,29,30,11,35,46
GOTF004016,14,26,40,0,1,1,3,9,12
MISL091016,57,81,138,7,20,27,10,23,33
LERH051515,66,70,136,13,19,32,0,0,0
LEEE803025,2,40,42,1,13,14,8,14,22
CTEE8AY03P,3,60,63,0,18,18,11,21,32
NAEE8DW01C,1,55,56,0,24,24,15,9,24
LTMM840018,14,32,46,4,8,12,1,25,26
MIMM8D302B,14,32,46,4,8,12,1,25,26
BREE03001R,3,64,67,1,16,17,7,11,18
SRRI01601V,46,75,121,6,15,21,24,20,44
PCTA002503,62,153,215,13,45,58,0,0,0
GRPC00801B,41,53,94,6,14,20,7,12,19
MOTD00401A,38,70,108,3,8,11,9,22,31
RMTF010028,73,72,145,11,20,31,11,22,33
BAPS002012,55,95,150,3,25,28,11,21,32
PERA002014,23,31,54,1,11,12,15,27,42
BREE806031,1,42,43,0,15,15,8,15,23
MEEE86104R,2,98,100,1,45,46,8,22,30
VTTD00901V,24,87,111,2,17,19,8,15,23
MIMM8B601L,10,31,41,3,10,13,10,20,30
VIMM83201G,7,27,34,3,4,7,4,17,21
CSPS018012,12,34,46,0,2,2,13,9,22
ROEE808039,2,46,48,2,12,14,4,18,22
CHEE81704A,1,39,40,1,11,12,2,22,24
SAMM8AP02V,18,18,36,4,4,8,4,16,20
TRTD00701Q,51,167,218,15,64,79,10,35,45
ALEE81005B,4,28,32,1,7,8,4,15,19
BAMM889014,12,55,67,4,15,19,9,11,20
MSEE81405B,2,29,31,1,4,5,4,11,15
BAEE120011,3,55,58,1,12,13,5,12,17
PAEE8A9022,3,60,63,2,16,18,17,13,30
PIEE82805N,2,72,74,2,20,22,4,32,36
AVEE852044,3,53,56,1,14,15,2,24,26
MEEE835015,3,51,54,0,8,8,10,17,27
MIMM8GG01D,15,26,41,4,9,13,7,20,27
CHEE812047,2,42,44,0,17,17,2,22,24
PDMM874029,13,56,69,1,6,7,6,45,51
MEMM88201N,5,27,32,2,12,14,4,13,17
PDMM86301T,8,19,27,2,1,3,6,12,18
FIEE84903T,4,89,93,1,16,17,9,21,30
CAPM04000N,18,46,64,4,13,17,6,9,15
RMMM8FL014,5,18,23,1,7,8,4,25,29
LEMM83602B,9,19,28,0,5,5,12,12,24
TVEE81606L,4,87,91,1,12,13,11,24,35
BAEE81605G,4,87,91,1,12,13,11,24,35
CREE813031,4,62,66,2,14,16,6,32,38
ARMM83601R,7,36,43,1,11,12,9,22,31
PIEE832037,8,84,92,4,30,34,5,27,32
TPRI028509,52,86,138,9,39,48,0,0,0
FIMM833015,7,29,36,1,5,6,5,28,33
TEMM825018,10,44,54,2,15,17,10,28,38
BGMM82301E,10,33,43,5,5,10,2,21,23
GOEE801047,2,41,43,0,9,9,4,22,26
MSPM00101P,19,76,95,2,5,7,4,21,25
NAEE8ER02G,3,53,56,1,16,17,5,21,26
MBMM835018,15,40,55,5,12,17,5,23,28
NAEE85801P,0,46,46,0,10,10,13,15,28
TAMM84201G,5,14,19,1,3,4,11,12,23
POTF01050C,125,121,246,11,18,29,15,41,56
BATD043014,37,101,138,1,28,29,13,19,32
NAPS091507,38,69,107,3,16,19,0,0,0
BOPS01701P,31,111,142,5,17,22,10,23,33
MIMM8A201P,17,44,61,9,11,20,2,30,32
BNEE827036,3,51,54,0,12,12,13,10,23
SVMM80502X,8,18,26,2,0,2,5,22,27
NATN09801B,81,198,279,19,84,103,29,23,52
MEEE814014,4,26,30,0,1,1,12,16,28
MIMM8BX019,9,52,61,2,12,14,6,24,30
PREE818028,3,43,46,0,7,7,5,19,24
SSTH023506,32,51,83,8,15,23,0,0,0
BAEE125014,3,49,52,1,18,19,2,14,16
MCRI040004,33,45,78,4,9,13,16,15,31
VTEE81607X,5,53,58,1,17,18,3,24,27
CAEE87801G,4,84,88,1,23,24,11,24,35
NUEE860075,5,45,50,2,8,10,10,24,34
TOEE01401C,7,140,147,2,51,53,6,27,33
BAEE86401R,7,140,147,2,51,53,6,27,33
BOTD021016,29,52,81,3,12,15,7,14,21
NUMM830012,11,23,34,2,4,6,9,12,21
CTMM8A901B,4,40,44,0,8,8,8,17,25
MITF270003,46,66,112,4,8,12,8,19,27
FOEE031051,5,74,79,1,17,18,6,26,32
AGPS02201B,49,75,124,8,17,25,17,14,31
MIMM860014,9,37,46,5,6,11,6,26,32
BSRC029014,44,92,136,3,11,14,29,28,57
MIMM8EM01R,9,24,33,2,7,9,6,26,32
MOEE841011,8,109,117,3,36,39,7,26,33
BSTF006011,68,90,158,4,7,11,18,25,43
CSEE85801X,1,36,37,0,8,8,21,7,28
MIMM82001N,17,41,58,6,15,21,9,17,26
CREE80604V,1,49,50,1,5,6,5,25,30
VTMM82801V,8,30,38,2,8,10,6,19,25
BSMM895033,7,38,45,1,6,7,7,17,24
NOEE83302A,0,100,100,0,35,35,8,24,32
BRMM82901E,7,22,29,0,6,6,7,13,20
SAEE83406T,1,24,25,0,6,6,7,9,16
CSRI06351E,39,72,111,4,25,29,0,0,0
LIEE814041,1,110,111,0,51,51,7,28,35
VREE84101Q,3,26,29,0,6,6,4,15,19
NUMM85005B,8,13,21,2,1,3,2,17,19
PZEE857015,4,52,56,1,12,13,6,18,24
NAEE119045,2,58,60,1,21,22,6,15,21
ARPS02101L,15,38,53,1,5,6,1,17,18
MNTD008509,77,97,174,18,26,44,0,0,0
SOEE81802P,2,51,53,0,9,9,3,21,24
VAMM83203X,7,39,46,3,9,12,6,15,21
PGTD029011,50,61,111,6,25,31,11,20,31
UDEE84501Q,4,61,65,1,6,7,6,24,30
TOMM894028,20,42,62,4,10,14,16,31,47
LESD026504,20,42,62,4,10,14,16,31,47
RCMM87402C,11,37,48,4,12,16,14,11,25
PAEE017009,11,37,48,4,12,16,14,11,25
MBEE8CL012,5,48,53,3,8,11,3,22,25
RMEE8F4011,5,71,76,2,18,20,8,15,23
PZEE88802T,2,53,55,1,15,16,9,16,25
PVEE80404N,3,64,67,1,19,20,6,31,37
NAEE191007,0,63,63,0,17,17,7,10,17
AQMM84201D,15,41,56,3,12,15,3,29,32
NAEE8FB01A,3,56,59,1,23,24,9,16,25
PDEE89605A,4,93,97,2,19,21,11,29,40
SRMM70101D,4,93,97,2,19,21,11,29,40
MNMM805014,9,21,30,1,10,11,2,29,31
BSEE86405E,5,65,70,3,11,14,5,24,29
CSEE873067,0,30,30,0,4,4,16,5,21
SSMM84401Q,9,39,48,4,16,20,7,24,31
PDEE89202X,4,55,59,2,10,12,3,24,27
CSEE83702X,7,49,56,3,16,19,16,16,32
BGMM805011,10,20,30,4,8,12,6,16,22
TVEE87901E,5,76,81,1,15,16,2,38,40
UDEE83701R,1,60,61,0,15,15,1,26,27
MNEE806022,4,49,53,1,14,15,3,28,31
ATEE81301Q,3,44,47,0,10,10,2,27,29
AVSD02402R,28,69,97,3,13,16,13,18,31
BAPC150004,12,55,67,0,1,1,9,15,24
SVPS030004,61,99,160,9,12,21,6,25,31
ENEE81903T,7,46,53,0,15,15,14,11,25
NAMM8C3019,16,33,49,2,5,7,7,7,14
LTEE846018,3,76,79,0,33,33,11,20,31
BAMM87701T,6,20,26,1,3,4,7,13,20
CAEE83401T,4,24,28,2,9,11,5,9,14
RCEE81607P,2,22,24,0,2,2,9,10,19
TVEE84501B,5,50,55,0,9,9,1,18,19
CHMM84201V,17,45,62,4,9,13,4,18,22
PREE07501C,4,82,86,1,26,27,4,24,28
FGTD06050E,30,34,64,4,1,5,9,14,23
FGMM84601E,14,39,53,5,12,17,12,15,27
CTMM82001G,4,27,31,1,10,11,8,10,18
RNEE01505V,8,114,122,3,36,39,9,29,38
MBEE8F803P,7,87,94,3,29,32,4,24,28
PAEE8A101A,4,77,81,0,33,33,11,16,27
VITD00401R,75,101,176,13,21,34,16,29,45
COMM80601G,10,21,31,4,4,8,3,17,20
PDEE86301V,2,47,49,0,12,12,6,12,18
RCEE71602L,2,47,49,0,12,12,6,12,18
NAPC11000V,16,60,76,0,0,0,6,17,23
LIRC00601X,66,97,163,10,31,41,17,30,47
NAPC06801P,22,70,92,3,12,15,9,11,20
ENMM704014,22,70,92,3,12,15,9,11,20
MBPM08000Q,26,113,139,7,21,28,7,27,34
RNEE804039,7,88,95,4,25,29,7,29,36
SATF06701E,48,73,121,4,23,27,21,19,40
CEEE893025,1,50,51,0,11,11,4,19,23
PEEE829034,5,47,52,1,15,16,9,17,26
BAEE04501C,2,56,58,1,13,14,4,20,24
BAEE01102A,2,56,58,1,13,14,4,20,24
PAEE8AF03G,3,40,43,0,6,6,15,9,24
NARI109014,40,91,131,9,31,40,20,10,30
AREE83602V,4,70,74,3,20,23,9,22,31
PATD032504,46,147,193,16,61,77,0,0,0
AVMM84604Q,7,27,34,2,4,6,14,10,24
SSSD02051L,56,81,137,20,35,55,3,26,29
TAEE87201C,3,71,74,0,32,32,11,12,23
MEEE83907P,9,53,62,3,6,9,10,25,35
CREE825037,2,55,57,2,15,17,7,26,33
MITD01901V,52,116,168,10,18,28,12,30,42
VVEE820043,4,41,45,1,8,9,14,10,24
GERC019528,45,88,133,8,18,26,0,0,0
BNMM71801B,45,88,133,8,18,26,0,0,0
APRH008503,45,101,146,6,34,40,0,0,0
GERH010501,63,113,176,14,41,55,17,26,43
OREE812088,0,62,62,0,21,21,2,32,34
FGMM819038,10,12,22,2,0,2,7,13,20
TOEE87102L,3,61,64,1,18,19,6,31,37
TVEE87101X,3,77,80,1,14,15,11,24,35
MIEE8BX01A,6,86,92,4,19,23,6,24,30
REEE820019,3,40,43,0,12,12,2,14,16
CBEE85001A,2,64,66,0,22,22,2,24,26
NAEE8B802X,1,70,71,1,26,27,11,17,28
SAEE8BB01A,3,48,51,2,10,12,13,6,19
NAMM8EG01T,13,32,45,8,9,17,8,13,21
BNMM826039,8,22,30,1,2,3,8,20,28
BGEE883017,3,79,82,1,15,16,8,20,28
SVMM80602Q,14,33,47,4,4,8,6,28,34
PIEE837029,2,59,61,0,12,12,6,20,26
VTEE83602X,3,75,78,2,29,31,2,24,26
VAEE81408L,3,75,78,2,29,31,2,24,26
TOEE004041,8,91,99,6,30,36,6,21,27
CTMM864019,11,54,65,4,25,29,12,19,31
BAMM84201V,10,40,50,1,20,21,10,20,30
RMEE813014,5,91,96,3,17,20,10,16,26
NAEE177012,1,66,67,0,12,12,11,13,24
ROMM803013,15,36,51,6,6,12,8,25,33
RCEE868037,5,58,63,2,14,16,10,21,31
AGEE83103Q,6,34,40,2,8,10,16,7,23
PSRI007012,34,46,80,6,13,19,16,33,49
MIEE8FR01G,5,78,83,3,25,28,7,25,32
VRMM88301R,6,28,34,1,6,7,5,23,28
PGEE856044,4,52,56,2,19,21,1,32,33
ANMM83301D,9,32,41,1,8,9,6,20,26
LURC012513,40,86,126,1,23,24,0,0,0
BNMM81702D,13,23,36,5,5,10,4,17,21
NUEE84103G,0,32,32,0,7,7,7,20,27
FEPC01000E,29,49,78,4,6,10,7,19,26
TOMM860014,5,22,27,1,4,5,6,21,27
CTPS170002,28,72,100,3,15,18,11,15,26
CZEE85904P,2,41,43,0,5,5,10,20,30
MEEE81808P,2,42,44,0,11,11,6,20,26
PSMM80402R,7,16,23,1,5,6,6,15,21
RMEE8AL02D,3,29,32,1,8,9,2,14,16
ANEE83402B,2,36,38,0,4,4,5,21,26
PZMM82004L,17,23,40,1,5,6,9,18,27
LEPS006014,63,61,124,2,8,10,8,17,25
VREE89303E,6,58,64,2,9,11,4,21,25
FGEE863019,1,43,44,0,10,10,15,8,23
CSRA053518,15,29,44,2,9,11,0,0,0
LIEE81602E,2,43,45,0,8,8,4,18,22
CSTD06901P,38,70,108,2,10,12,14,18,32
SSEE822043,2,28,30,0,8,8,1,19,20
LCEE816033,7,96,103,4,18,22,9,27,36
TRMM81502A,6,37,43,2,9,11,6,22,28
ALMM815019,9,61,70,4,27,31,2,34,36
MNTL009017,79,111,190,3,17,20,10,27,37
VRMM84602V,12,25,37,1,4,5,5,26,31
PIMM82101N,11,53,64,5,17,22,8,25,33
VIEE878034,6,49,55,0,17,17,8,16,24
PTMM81201T,14,34,48,7,13,20,4,23,27
CTMM84201C,8,32,40,4,13,17,8,15,23
ALMM81802T,3,25,28,1,8,9,8,25,33
MEMM871017,15,28,43,8,7,15,14,12,26
RMMM8FB018,14,33,47,6,11,17,4,24,28
CSEE86702Q,2,34,36,1,8,9,15,7,22
BOEE82406E,2,53,55,1,9,10,10,28,38
PZMM880015,7,22,29,1,4,5,5,14,19
CREE809039,4,70,74,1,20,21,3,39,42
MIEE8DE013,4,32,36,0,2,2,5,12,17
ATEE80103G,1,45,46,0,12,12,10,26,36
FREE83303L,2,35,37,1,11,12,1,18,19
NAMM8EZ02E,9,40,49,2,11,13,13,14,27
VEEE84003A,5,72,77,1,11,12,6,29,35
TOEE890011,8,92,100,2,26,28,5,32,37
PGPS010003,21,40,61,1,3,4,0,0,0
RMRF103015,25,102,127,9,33,42,4,25,29
NUPS00701E,33,73,106,3,2,5,5,24,29
TOEE8BP03G,3,57,60,0,10,10,12,26,38
TEMM83601P,8,47,55,3,16,19,5,30,35
LUEE814018,0,35,35,0,8,8,4,16,20
CAEE03701A,3,55,58,1,15,16,3,14,17
BSEE87002P,3,45,48,1,3,4,8,20,28
TOEE84302C,5,42,47,2,10,12,6,19,25
BNMM850014,4,17,21,0,2,2,9,11,20
MCEE82801R,7,65,72,3,22,25,6,30,36
TOEE88903V,4,68,72,3,16,19,8,30,38
TPEE829057,6,69,75,2,26,28,23,10,33
VEMM85001T,7,30,37,0,11,11,10,18,28
TSPC00401R,58,113,171,7,21,28,11,18,29
PVEE810041,1,26,27,1,4,5,11,12,23
CEEE85405N,0,39,39,0,5,5,4,19,23
CSEE8AR02A,3,53,56,1,12,13,14,12,26
MOEE832016,4,44,48,1,10,11,1,22,23
TVEE85803G,0,39,39,0,10,10,3,17,20
TEMM83803C,11,38,49,2,14,16,11,26,37
CEPS004011,30,68,98,4,7,11,10,15,25
VBEE81703D,5,79,84,1,22,23,8,27,35
GEEE863031,2,62,64,1,11,12,8,23,31
PARA00701R,29,54,83,2,17,19,15,13,28
CNEE83602R,1,29,30,0,9,9,7,15,22
ARMM814021,3,6,9,0,1,1,2,9,11
RCMM84501B,11,33,44,2,8,10,6,22,28
BLEE833062,7,67,74,1,15,16,10,31,41
ATTA004507,28,59,87,5,15,20,0,0,0
RMEE8E6023,3,90,93,1,28,29,1,29,30
CSMM8AK02E,8,54,62,1,8,9,11,21,32
CEMM8AM034,6,41,47,3,11,14,14,11,25
RMTD059506,48,69,117,7,20,27,0,0,0
SAMM836017,13,48,61,1,8,9,10,10,20
VEEE86704B,4,90,94,0,15,15,6,28,34
CERH00602B,49,62,111,9,12,21,23,12,35
CHEE841036,0,62,62,0,19,19,4,21,25
CNRI004012,66,103,169,16,34,50,10,26,36
NAEE8DY014,1,71,72,0,25,25,12,13,25
PCPS02000T,27,85,112,1,7,8,4,31,35
MNMM819012,4,15,19,1,1,2,2,23,25
FRTE02651L,62,76,138,3,19,22,0,0,0
PCEE81602Q,2,75,77,1,15,16,3,36,39
SATF013016,54,58,112,8,7,15,21,16,37
NAEE8AR02N,2,31,33,2,9,11,2,10,12
CSEE823011,0,36,36,0,11,11,11,11,22
BAMM82901C,8,33,41,2,7,9,6,18,24
BSEE8AB03Q,6,82,88,2,14,16,6,27,33
TPEE81304L,3,50,53,2,12,14,7,11,18
MBEE8GA04G,6,70,76,1,16,17,8,26,34
SAEE8A302L,1,37,38,0,9,9,10,13,23
PDEE88001L,5,46,51,1,11,12,5,26,31
TAPS02801V,5,46,51,1,11,12,5,26,31
PTRI00250A,57,129,186,15,59,74,0,0,0
SPEE810044,0,43,43,0,9,9,2,33,35
MIEE8CR04B,6,59,65,2,20,22,4,15,19
PTTD010511,57,101,158,11,38,49,0,0,0
NAPS07000R,25,66,91,2,0,2,8,13,21
NARC048015,28,117,145,13,50,63,12,18,30
VITF05000Q,74,62,136,3,5,8,13,24,37
VCPC00701R,22,41,63,2,4,6,4,14,18
ENPM01101P,34,58,92,1,10,11,9,11,20
MBTD068033,34,58,92,1,10,11,9,11,20
LOEE81304A,2,72,74,1,15,16,8,24,32
CNMM81602E,11,24,35,2,6,8,5,23,28
BAEE83101D,2,72,74,1,19,20,6,25,31
NAEE03301B,2,97,99,1,43,44,6,20,26
MIMM8AX01P,20,32,52,6,7,13,2,20,22
NUEE86903B,2,56,58,0,15,15,3,23,26
GERH01001L,63,113,176,14,41,55,17,26,43
CSEE590004,3,50,53,0,8,8,9,11,20
MSEE014018,3,50,53,0,8,8,9,11,20
MIPS07201X,56,104,160,8,13,21,16,24,40
IMEE80006C,4,45,49,0,4,4,5,21,26
LOEE814046,5,102,107,2,36,38,9,26,35
MOMM80701C,2,8,10,0,0,0,5,11,16
NOEE81203A,2,75,77,1,17,18,7,27,34
FGMM88201N,13,32,45,3,6,9,10,14,24
CTMM86403B,13,32,45,3,6,9,10,14,24
FGMM807021,9,15,24,2,4,6,11,8,19
AGEE83104R,6,34,40,2,8,10,16,7,23
SAMM87201A,8,25,33,0,5,5,7,11,18
MTRI01601Q,51,82,133,5,15,20,14,21,35
SAEE8AN017,0,38,38,0,9,9,6,18,24
RCEE86702A,1,80,81,0,14,14,14,17,31
AREE81101D,2,45,47,0,12,12,7,18,25
TOEE86504B,4,67,71,0,21,21,6,31,37
MEEE877028,5,44,49,1,8,9,10,20,30
FRMM830012,13,27,40,3,2,5,5,21,26
CTRH050503,76,150,226,19,78,97,26,24,50
SORC02000N,23,22,45,2,4,6,0,0,0
AGEE85702V,4,48,52,2,9,11,9,18,27
MIEE8GE02X,7,65,72,6,12,18,6,15,21
TEEE84002C,3,77,80,2,26,28,9,27,36
MITD57000B,38,77,115,3,4,7,12,19,31
LEEE80401X,2,54,56,1,12,13,8,14,22
GRMM815036,11,31,42,1,6,7,13,16,29
VERC01252G,38,80,118,6,15,21,0,0,0
VRMM89701P,8,23,31,5,7,12,7,21,28
TPTF018017,56,55,111,1,9,10,16,22,38
VREE8AA032,1,59,60,0,13,13,10,14,24
SSEE806012,2,54,56,0,9,9,3,23,26
LEEE8AL01P,6,55,61,0,16,16,10,13,23
PSEE83303V,3,70,73,1,30,31,7,33,40
BGEE81402T,4,61,65,2,15,17,4,24,28
FIEE85801E,2,72,74,0,16,16,11,17,28
CSMM878014,13,14,27,2,3,5,11,7,18
VVEE835081,2,60,62,0,9,9,19,15,34
CAEE84801Q,2,71,73,0,15,15,11,38,49
ANMM81001R,5,16,21,1,3,4,3,20,23
APMM833014,7,36,43,0,10,10,5,25,30
AVTD01151C,34,78,112,7,24,31,0,0,0
RNMM811019,11,32,43,3,8,11,5,34,39
ENEE824028,7,30,37,2,6,8,16,5,21
VRMM87701D,4,17,21,0,4,4,4,19,23
NUPS090017,40,86,126,0,2,2,6,28,34
TPEE83802V,1,54,55,0,14,14,14,8,22
BOTD00701X,56,112,168,7,20,27,6,29,35
TOEE8BT07C,6,81,87,3,29,32,11,32,43
MCEE80301C,0,27,27,0,4,4,6,15,21
TOEE8BY019,1,57,58,0,12,12,5,25,30
CSMM871019,4,20,24,0,6,6,7,13,20
RMEE8C803E,4,82,86,1,28,29,4,23,27
PZEE83302N,4,32,36,0,5,5,9,11,20
MIEE88901R,11,54,65,2,19,21,13,19,32
RMEE8FL026,5,111,116,2,29,31,4,25,29
TOEE8BP01D,3,57,60,0,10,10,12,26,38
TOEE84304E,5,42,47,2,10,12,6,19,25
FOTD00401Q,26,72,98,1,10,11,6,23,29
VEMM85801C,10,37,47,1,9,10,5,34,39
RIEE807049,2,19,21,1,2,3,4,13,17
TVMM86601B,12,39,51,6,4,10,10,24,34
TOEE8BN074,2,73,75,1,17,18,8,31,39
FGEE835026,1,54,55,0,8,8,10,16,26
VIEE856015,7,57,64,3,15,18,9,18,27
BIEE802028,0,46,46,0,6,6,6,22,28
LEEE84101V,1,41,42,0,14,14,8,11,19
NAMM8ER01D,13,52,65,6,19,25,5,21,26
VBEE812018,3,78,81,2,24,26,8,38,46
NAMM85701T,21,58,79,11,13,24,14,12,26
PRMM81701A,3,15,18,0,2,2,4,22,26
CNEE83002T,4,42,46,1,12,13,5,21,26
PDSD03000D,38,78,116,6,24,30,11,16,27
BSEE83501A,2,42,44,0,6,6,5,17,22
VRMM86301G,14,27,41,4,6,10,7,25,32
RMMM8G0017,2,7,9,0,3,3,3,16,19
CLRI00650B,68,82,150,6,16,22,0,0,0
RMTD082518,38,97,135,6,27,33,0,0,0
BSEE837012,1,35,36,1,3,4,5,17,22
PNEE830023,6,69,75,1,23,24,5,28,33
KRPS03000A,8,23,31,1,1,2,6,5,11
RMEE8EF023,3,76,79,1,14,15,7,17,24
CZPS011013,35,75,110,4,24,28,13,16,29
RMEE8BG023,3,43,46,1,15,16,3,16,19
KRRH00650L,28,48,76,4,8,12,0,0,0
PNEE81308G,5,97,102,4,12,16,3,39,42
LETD04252D,71,101,172,6,28,34,0,0,0
CEEE8AM013,2,51,53,1,14,15,14,11,25
TAEE08300V,3,60,63,1,12,13,9,12,21
RMMM8EP01R,5,23,28,0,8,8,3,15,18
BGMM88502V,8,13,21,2,3,5,3,19,22
CREE80602R,1,49,50,1,5,6,5,25,30
PEEE810022,0,52,52,0,17,17,7,28,35
SAMM83401G,5,13,18,0,1,1,7,9,16
RMEE8EQ01N,1,44,45,0,11,11,2,19,21
TVMM883015,8,45,53,0,12,12,6,24,30
BNMM83302B,12,24,36,3,3,6,9,15,24
CRTF001017,44,68,112,7,14,21,5,21,26
RMEE8BR016,2,67,69,1,22,23,6,24,30
GOTD00601G,53,79,132,3,15,18,16,26,42
MITD091015,57,81,138,7,20,27,10,23,33
LERI04951L,41,64,105,5,7,12,0,0,0
MIMM8D301A,15,37,52,6,12,18,9,19,28
MBEE8BS01A,3,65,68,0,13,13,7,24,31
RAEE80202A,5,68,73,2,16,18,14,23,37
SRPC01601E,46,75,121,6,15,21,24,20,44
RMTF01050G,73,72,145,11,20,31,11,22,33
RMEE8AW03E,3,42,45,2,12,14,1,19,20
BAMM89901P,15,61,76,8,16,24,8,20,28
NAEE218013,0,64,64,0,33,33,8,11,19
TSEE81602P,1,12,13,0,0,0,1,8,9
SSMM834015,5,10,15,0,4,4,4,18,22
LTEE800064,2,87,89,1,39,40,8,26,34
MIEE8B602P,10,96,106,6,15,21,10,20,30
AQEE81505A,0,46,46,0,12,12,3,26,29
ROEE808028,2,46,48,2,12,14,4,18,22
CHMM817016,8,20,28,3,6,9,2,22,24
PGTF031017,42,77,119,2,16,18,13,22,35
BSEE816011,4,73,77,1,15,16,5,21,26
CSMM815011,11,31,42,2,5,7,18,11,29
TVMM854015,10,47,57,2,9,11,10,21,31
BSMM810011,4,21,25,2,2,4,4,18,22
TRRH007502,51,167,218,15,64,79,0,0,0
RCEE82905P,2,65,67,0,14,14,15,14,29
PAEE848011,1,38,39,0,9,9,7,12,19
VIPC00101A,29,64,93,4,6,10,4,22,26
MORI022019,58,147,205,15,50,65,12,37,49
BREE03000Q,3,64,67,1,16,17,7,11,18
PNEE83302E,4,50,54,1,10,11,2,20,22
GRRI00801Q,41,53,94,6,14,20,7,12,19
BAPS01000X,25,79,104,1,0,1,12,18,30
NATH01750V,37,40,77,1,8,9,0,0,0
ALTF007012,33,60,93,4,15,19,8,23,31
LOTD002015,40,94,134,4,18,22,2,18,20
VVTH01000A,32,20,52,2,3,5,3,1,4
PDEE853029,2,63,65,1,13,14,6,26,32
CRMM81401N,7,25,32,1,3,4,4,22,26
BGEE82302L,3,63,66,1,21,22,2,21,23
VIEE83202N,4,47,51,0,8,8,4,17,21
FREE84504X,1,51,52,1,11,12,4,21,25
NUMM87601B,5,20,25,2,6,8,2,22,24
CTMM89101N,14,42,56,3,19,22,11,18,29
VIMM886021,9,23,32,2,4,6,4,19,23
FGTE020006,42,98,140,9,34,43,15,17,32
PZPS02901D,23,47,70,3,8,11,17,11,28
FIEE81401R,3,32,35,1,4,5,7,17,24
TAEE84102T,3,59,62,0,12,12,12,13,25
FRMM85901N,4,33,37,0,6,6,3,28,31
POTF010014,4,33,37,0,6,6,3,28,31
NAPS09101V,38,69,107,3,16,19,17,11,28
MIMM8ED01R,16,25,41,9,7,16,6,22,28
CSMM83701T,15,39,54,2,6,8,16,16,32
TEEE84003D,3,77,80,2,26,28,9,27,36
BAEE120055,3,55,58,1,12,13,5,12,17
SSPC024011,21,63,84,2,17,19,4,20,24
PAEE898012,2,55,57,0,20,20,10,15,25
BAEE86402T,5,90,95,2,37,39,13,17,30
BORC02101V,29,52,81,3,12,15,7,14,21
MITF290008,35,67,102,2,9,11,18,11,29
VEEE86504Q,1,71,72,0,12,12,8,26,34
MBEE866011,4,58,62,1,12,13,4,22,26
MTMM829013,11,32,43,2,4,6,5,14,19
NOEE83303B,0,100,100,0,35,35,8,24,32
MIEE8EM02V,7,85,92,3,17,20,6,26,32
FIEE833016,2,68,70,0,17,17,5,28,33
AVEE88301L,3,61,64,0,17,17,10,22,32
TEEE833018,4,88,92,0,28,28,5,33,38
CSMM858053,7,20,27,0,5,5,21,7,28
BSEE89603X,2,84,86,2,20,22,5,32,37
CTEE8AH03P,2,48,50,0,21,21,6,15,21
VTEE828021,1,52,53,0,19,19,6,19,25
MBEE83502A,1,60,61,0,18,18,5,23,28
SIEE819029,2,33,35,0,9,9,5,9,14
BAEE854016,4,53,57,3,21,24,9,13,22
MEEE83803P,2,39,41,0,2,2,12,13,25
CSEE89001Q,2,68,70,0,20,20,8,21,29
CNMM81002G,9,24,33,1,7,8,5,22,27
APEE840018,2,62,64,0,24,24,10,17,27
FGMM82405T,6,19,25,1,1,2,11,8,19
REEE84704C,7,79,86,1,23,24,3,31,34
CTMM8AB01L,15,32,47,4,15,19,5,18,23
PGMM854018,11,27,38,2,10,12,6,28,34
VREE87202C,3,72,75,2,16,18,5,32,37
CEMM878011,23,30,53,12,11,23,9,12,21
CEEE892018,0,29,29,0,8,8,6,16,22
LTEE825028,0,20,20,0,5,5,4,9,13
TOMM8AB01P,5,30,35,1,8,9,18,19,37
LEMM8AC01N,11,30,41,0,8,8,5,20,25
BGEE835052,4,73,77,1,18,19,4,33,37
RMMM86701B,3,38,41,3,9,12,8,20,28
VTMM805016,9,40,49,3,16,19,5,18,23
BSEE837023,1,35,36,1,3,4,5,17,22
PAEE01705E,1,35,36,1,3,4,5,17,22
TVEE871021,3,77,80,1,14,15,11,24,35
BGMM884023,10,36,46,1,5,6,2,22,24
PVEE81205N,3,53,56,1,12,13,2,25,27
NAEE177001,1,66,67,0,12,12,11,13,24
PRMM82401D,8,43,51,2,11,13,10,36,46
VAEE83202X,4,56,60,0,16,16,6,15,21
PGEE02110D,2,87,89,0,30,30,7,23,30
PEMM80501C,8,20,28,0,5,5,4,17,21
VCTA012505,62,99,161,17,31,48,0,0,0
BIEE81402E,6,76,82,6,20,26,9,24,33
BOEE81603C,10,82,92,4,26,30,6,30,36
CZMM830031,4,18,22,0,6,6,7,24,31
TVEE83602N,3,80,83,1,19,20,7,21,28
NAEE8GS011,5,54,59,1,18,19,7,6,13
TVRA00802G,109,86,195,11,25,36,37,57,94
BGMM805022,10,20,30,4,8,12,6,16,22
TVEE87902G,5,76,81,1,15,16,2,38,40
IMEE815022,5,54,59,1,11,12,5,22,27
APEE825016,0,59,59,0,21,21,4,33,37
CBPS08000N,13,13,26,3,3,6,10,19,29
PTMM811023,18,51,69,4,14,18,14,30,44
VVMM70101L,18,51,69,4,14,18,14,30,44
RMMM83701G,8,31,39,4,7,11,4,23,27
SSEE822065,2,28,30,0,8,8,1,19,20
PGEE834036,5,77,82,1,24,25,3,29,32
NAEE8E201Q,0,25,25,0,9,9,9,9,18
BSEE823014,3,53,56,0,10,10,3,20,23
MESD01603R,45,81,126,9,26,35,18,19,37
RNTF01050D,86,80,166,10,8,18,11,31,42
TOEE8AS061,4,49,53,0,8,8,10,28,38
SRTF01701G,41,56,97,7,7,14,22,15,37
TOEE8AX01V,4,50,54,2,12,14,8,18,26
RCMM81602C,5,16,21,0,3,3,9,10,19
TVMM84501A,6,24,30,1,4,5,1,18,19
VCMM70101E,6,24,30,1,4,5,1,18,19
KREE806012,2,32,34,1,10,11,9,13,22
BAMM089004,24,65,89,5,19,24,3,13,16
LTEE847025,1,58,59,1,30,31,5,22,27
MBEE8DN029,4,74,78,1,19,20,6,26,32
FGEE85401E,3,52,55,2,19,21,12,11,23
PDMM896015,18,43,61,3,7,10,11,29,40
BATD07150L,30,54,84,6,10,16,0,0,0
ROPS007021,41,89,130,1,12,13,12,28,40
PZEE88201T,1,37,38,0,4,4,4,15,19
BLMM828018,10,21,31,7,5,12,13,14,27
SAEE8BQ04C,4,20,24,1,3,4,11,9,20
BAEE889015,0,8,8,0,3,3,9,11,20
TAEE85104E,3,58,61,0,16,16,4,20,24
VAMM86801L,3,30,33,0,10,10,5,13,18
VIEE84002L,3,63,66,1,17,18,11,23,34
FOEE81501T,3,64,67,0,15,15,6,26,32
CNEE80803N,3,63,66,0,14,14,8,29,37
VITF004013,75,101,176,13,21,34,16,29,45
CREE81902V,2,64,66,1,18,19,4,24,28
TOEE890033,8,92,100,2,26,28,5,32,37
CHEE812014,2,42,44,0,17,17,2,22,24
PDEE874019,4,96,100,1,20,21,6,45,51
RCPC023011,15,36,51,3,10,13,7,10,17
LUEE815036,0,13,13,0,1,1,2,7,9
RCEE84504G,3,47,50,1,10,11,6,22,28
BSMM87001L,12,27,39,2,3,5,8,20,28
PAEE820048,5,36,41,0,5,5,11,10,21
PNEE834019,2,91,93,0,16,16,6,38,44
SVEE81502G,3,83,86,1,21,22,6,29,35
MBPS05000V,26,69,95,0,0,0,8,23,31
BGTL020507,50,32,82,1,2,3,8,14,22
SATF06702G,48,73,121,4,23,27,21,19,40
PREE07504G,4,82,86,1,26,27,4,24,28
CAMM816017,7,11,18,1,3,4,4,14,18
PAEE8AG019,6,63,69,1,27,28,18,12,30
NATF15050X,48,44,92,4,6,10,15,10,25
SPTD110016,29,84,113,2,18,20,8,25,33
TAEE87203E,3,71,74,0,32,32,11,12,23
CREE825026,2,55,57,2,15,17,7,26,33
GETF01901B,45,88,133,8,18,26,7,31,38
BOTD01701E,31,111,142,5,17,22,10,23,33
MIEE8CD01L,4,78,82,2,17,19,9,14,23
MEEE814069,4,26,30,0,1,1,12,16,28
FGEE819039,5,44,49,1,8,9,7,13,20
MIEE8EL034,4,65,69,3,22,25,4,22,26
SVEE80603T,1,55,56,0,13,13,6,28,34
FGMM00400C,24,69,93,4,22,26,7,9,16
ROEE803058,4,72,76,2,19,21,8,25,33
PZMM82901X,10,16,26,1,2,3,11,12,23
BSTD02901B,44,92,136,3,11,14,29,28,57
ENEE062035,4,41,45,0,14,14,7,13,20
LUSD014017,39,86,125,10,34,44,6,24,30
FEPC020005,34,95,129,3,2,5,8,32,40
BSRI006014,68,90,158,4,7,11,18,25,43
BAEE17300C,3,112,115,1,39,40,9,18,27
PTEE829029,2,85,87,1,29,30,3,27,30
PVMM821028,10,44,54,7,16,23,7,27,34
AVEE87005P,5,39,44,3,12,15,6,19,25
NOMM818016,10,31,41,3,7,10,1,29,30
VEEE867018,4,90,94,0,15,15,6,28,34
MEEE81804E,2,42,44,0,11,11,6,20,26
AREE83702P,4,52,56,1,14,15,6,18,24
VTEE828032,1,52,53,0,19,19,6,19,25
CAEE889012,2,44,46,0,17,17,1,20,21
RMEE8AM021,1,46,47,0,14,14,5,19,24
ANMM83403B,7,31,38,1,8,9,5,21,26
FIEE86601D,2,62,64,0,12,12,6,27,33
SAEE81302L,0,24,24,0,9,9,2,13,15
NUMM850017,8,13,21,2,1,3,2,17,19
PZMM82003G,17,23,40,1,5,6,9,18,27
VIEE87001B,3,70,73,3,20,23,4,25,29
FRRI026015,62,76,138,3,19,22,13,25,38
BOEE80501X,6,86,92,2,17,19,8,29,37
CSPS053019,15,29,44,2,9,11,9,7,16
TOEE87101G,3,61,64,1,18,19,6,31,37
BAEE05601V,1,56,57,0,22,22,5,15,20
MCEE81703C,6,43,49,1,11,12,2,19,21
BSMM8AC02D,7,26,33,1,5,6,6,19,25
BAEE842021,1,73,74,1,23,24,10,20,30
TREE81506G,3,51,54,2,11,13,6,22,28
BAEE18600E,4,69,73,1,13,14,8,20,28
PIEE82105V,6,66,72,2,21,23,8,25,33
CBEE70001C,6,66,72,2,21,23,8,25,33
VIEE878023,6,49,55,0,17,17,8,16,24
TOEE8AA032,4,74,78,1,14,15,7,34,41
GEMM83501N,7,22,29,3,4,7,4,21,25
TOEE859022,7,64,71,3,16,19,3,31,34
BOMM82403A,11,24,35,0,3,3,10,28,38
LOEE81305B,2,72,74,1,15,16,8,24,32
CNMM81603G,11,24,35,2,6,8,5,23,28
MIMM8DE012,12,17,29,2,0,2,5,12,17
LETF006016,63,61,124,2,8,10,8,17,25
BSEE89201E,3,69,72,2,17,19,6,24,30
PSMM828018,7,21,28,1,7,8,5,25,30
PGEE862029,7,54,61,3,14,17,2,20,22
RMEE8CF02T,3,53,56,1,12,13,4,19,23
PGEE048046,3,67,70,0,15,15,2,22,24
RMMM847016,10,27,37,3,8,11,8,16,24
ANMM80502A,5,25,30,0,5,5,2,25,27
RMEE8F4022,5,71,76,2,18,20,8,15,23
PGPS02000N,27,82,109,2,8,10,3,24,27
NUTD00701A,33,73,106,3,2,5,5,24,29
ANTD01201T,38,116,154,1,3,4,10,32,42
MEMM877027,14,24,38,1,3,4,10,20,30
VRSL030503,53,110,163,4,21,25,15,25,40
RMMM8FC014,4,36,40,1,12,13,1,29,30
CEEE85406P,0,39,39,0,5,5,4,19,23
APEE83703E,1,58,59,0,13,13,6,29,35
CSMM8AR018,12,34,46,1,13,14,14,12,26
PEEE037078,1,65,66,1,24,25,4,23,27
LTRI02701L,41,87,128,6,17,23,8,20,28
CEEE819038,2,27,29,1,5,6,8,6,14
MITE01000V,37,75,112,2,5,7,5,22,27
TOMM26100N,20,63,83,5,8,13,5,19,24
PAPS007017,29,54,83,2,17,19,15,13,28
RGEE82201G,1,28,29,0,6,6,6,15,21
LIMM805012,11,30,41,4,6,10,4,25,29
PDPC00901G,21,52,73,2,10,12,8,16,24
MNEE813025,5,89,94,1,29,30,4,36,40
APPS002023,82,160,242,27,56,83,18,39,57
NATF11401C,53,50,103,10,19,29,19,10,29
RMRH061504,58,110,168,16,49,65,0,0,0
SSEE84901X,0,42,42,0,14,14,6,19,25
BGEE81401R,4,61,65,2,15,17,4,24,28
TOTD04201X,45,109,154,21,39,60,22,21,43
TOEE8AV017,5,70,75,1,17,18,6,24,30
CERH00650P,49,62,111,9,12,21,0,0,0
NAMM8BQ01T,14,33,47,8,8,16,10,14,24
BSEE83005B,5,44,49,0,9,9,4,16,20
PVEE83301E,2,53,55,0,12,12,4,26,30
VATD018011,44,62,106,3,6,9,13,17,30
BOPS007014,56,112,168,7,20,27,6,29,35
SRPM01000P,15,89,104,2,9,11,12,25,37
CZEE86704N,0,74,74,0,18,18,10,20,30
CETF00201B,57,44,101,2,6,8,39,25,64
PNEE82901T,6,119,125,2,37,39,6,24,30
TORC02850P,57,135,192,16,40,56,0,0,0
CRMM70001V,57,135,192,16,40,56,0,0,0
MBEE8GA02D,6,70,76,1,16,17,8,26,34
BARI052029,46,74,120,8,21,29,18,17,35
FOPS00401X,26,72,98,1,10,11,6,23,29
TATA02701C,59,78,137,9,34,43,20,44,64
MBPS10000P,30,71,101,1,1,2,9,23,32
RNEE80404A,7,88,95,4,25,29,7,29,36
SSRI003018,74,79,153,18,35,53,28,48,76
MBMM8AD017,8,43,51,1,10,11,7,22,29
BAEE011008,8,43,51,1,10,11,7,22,29
MTEE83303T,2,47,49,0,10,10,7,18,25
BRMM83001P,11,41,52,0,12,12,10,22,32
AVMM88101X,8,18,26,0,3,3,10,13,23
SATD07201Q,16,76,92,0,3,3,10,20,30
ENTD013015,25,36,61,3,6,9,4,8,12
TVEE87608A,3,102,105,2,21,23,10,31,41
CNRC00451P,66,103,169,16,34,50,0,0,0
RCMM841058,12,49,61,4,7,11,12,11,23
PNPS010008,36,93,129,0,3,3,10,24,34
PISD00101C,28,43,71,4,5,9,3,14,17
GERH02050G,52,113,165,10,42,52,14,41,55
NATD04201D,20,70,90,2,13,15,15,15,30
MIRI072015,56,104,160,8,13,21,16,24,40
IMEE801057,8,63,71,3,12,15,7,25,32
CHEE82301E,8,63,71,3,12,15,7,25,32
NAMM8CR018,11,29,40,2,8,10,13,15,28
CSEE823044,0,36,36,0,11,11,11,11,22
CTMM703011,0,36,36,0,11,11,11,11,22
PIMM838013,3,33,36,1,9,10,0,25,25
CTEE044016,6,119,125,3,53,56,13,17,30
BOEE81002C,2,37,39,0,8,8,4,15,19
AGEE83101N,6,34,40,2,8,10,16,7,23
SAEE87202C,0,30,30,0,6,6,7,11,18
MIEE87201B,6,54,60,2,12,14,9,25,34
LERI04251T,71,101,172,6,28,34,0,0,0
KREE82502C,7,37,44,2,6,8,19,3,22
FOEE805017,4,58,62,0,9,9,4,29,33
AREE81501R,3,53,56,0,16,16,2,18,20
PTTD01001G,57,101,158,11,38,49,7,20,27
CZEE85907T,57,101,158,11,38,49,7,20,27
NAPS060006,16,59,75,1,1,2,11,10,21
VTMM80101V,9,29,38,2,12,14,6,22,28
VREE89201L,6,63,69,3,15,18,4,17,21
NASD048013,28,117,145,13,50,63,12,18,30
VITF06000A,61,42,103,0,7,7,9,17,26
CTRH060008,20,39,59,12,23,35,2,0,2
SOPS050001,30,66,96,2,7,9,2,24,26
FITF00601C,63,106,169,10,26,36,7,29,36
PVMM81801B,13,31,44,5,8,13,6,22,28
SAEE075032,4,81,85,1,21,22,13,13,26
MSEE014029,4,81,85,1,21,22,13,13,26
CTEE8AY06T,3,60,63,0,18,18,11,21,32
LEEE804021,2,54,56,1,12,13,8,14,22
FIEE260008,2,54,56,1,12,13,8,14,22
VERC012015,38,80,118,6,15,21,6,23,29
VREE89802L,5,96,101,1,20,21,6,32,38
VREE8AB01Q,5,80,85,2,17,19,4,26,30
RMTD48000N,31,90,121,7,16,23,7,22,29
RMEE8AW02D,3,42,45,2,12,14,1,19,20
TRMM81801R,3,23,26,0,11,11,1,22,23
CATF016507,58,124,182,13,33,46,0,0,0
CSMM848018,7,9,16,0,2,2,13,11,24
NAEE35100E,1,59,60,0,16,16,5,10,15
MTTD01601A,51,82,133,5,15,20,14,21,35
FRMM80302P,6,26,32,3,5,8,4,29,33
CTMM84202D,8,32,40,4,13,17,8,15,23
BAEE18401X,3,51,54,0,16,16,5,16,21
VIMM87901R,27,46,73,9,7,16,6,24,30
BSEE810012,1,44,45,0,9,9,4,18,22
BSMM86201N,13,30,43,5,3,8,4,26,30
IMTF00201D,57,77,134,6,14,20,11,25,36
ALMM810016,7,20,27,3,5,8,4,15,19
TPMM83901L,12,37,49,3,8,11,16,12,28
CTEE8A802N,4,87,91,0,32,32,7,23,30
MIEE8DV013,7,48,55,4,15,19,7,14,21
MEMM835058,13,23,36,2,5,7,10,17,27
RIEE828028,1,64,65,0,25,25,0,28,28
RMEE85102X,3,72,75,0,17,17,4,25,29
RMMM8FM01X,22,83,105,7,24,31,4,19,23
BOEE833014,2,52,54,1,7,8,4,21,25
MIMM8DX01N,5,31,36,2,10,12,10,8,18
COEE81506L,2,71,73,0,14,14,4,28,32
ALEE810039,4,28,32,1,7,8,4,15,19
RMEE8CT03B,2,56,58,0,19,19,2,27,29
BIMM802038,9,19,28,2,3,5,6,22,28
NAEE830031,0,44,44,0,18,18,6,11,17
RMEE85901D,4,59,63,1,14,15,6,21,27
VBEE81205C,3,78,81,2,24,26,8,38,46
PZRA02950B,23,47,70,3,8,11,0,0,0
CSEE87703B,3,40,43,0,11,11,7,13,20
PDSD03050V,38,78,116,6,24,30,11,16,27
VREE87703L,5,65,70,4,13,17,4,19,23
NUPS090006,40,86,126,0,2,2,6,28,34
CZMM821036,5,18,23,0,0,0,8,17,25
BARC03601N,37,82,119,5,32,37,17,17,34
VIEE81003T,2,68,70,2,14,16,6,27,33
TOEE8BT06B,6,81,87,3,29,32,11,32,43
LTEE818014,2,43,45,0,13,13,7,18,25
RIMM807037,3,10,13,0,0,0,4,13,17
CNEE83601Q,1,29,30,0,9,9,7,15,22
KRTD00650P,28,48,76,4,8,12,0,0,0
MITF390005,38,64,102,2,12,14,8,21,29
MNEE82502B,4,67,71,2,20,22,9,22,31
TOTF05901G,67,79,146,8,17,25,10,24,34
RIEE80706B,2,19,21,1,2,3,4,13,17
MOEE841044,8,109,117,3,36,39,7,26,33
PDTD014012,82,139,221,5,17,22,17,36,53
SRMM802016,82,139,221,5,17,22,17,36,53
BGEE885064,2,28,30,1,7,8,3,19,22
SRMM86403G,5,15,20,0,3,3,6,14,20
BAEE854027,4,53,57,3,21,24,9,13,22
PREE81705G,0,25,25,0,4,4,4,22,26
RGEE82901A,1,57,58,0,16,16,7,21,28
LIEE81501N,4,89,93,1,16,17,1,32,33
TVEE82203R,4,76,80,3,20,23,7,25,32
RMEE8G0018,2,64,66,1,18,19,3,16,19
RMMM8BR015,8,35,43,5,12,17,6,24,30
RMTF08401R,49,113,162,2,32,34,19,17,36
SATL01301A,54,58,112,8,7,15,21,16,37
RMEE8EF012,3,76,79,1,14,15,7,17,24
CLMM81901A,3,76,79,1,14,15,7,17,24
SOEE80503N,7,60,67,2,15,17,3,22,25
CNEE82304R,1,47,48,0,12,12,9,25,34
CZMM842015,6,19,25,1,4,5,6,15,21
TVMM882019,12,36,48,1,4,5,5,25,30
LTEE800053,2,87,89,1,39,40,8,26,34
MIEE71902P,2,87,89,1,39,40,8,26,34
RMEE82802V,3,57,60,1,12,13,8,19,27
SAEE8BX02E,7,64,71,2,21,23,15,7,22
PEMM81001X,6,21,27,1,2,3,7,28,35
GREE831024,4,68,72,1,17,18,6,27,33
BSEE816044,4,73,77,1,15,16,5,21,26
LCMM80901R,5,36,41,1,11,12,1,23,24
MBTD068011,45,110,155,2,13,15,14,27,41
LEMM840023,6,33,39,0,8,8,10,12,22
PDMM845018,6,33,39,0,5,5,4,15,19
PRPC010001,20,60,80,0,3,3,8,17,25
PAMM84901Q,9,18,27,5,7,12,5,14,19
KREE81601L,3,15,18,1,2,3,10,7,17
BAPS200003,20,68,88,0,2,2,12,13,25
MIRI09101E,57,81,138,7,20,27,10,23,33
MBMM8BZ01T,6,24,30,2,5,7,1,23,24
RAEE80205D,5,68,73,2,16,18,14,23,37
BSMM86903E,12,32,44,4,4,8,19,18,37
PCRA00202X,62,153,215,13,45,58,23,43,66
BAPM05000B,35,73,108,5,15,20,6,14,20
ALPS00701X,33,60,93,4,15,19,8,23,31
BLEE81803R,2,38,40,0,7,7,8,10,18
KREE813048,1,49,50,0,16,16,15,13,28
CTEE81301D,1,35,36,0,14,14,6,14,20
PETA00201X,23,31,54,1,11,12,15,27,42
PDEE85304B,2,63,65,1,13,14,6,26,32
SSMM835011,10,17,27,1,2,3,6,11,17
ISEE81507C,2,65,67,1,11,12,11,24,35
CTEE89806P,2,65,67,1,11,12,11,24,35
PTEE80604P,4,57,61,2,18,20,4,26,30
ROEE80806C,2,46,48,2,12,14,4,18,22
VIEE886022,2,49,51,1,12,13,4,19,23
CHEE81705B,1,39,40,1,11,12,2,22,24
CTTD00601P,44,49,93,5,11,16,18,19,37
MOMM81401G,9,23,32,4,8,12,2,22,24
FGEE00900L,1,101,102,0,40,40,13,14,27
BOEE81705A,7,45,52,1,12,13,9,16,25
CSEE83203T,1,36,37,0,5,5,6,6,12
MIEE882012,4,77,81,2,18,20,7,26,33
CARH050001,46,84,130,11,32,43,10,26,36
CSEE837031,7,49,56,3,16,19,16,16,32
TEEE84001B,3,77,80,2,26,28,9,27,36
LEEE85601L,1,41,42,0,10,10,7,16,23
PIEE82802E,2,72,74,2,20,22,4,32,36
TOEE8B4012,2,38,40,0,6,6,7,18,25
VVEE82602X,2,61,63,0,18,18,12,18,30
PGMM834013,11,36,47,4,11,15,3,29,32
PGPC01000X,31,75,106,0,2,2,4,18,22
MSMM80503D,6,12,18,0,6,6,0,12,12
VATD08000G,40,66,106,1,6,7,8,19,27
VVTF04000P,23,24,47,2,5,7,2,0,2
LUMM84001Q,6,37,43,1,13,14,2,25,27
ENRA00201C,52,68,120,7,23,30,24,9,33
FGTE02050G,42,98,140,9,34,43,15,17,32
ANEE81804G,2,79,81,2,27,29,7,24,31
TEEE841017,3,53,56,2,27,29,4,25,29
CAMM84801P,19,46,65,5,14,19,11,38,49
OREE812022,0,62,62,0,21,21,2,32,34
COMM84801N,10,21,31,3,5,8,12,15,27
MIEE8EE01N,5,64,69,2,16,18,7,22,29
APMM81104A,10,18,28,1,3,4,2,23,25
NAPS09801N,81,198,279,19,84,103,29,23,52
MCMM80301B,8,14,22,1,2,3,6,15,21
CNEE81001G,3,37,40,1,6,7,5,22,27
UDPS05000P,34,75,109,1,1,2,10,25,35
VTMM82201X,16,49,65,4,14,18,13,33,46
AVMM885039,18,56,74,3,8,11,7,19,26
GEEE84201T,12,76,88,5,35,40,1,33,34
ENEE82803L,5,51,56,1,15,16,19,12,31
PTEE82302A,2,63,65,0,15,15,9,21,30
CAEE875025,1,46,47,0,8,8,3,24,27
PGEE05807X,1,58,59,0,15,15,5,22,27
CTEE8AB03Q,7,55,62,3,24,27,5,18,23
NAPC22000A,37,103,140,4,8,12,7,12,19
ATTD006044,37,103,140,4,8,12,7,12,19
SPEE801016,2,33,35,0,9,9,2,21,23
APMM82101T,9,14,23,0,2,2,6,37,43
TOEE836029,1,48,49,0,14,14,9,18,27
CEEE044065,2,65,67,0,24,24,7,14,21
CTEE8AH02N,2,48,50,0,21,21,6,15,21
AVMM848018,8,23,31,0,4,4,9,20,29
CAMM86401L,13,38,51,2,11,13,10,30,40
MEEE83805R,2,39,41,0,2,2,12,13,25
PGEE86102D,3,68,71,1,13,14,5,22,27
MNEE83801C,5,63,68,3,24,27,3,26,29
VREE840021,1,86,87,1,22,23,7,29,36
NUEE849014,4,25,29,0,3,3,4,14,18
GEEE826021,3,57,60,2,16,18,6,20,26
FRTE026017,62,76,138,3,19,22,13,25,38
MTMM823014,13,24,37,2,6,8,4,19,23
TOMM8BH018,15,37,52,2,11,13,5,29,34
FGMM82404R,6,19,25,1,1,2,11,8,19
BSEE851029,3,63,66,1,12,13,4,22,26
KRPS02002T,25,47,72,6,7,13,14,6,20
SVEE80602R,1,55,56,0,13,13,6,28,34
LTTF01301G,53,97,150,6,21,27,14,24,38
BSEE8AB01N,6,82,88,2,14,16,6,27,33
VBMM80601X,14,30,44,3,5,8,6,29,35
KREE83101P,5,70,75,1,24,25,11,20,31
PREE82403L,8,83,91,4,21,25,10,36,46
CSRI068018,48,78,126,1,15,16,22,16,38
VAEE832031,4,56,60,0,16,16,6,15,21
PGEE021013,2,87,89,0,30,30,7,23,30
NOEE818017,3,77,80,2,18,20,1,29,30
SAMM8B2019,2,30,32,2,13,15,11,15,26
PVMM81701G,19,56,75,8,20,28,7,23,30
VCRH012015,62,99,161,17,31,48,20,35,55
RMMM8ER01C,4,22,26,2,6,8,5,15,20
BGEE883039,3,79,82,1,15,16,8,20,28
RMEE86703E,4,71,75,2,19,21,8,20,28
CZEE830054,3,47,50,1,12,13,7,24,31
TVEE83603P,3,80,83,1,19,20,7,21,28
PAEE019034,4,77,81,3,27,30,12,14,26
GOTF006528,53,79,132,3,15,18,0,0,0
PIEE816028,3,62,65,1,16,17,1,31,32
CBPS070003,7,20,27,3,5,8,0,0,0
NAEE8DW02D,1,55,56,0,24,24,15,9,24
CHMM82801L,14,41,55,4,13,17,9,18,27
SRTE016022,46,75,121,6,15,21,24,20,44
MERC01601R,45,81,126,9,26,35,18,19,37
RNTF010004,86,80,166,10,8,18,11,31,42
BIMM80702A,6,17,23,1,5,6,6,16,22
MCEE82401D,1,46,47,0,9,9,4,21,25
CBMM205005,1,46,47,0,9,9,4,21,25
CETD039504,39,64,103,4,10,14,0,0,0
BAEE80001T,0,44,44,0,11,11,4,14,18
RMEE8C302A,2,58,60,1,18,19,8,19,27
CZMM82402L,11,24,35,1,3,4,14,19,33
NAEE8DL011,1,42,43,0,15,15,13,10,23
PZEE88203X,1,37,38,0,4,4,4,15,19
RCEE85105X,0,40,40,0,9,9,14,11,25
ROTE00750G,0,40,40,0,9,9,14,11,25
LCEE816055,7,96,103,4,18,22,9,27,36
NARC00701V,20,34,54,0,7,7,1,7,8
TVEE87903L,5,76,81,1,15,16,2,38,40
VIMM848015,9,10,19,3,3,6,3,17,20
MORI023015,35,47,82,5,8,13,9,18,27
UDEE83703V,1,60,61,0,15,15,1,26,27
BGMM86402T,5,18,23,3,2,5,0,20,20
TOPC01000C,51,70,121,5,6,11,11,15,26
CNEE80804P,3,63,66,0,14,14,8,29,37
BREE03002T,3,64,67,1,16,17,7,11,18
BGEE85101Q,1,35,36,0,4,4,2,24,26
ISEE82203B,6,69,75,3,26,29,7,23,30
CREE819041,2,64,66,1,18,19,4,24,28
PIPM030002,44,105,149,10,18,28,9,22,31
BAPM04000R,25,78,103,5,17,22,4,20,24
RCSL023011,15,36,51,3,10,13,7,10,17
UDEE85803X,6,71,77,3,22,25,5,26,31
LCTL013018,27,64,91,0,8,8,5,26,31
NAMM8C101N,5,15,20,1,4,5,5,10,15
BSEE823036,3,53,56,0,10,10,3,20,23
ANTF011029,60,79,139,4,18,22,13,20,33
MIRI094012,52,89,141,8,25,33,18,15,33
MEEE8AD047,1,74,75,0,24,24,15,21,36
CNMM70202Q,1,74,75,0,24,24,15,21,36
NUTD00751Q,33,73,106,3,2,5,0,0,0
ANMM84501Q,6,24,30,0,9,9,6,30,36
PVEE82601B,10,115,125,4,35,39,10,46,56
PDEE85305C,2,63,65,1,13,14,6,26,32
BSMM87003P,12,27,39,2,3,5,8,20,28
CLMM82402V,6,42,48,1,10,11,13,13,26
RCEE81603E,2,22,24,0,2,2,9,10,19
GEPC001022,20,104,124,2,14,16,6,20,26
NARH134019,55,87,142,7,21,28,16,15,31
SPTD110005,29,84,113,2,18,20,8,25,33
VRSL03001P,29,84,113,2,18,20,8,25,33
BATD071029,29,84,113,2,18,20,8,25,33
BOTF01951T,143,167,310,9,23,32,0,0,0
LUEE84802C,3,51,54,0,11,11,2,32,34
MOMM831019,8,28,36,1,8,9,2,26,28
AQEE83304V,0,69,69,0,26,26,6,24,30
VAEE86802P,5,44,49,4,9,13,5,13,18
SREE840023,3,57,60,1,21,22,15,19,34
RMEE8D404V,3,79,82,0,30,30,8,25,33
VIRI004016,75,101,176,13,21,34,16,29,45
FIEE700012,75,101,176,13,21,34,16,29,45
CAMM87803L,21,41,62,3,9,12,11,24,35
CTTF02301P,27,74,101,0,22,22,8,18,26
FOEE03104X,5,74,79,1,17,18,6,26,32
AREE814033,2,11,13,1,0,1,2,9,11
TAMM87201B,4,22,26,1,13,14,11,12,23
PGEE83501X,1,37,38,0,12,12,4,16,20
TAPS03801D,106,125,231,12,41,53,21,29,50
PNMM834018,19,47,66,3,6,9,6,38,44
MBMM86601X,9,33,42,2,5,7,4,22,26
RMRA061522,58,110,168,16,49,65,0,0,0
VRMM09200G,6,34,40,1,4,5,0,0,0
BGTL02000T,50,32,82,1,2,3,8,14,22
VARC023015,62,144,206,11,39,50,23,31,54
BAEE04402N,1,46,47,1,4,5,7,13,20
NATF15000E,48,44,92,4,6,10,15,10,25
FIEE872062,2,90,92,1,22,23,8,34,42
CLEE01100R,2,45,47,0,13,13,11,17,28
NOMM83201C,15,53,68,3,19,22,14,19,33
FGEE81904A,5,44,49,1,8,9,7,13,20
VVMM82001V,12,32,44,1,6,7,14,10,24
AVEE886014,1,47,48,0,14,14,10,19,29
RNMM813011,8,41,49,3,13,16,9,25,34
TOEE809065,2,22,24,0,3,3,9,18,27
MOEE80602P,1,21,22,0,2,2,4,9,13
VATF018017,44,62,106,3,6,9,13,17,30
MIEE8AV025,6,70,76,5,12,17,8,27,35
PSRF00650G,30,55,85,6,19,25,0,0,0
RMTA070005,43,103,146,14,50,64,35,23,58
MIEE8BX03G,6,86,92,4,19,23,6,24,30
GEEE84203X,12,76,88,5,35,40,1,33,34
RMEE89002E,2,66,68,0,21,21,4,26,30
BAEE17301D,3,112,115,1,39,40,9,18,27
NAPS14000T,19,74,93,1,3,4,15,12,27
ISMM83401E,16,43,59,9,7,16,11,26,37
ORMM82805N,16,43,59,9,7,16,11,26,37
LOEE813039,2,72,74,1,15,16,8,24,32
BNEE83301B,4,44,48,0,6,6,9,15,24
CTEE8AJ02V,4,80,84,1,31,32,9,22,31
BAMM83101C,13,32,45,3,10,13,6,25,31
PGEE862018,7,54,61,3,14,17,2,20,22
CHMM82202P,5,16,21,1,4,5,4,14,18
VEMM820012,15,24,39,2,3,5,9,24,33
CSMM88901E,8,24,32,1,6,7,10,9,19
SIRI00350R,40,85,125,6,26,32,0,0,0
ALMM81301N,9,31,40,2,8,10,9,20,29
MNPM009012,79,111,190,3,17,20,10,27,37
VREE846042,8,50,58,4,9,13,5,26,31
FRTF06050T,50,58,108,2,15,17,12,14,26
ANPS012012,38,116,154,1,3,4,10,32,42
BGMM890019,10,34,44,2,9,11,3,18,21
SVEE82103X,1,64,65,1,14,15,4,29,33
PGEE00207X,8,92,100,2,31,33,13,26,39
ALEE80701B,1,56,57,0,17,17,4,22,26
NOMM813013,6,29,35,3,6,9,3,23,26
APEE83701C,1,58,59,0,13,13,6,29,35
TPTF01401X,81,69,150,6,12,18,24,21,45
CZEE82402N,4,63,67,1,14,15,14,19,33
REPS00601G,34,90,124,5,13,18,13,18,31
BIMM807019,6,17,23,1,5,6,6,16,22
SRRC017012,41,56,97,7,7,14,22,15,37
NAPM11401B,53,50,103,10,19,29,19,10,29
BNEE850026,2,32,34,1,8,9,9,11,20
MCEE82804X,7,65,72,3,22,25,6,30,36
TVEE846028,1,63,64,1,15,16,4,24,28
NAMM8GH01V,6,22,28,2,6,8,9,11,20
GOMM800017,5,26,31,2,5,7,3,19,22
BAEE17802N,1,65,66,0,25,25,1,20,21
TVMM140004,1,65,66,0,25,25,1,20,21
TPEE82601G,1,41,42,1,12,13,7,14,21
PNMM822023,6,29,35,0,5,5,2,29,31
BGMM81401Q,12,27,39,1,10,11,4,24,28
TOPS041018,52,74,126,5,14,19,10,26,36
CEEE830011,0,40,40,0,12,12,8,14,22
PIEE82206Q,3,56,59,0,16,16,4,30,34
RMMM8GX012,20,99,119,7,26,33,12,14,26
NAEE8DL022,1,42,43,0,15,15,13,10,23
PTEE817012,1,53,54,0,15,15,6,15,21
OREE80305A,1,31,32,0,9,9,7,16,23
MERI03701E,26,45,71,5,2,7,16,16,32
IMRC002508,57,77,134,6,14,20,0,0,0
PVMM83301D,14,54,68,3,19,22,4,26,30
SAEE8AP01V,3,41,44,1,9,10,4,16,20
SRPS14000A,29,82,111,3,11,14,17,20,37
LTEE85702Q,4,45,49,2,12,14,11,15,26
CSEE865013,2,71,73,1,13,14,18,12,30
VBEE81705G,5,79,84,1,22,23,8,27,35
PNEE82902V,6,119,125,2,37,39,6,24,30
TORC02801A,57,135,192,16,40,56,13,31,44
PAPS008013,69,84,153,14,36,50,25,16,41
BGPM03901P,28,78,106,0,1,1,13,18,31
RGEE82202L,1,28,29,0,6,6,6,15,21
RCMM19800R,1,28,29,0,6,6,6,15,21
BARI052018,46,74,120,8,21,29,18,17,35
TVEE81602C,4,87,91,1,12,13,11,24,35
AGTD02101B,59,93,152,8,17,25,24,19,43
PAMM82303N,8,20,28,3,3,6,10,7,17
BAEE868014,5,65,70,0,19,19,7,17,24
FORI009018,42,50,92,3,5,8,8,27,35
MOMM840025,6,24,30,2,8,10,11,21,32
NURA01250X,37,53,90,2,13,15,0,0,0
COMM81501A,17,28,45,3,8,11,4,28,32
FGEE835015,1,54,55,0,8,8,10,16,26
NAEE8GV01C,1,53,54,0,19,19,10,11,21
CAMM81201X,10,40,50,5,8,13,6,24,30
BREE818015,3,81,84,0,26,26,10,22,32
PDMM854035,8,35,43,4,3,7,5,24,29
SOEE81304N,1,55,56,0,5,5,3,27,30
BREE83002R,1,63,64,0,17,17,10,22,32
SAPC07201R,16,76,92,0,3,3,10,20,30
RCTD00150B,21,63,84,2,20,22,0,0,0
UDPS016018,142,137,279,4,5,9,40,39,79
CEPC02000P,37,77,114,2,5,7,12,10,22
RCEE84110G,2,30,32,2,4,6,12,11,23
ATEE81509Q,4,49,53,0,12,12,10,31,41
PAEE83002R,5,33,38,0,3,3,11,13,24
PNSD020009,20,51,71,2,11,13,9,22,31
VIMM81101E,10,28,38,2,5,7,4,18,22
PIEE838025,4,47,51,0,13,13,0,25,25
CZRC01701E,51,67,118,4,24,28,22,20,42
AVEE87102B,1,37,38,0,9,9,9,9,18
CTEE044027,6,119,125,3,53,56,13,17,30
RMEE8D504P,0,82,82,0,28,28,5,23,28
TARA02701L,0,82,82,0,28,28,5,23,28
CBMM830058,7,11,18,2,1,3,6,20,26
SPEE810033,0,43,43,0,9,9,2,33,35
SSRA00302N,74,79,153,18,35,53,28,48,76
PTMM829017,11,46,57,6,13,19,3,27,30
TEEE83004X,1,79,80,0,25,25,8,27,35
AVEE87002G,5,39,44,3,12,15,6,19,25
PTTD01050X,57,101,158,11,38,49,7,20,27
MEMM81802B,4,9,13,0,2,2,6,20,26
PAEE055004,5,61,66,3,18,21,9,12,21
NATN04801A,28,117,145,13,50,63,12,18,30
MIMM8F0014,12,36,48,1,7,8,14,14,28
SAEE8A0014,1,48,49,0,12,12,12,12,24
TVEE876013,3,102,105,2,21,23,10,31,41
FREE83204T,0,68,68,0,17,17,8,28,36
ISEE82607V,2,48,50,0,10,10,6,22,28
PIPC00201P,30,55,85,1,1,2,5,20,25
GERH020006,52,113,165,10,42,52,14,41,55
CTMM88201V,7,44,51,4,19,23,7,18,25
NAEE8CR03B,1,51,52,0,13,13,13,15,28
MOEE80703G,3,34,37,1,5,6,5,11,16
RCMM81505Q,12,26,38,3,7,10,13,19,32
CNMM846019,15,23,38,3,6,9,7,19,26
FGEE807011,3,41,44,0,6,6,11,8,19
RMTD640001,29,61,90,3,8,11,9,19,28
BOMM81002B,6,18,24,1,3,4,4,15,19
TREE818041,3,54,57,0,17,17,1,22,23
AGMM83101L,19,31,50,7,4,11,16,7,23
BOMM87301D,13,40,53,2,5,7,4,20,24
CSMM84603P,12,10,22,2,2,4,12,5,17
MTRH01401L,57,91,148,15,30,45,26,41,67
VIEE878012,6,49,55,0,17,17,8,16,24
FOMM806023,13,18,31,3,2,5,4,24,28
ORMM82601T,7,27,34,1,8,9,4,18,22
RMMM82801R,7,32,39,1,8,9,8,19,27
VTEE801021,3,44,47,1,14,15,6,22,28
TOEE815017,7,84,91,0,25,25,12,24,36
PGRH02851C,67,98,165,16,35,51,0,0,0
BSEE81704X,2,19,21,0,3,3,2,16,18
BSMM86202P,13,30,43,5,3,8,4,26,30
FIRA00702R,13,30,43,5,3,8,4,26,30
PGEE048013,3,67,70,0,15,15,2,22,24
LCEE822018,0,60,60,0,13,13,4,19,23
BSEE86901D,6,62,68,1,9,10,19,18,37
FEEE82602R,6,70,76,2,12,14,2,34,36
ALTD007504,33,60,93,4,15,19,0,0,0
CAMM20300V,33,60,93,4,15,19,0,0,0
ALMM81302P,9,31,40,2,8,10,9,20,29
NAEE35103N,1,59,60,0,16,16,5,10,15
MIEE8DX01P,6,53,59,6,11,17,10,8,18
FREE80303R,0,38,38,0,7,7,4,29,33
MIRI01601R,65,84,149,14,21,35,12,22,34
ALEE81004A,4,28,32,1,7,8,4,15,19
FIEE85902B,3,65,68,1,12,13,7,21,28
RMEE86001N,1,70,71,1,16,17,4,24,28
PZTD029019,1,70,71,1,16,17,4,24,28
ANEE81002V,3,50,53,1,15,16,3,20,23
VCEE80502R,4,46,50,2,7,9,7,21,28
RMEE8FC026,3,95,98,2,31,33,1,29,30
ANTF02301E,73,78,151,8,20,28,19,30,49
CZEE82501C,4,52,56,0,10,10,16,15,31
LTMM14200R,4,52,56,0,10,10,16,15,31
PVRI00802L,4,52,56,0,10,10,16,15,31
FIMM86901X,12,45,57,3,13,16,9,35,44
PGEE85405D,3,76,79,1,18,19,6,28,34
MITN02000X,19,55,74,3,6,9,10,11,21
RMEE8FM011,1,38,39,0,10,10,4,19,23
TOPS05901D,67,79,146,8,17,25,10,24,34
PZRI03102Q,39,46,85,2,2,4,8,20,28
TOEE84203N,2,57,59,0,7,7,7,23,30
RIMM807015,3,10,13,0,0,0,4,13,17
RARH01000D,3,10,13,0,0,0,4,13,17
NAMM83001T,5,27,32,2,13,15,6,11,17
BSEE895034,7,46,53,2,6,8,7,17,24
SAEE8AB01Q,3,63,66,1,14,15,11,24,35
CETD004505,30,68,98,4,7,11,0,0,0
PREE81707N,0,25,25,0,4,4,4,22,26
CTTD051512,0,25,25,0,4,4,4,22,26
TOSL038019,77,101,178,12,20,32,20,22,42
TSEE807031,6,47,53,2,10,12,2,25,27
TVMM82201N,15,37,52,4,6,10,7,25,32
VCMM81202V,5,20,25,1,3,4,4,26,30
RMTD08451X,49,113,162,2,32,34,0,0,0
LEMM89703X,10,35,45,2,11,13,7,15,22
IMTD00651X,36,64,100,2,12,14,0,0,0
NAEE8G2022,1,55,56,0,15,15,11,15,26
VAEE86202Q,2,59,61,2,18,20,6,17,23
PNEE830012,6,69,75,1,23,24,5,28,33
TORA02801B,57,135,192,16,40,56,13,31,44
RMEE8EF045,3,76,79,1,14,15,7,17,24
NAMM8EH01N,17,51,68,4,12,16,14,14,28
SIEE81304C,2,48,50,1,11,12,3,21,24
KRRH006018,28,48,76,4,8,12,20,8,28
CTEE8AB02P,7,55,62,3,24,27,5,18,23
VATF00301D,53,48,101,3,8,11,11,15,26
MEEE83808X,2,39,41,0,2,2,12,13,25
TOTD026023,75,125,200,26,36,62,11,30,41
SOEE81904L,1,58,59,0,9,9,7,19,26
NAPS32001B,34,88,122,3,12,15,14,15,29
ATMM808017,8,32,40,3,7,10,4,25,29
TVEE88202B,1,60,61,1,6,7,5,25,30
CTTD04202V,33,77,110,5,34,39,20,11,31
TPMM707018,33,77,110,5,34,39,20,11,31
PDPM014017,82,139,221,5,17,22,17,36,53
CHEE83601L,1,76,77,0,22,22,7,22,29
FOMM02800V,12,77,89,2,12,14,7,20,27
VVMM818031,13,27,40,0,6,6,11,15,26
LCMM810011,8,33,41,2,4,6,8,16,24
CZEE873063,2,41,43,0,5,5,14,13,27
LEEE83603D,3,41,44,1,6,7,12,12,24
CEMM189008,13,38,51,3,4,7,6,6,12
PRPC030006,9,29,38,3,9,12,0,0,0
AGPS030009,31,79,110,2,2,4,20,10,30
NAEE03300A,2,97,99,1,43,44,6,20,26
RGEE011027,2,63,65,0,15,15,9,19,28
SPEE815058,7,115,122,2,35,37,3,44,47
RGRI01301E,92,122,214,8,27,35,25,29,54
PIEE81003A,5,87,92,2,34,36,5,25,30
SSEE835012,2,43,45,0,11,11,6,11,17
ISEE81515T,2,65,67,1,11,12,11,24,35
CTEE04603X,3,42,45,0,9,9,9,9,18
SAEE158013,2,38,40,1,3,4,11,6,17
ROMM810016,15,25,40,6,5,11,2,15,17
CHEE817028,1,39,40,1,11,12,2,22,24
PRRC00401A,27,125,152,4,38,42,15,28,43
CSEE814027,3,28,31,2,8,10,12,2,14
FREE830068,4,53,57,0,15,15,5,21,26
BNRI011029,4,53,57,0,15,15,5,21,26
FGEE00801T,3,65,68,2,21,23,11,11,22
MEEE82505P,2,33,35,0,9,9,6,20,26
SAEE075054,4,81,85,1,21,22,13,13,26
PDEE84502A,0,54,54,0,9,9,4,15,19
PEEE828038,2,70,72,2,32,34,10,20,30
NAEE8F701D,2,42,44,1,12,13,7,13,20
TVMM83501Q,9,26,35,0,5,5,1,24,25
GEEE862024,10,86,96,3,22,25,6,34,40
FEMM81701X,8,15,23,2,2,4,1,24,25
GEEE85202D,5,94,99,2,30,32,2,28,30
CEEE8A9049,1,95,96,0,29,29,12,18,30
PIEE81504E,4,65,69,2,19,21,4,30,34
LTMM804015,10,46,56,5,16,21,8,23,31
RMMM8GP012,6,26,32,1,7,8,3,25,28
FIEE260019,6,26,32,1,7,8,3,25,28
BGEE898033,4,69,73,0,18,18,6,20,26
PNEE83406E,2,91,93,0,16,16,6,38,44
PGPC04000Q,21,61,82,2,4,6,3,18,21
MSEE80501C,1,16,17,0,4,4,0,12,12
BLMM81801N,11,15,26,1,3,4,8,10,18
BAEE04900P,3,95,98,2,39,41,9,18,27
SAEE89301C,2,44,46,0,13,13,10,8,18
LTMM847013,16,17,33,3,8,11,5,22,27
TOMM8AR02E,6,45,51,0,10,10,9,29,38
VVTF040504,23,24,47,2,5,7,2,0,2
CAEE833012,2,33,35,0,8,8,4,11,15
MCMM82401C,7,17,24,1,4,5,4,21,25
RCMM817039,7,20,27,0,7,7,8,10,18
TOMM89001X,12,44,56,6,14,20,5,32,37
LEMM86501A,10,21,31,1,5,6,11,10,21
FGTD21000T,41,53,94,10,9,19,25,9,34
PGEE84501E,0,53,53,0,17,17,5,18,23
VIEE879063,5,71,76,4,12,16,6,24,30
MOEE81402N,4,42,46,2,8,10,2,22,24
TEMM841016,13,41,54,3,17,20,4,25,29
VTEE801054,3,44,47,1,14,15,6,22,28
FREE81701L,1,46,47,0,14,14,6,24,30
CARH05050A,46,84,130,11,32,43,10,26,36
MCMM80404A,8,15,23,1,3,4,7,16,23
TEEE83802C,2,60,62,0,16,16,11,26,37
AVEE88402D,2,37,39,1,12,13,7,12,19
BOTF01901C,143,167,310,9,23,32,27,37,64
NAEE8C102Q,2,32,34,1,6,7,5,10,15
NAPC22001B,37,103,140,4,8,12,7,12,19
ATTN00601A,21,54,75,1,3,4,4,19,23
SPEE801038,2,33,35,0,9,9,2,21,23
SVEE81402Q,3,49,52,2,8,10,6,23,29
VRPS01101C,34,81,115,1,9,10,9,20,29
RMPS060005,31,57,88,1,2,3,11,12,23
AVMM88302L,6,31,37,0,6,6,10,22,32
CSMM85801V,7,20,27,0,5,5,21,7,28
ENRC00250Q,52,68,120,7,23,30,0,0,0
RMMM67400Q,52,68,120,7,23,30,0,0,0
BIEE80205B,0,46,46,0,6,6,6,22,28
CAEE86402P,3,99,102,0,37,37,10,30,40
MEMM83804P,6,24,30,1,6,7,12,13,25
ALMM82501X,9,18,27,5,2,7,3,27,30
VEEE81104B,1,46,47,0,9,9,7,10,17
MIMM8A101V,7,22,29,3,5,8,6,16,22
PZMM858043,4,21,25,3,2,5,8,15,23
LTMM818013,12,28,40,2,2,4,7,18,25
FGEE824071,12,28,40,2,2,4,7,18,25
SRMM840011,17,37,54,3,15,18,15,19,34
SAEE8BB02B,3,48,51,2,10,12,13,6,19
RMMM8D401P,20,63,83,7,22,29,8,25,33
BREE81102B,5,69,74,3,26,29,13,15,28
SAEE8A404E,4,54,58,2,15,17,6,19,25
TPMM81201L,12,29,41,2,6,8,8,16,24
PVEE82001C,9,62,71,6,16,22,8,22,30
VEEE826034,7,52,59,2,14,16,4,27,31
CSTD02702N,29,39,68,3,6,9,16,6,22
CAMM862011,14,48,62,5,24,29,5,16,21
TARI03701V,65,93,158,1,15,16,23,18,41
FGEE87301X,3,52,55,2,22,24,9,17,26
APEE821064,3,69,72,0,16,16,6,37,43
NAEE8CZ019,3,49,52,3,15,18,7,13,20
VIEE81801A,5,97,102,2,26,28,7,35,42
PVMM821017,10,44,54,7,16,23,7,27,34
MOEE04510Q,5,104,109,3,20,23,5,32,37
NOMM81703C,6,41,47,2,9,11,10,21,31
SAEE8B207L,1,67,68,1,19,20,11,15,26
BSMM858023,10,34,44,3,4,7,1,25,26
RARH020004,36,70,106,12,27,39,9,26,35
CNEE85101T,1,68,69,0,16,16,8,24,32
FGMM819016,10,12,22,2,0,2,7,13,20
BSMM84501X,11,16,27,3,2,5,4,22,26
NUMM849013,3,11,14,0,1,1,4,14,18
BGEE883028,3,79,82,1,15,16,8,20,28
VREE836018,6,54,60,3,13,16,9,17,26
FRTF026012,62,76,138,3,19,22,13,25,38
CSRI06151V,52,67,119,5,18,23,0,0,0
LIEE81603G,2,43,45,0,8,8,4,18,22
BSEE85103A,3,63,66,1,12,13,4,22,26
BSEE8AB02P,6,82,88,2,14,16,6,27,33
PVEE81203G,3,53,56,1,12,13,2,25,27
MCMM833017,8,40,48,6,5,11,4,22,26
TOTD02650A,75,125,200,26,36,62,0,0,0
FREE83801N,1,52,53,0,17,17,6,22,28
CSTF068015,48,78,126,1,15,16,22,16,38
CBEE701018,48,78,126,1,15,16,22,16,38
BGMM700022,48,78,126,1,15,16,22,16,38
NAPS130007,18,70,88,0,3,3,15,9,24
ISEE83402L,3,61,64,2,19,21,11,26,37
RMEE8DV02L,2,70,72,1,30,31,2,20,22
VAEE853021,6,87,93,3,19,22,10,22,32
CZMM82401G,11,24,35,1,3,4,14,19,33
VCTD012017,62,99,161,17,31,48,20,35,55
PZEE86902C,2,31,33,0,2,2,6,13,19
MIEE8DF031,7,61,68,3,15,18,5,22,27
VAMM87601G,9,14,23,2,3,5,2,21,23
NAMM8GS01X,11,26,37,7,10,17,7,6,13
RNEE820015,0,43,43,0,15,15,5,17,22
MIEE8GD035,6,74,80,4,22,26,9,23,32
ATMM80104G,15,21,36,4,5,9,10,26,36
TVRC009019,44,80,124,7,11,18,12,28,40
MOTL023016,35,47,82,5,8,13,9,18,27
CEEE8A603R,4,69,73,0,17,17,9,23,32
BGEE864052,0,32,32,0,3,3,0,20,20
CBPS01000B,25,52,77,0,4,4,10,16,26
PCEE005008,2,79,81,1,28,29,2,26,28
BGEE851072,1,35,36,0,4,4,2,24,26
SSEE82201X,2,28,30,0,8,8,1,19,20
ANEE80505E,2,51,53,1,10,11,2,25,27
BAPM02000G,15,54,69,2,9,11,5,12,17
ANRI01150Q,60,79,139,4,18,22,0,0,0
MITN094521,52,89,141,8,25,33,0,0,0
RNTN01000Q,18,53,71,3,3,6,7,17,24
NURA01201G,37,53,90,2,13,15,14,33,47
CNMM70201P,37,53,90,2,13,15,14,33,47
LCEE81704X,8,85,93,4,19,23,3,31,34
CTEE81403B,4,56,60,0,18,18,5,23,28
SSEE805016,2,23,25,0,3,3,1,15,16
PDMM853028,10,29,39,0,1,1,6,26,32
TVEE84403N,1,42,43,0,6,6,2,17,19
GEPC001011,20,104,124,2,14,16,6,20,26
KRMM806011,7,22,29,2,9,11,9,13,22
ANTF01301X,74,128,202,17,43,60,17,29,46
PIEE82103R,6,66,72,2,21,23,8,25,33
NATD13451R,55,87,142,7,21,28,0,0,0
MBMM8DN017,8,44,52,1,9,10,6,26,32
MEEE873032,2,50,52,1,16,17,9,19,28
BATD071018,30,54,84,6,10,16,10,14,24
CHEE813021,0,37,37,0,8,8,4,16,20
CTEE82001L,3,31,34,0,13,13,8,10,18
MOEE83102B,3,57,60,1,12,13,2,26,28
CHMM80702L,15,38,53,6,15,21,4,23,27
GREE81703V,3,40,43,0,5,5,9,22,31
BRTD01101P,45,67,112,9,17,26,13,14,27
SOEE82103G,1,55,56,1,12,13,4,28,32
CHEE812036,2,42,44,0,17,17,2,22,24
CAMM87802G,21,41,62,3,9,12,11,24,35
UDEE858041,6,71,77,3,22,25,5,26,31
LCSL01301V,27,64,91,0,8,8,5,26,31
LCEE824021,5,79,84,0,22,22,7,27,34
PNEE83405D,2,91,93,0,16,16,6,38,44
MBEE866022,4,58,62,1,12,13,4,22,26
VRRH030511,50,89,139,11,26,37,20,17,37
NATD11601T,34,65,99,2,3,5,11,14,25
SSEE052062,6,87,93,3,26,29,5,22,27
UDEE82301V,2,55,57,0,5,5,5,23,28
MBEE70502N,2,55,57,0,5,5,5,23,28
LEEE8AE06G,2,55,57,0,5,5,5,23,28
NATF140509,107,163,270,12,37,49,35,21,56
TOEE8AV028,5,70,75,1,17,18,6,24,30
RMEE8GX013,1,62,63,0,20,20,12,14,26
VVEE832016,2,10,12,0,4,4,8,13,21
AVEE886025,1,47,48,0,14,14,10,19,29
CZEE86703L,0,74,74,0,18,18,10,20,30
MSTD018518,0,74,74,0,18,18,10,20,30
MBEE8F902D,4,57,61,0,18,18,2,23,25
FGRC06101P,51,103,154,15,30,45,25,6,31
BOEE85102P,6,93,99,0,21,21,7,26,33
PREE82904R,5,58,63,2,14,16,2,27,29
LIEE700013,5,58,63,2,14,16,2,27,29
RMEE89001D,2,66,68,0,21,21,4,26,30
BSRH031019,59,112,171,15,36,51,20,30,50
SAMM81901D,7,20,27,0,5,5,7,12,19
BAEE17202P,7,20,27,0,5,5,7,12,19
CTPS03000P,17,48,65,0,3,3,8,15,23
MCEE81002L,3,63,66,1,16,17,8,22,30
VARC02351E,62,144,206,11,39,50,0,0,0
PAEE8AL012,1,55,56,0,14,14,10,17,27
SSRH02050V,64,107,171,19,37,56,23,44,67
NOEE83202E,4,40,44,3,12,15,14,19,33
PDEE88703D,8,92,100,2,18,20,12,16,28
RNEE81401T,2,66,68,0,20,20,3,31,34
CTEE8AJ041,4,80,84,1,31,32,9,22,31
VIEE87003D,3,70,73,3,20,23,4,25,29
BOEE805032,6,86,92,2,17,19,8,29,37
NAPS04801L,28,117,145,13,50,63,12,18,30
GEEE812023,6,67,73,3,26,29,6,20,26
VEEE820035,6,78,84,2,15,17,9,24,33
TVMM826011,12,34,46,0,6,6,4,23,27
BNEE82603A,0,42,42,0,3,3,8,20,28
BNTD02701C,47,60,107,2,14,16,14,21,35
CTMM71301G,47,60,107,2,14,16,14,21,35
FGRI00301B,47,60,107,2,14,16,14,21,35
VREE84601V,8,50,58,4,9,13,5,26,31
RMMM8D501E,7,44,51,4,13,17,5,23,28
CEMM8AJ01E,1,8,9,0,0,0,11,10,21
PSMM811031,4,13,17,1,4,5,4,16,20
GEEE83502Q,3,65,68,1,16,17,4,21,25
CSTD02201D,35,65,100,5,21,26,20,12,32
LEMM82702L,3,31,34,1,6,7,14,16,30
AREE84001D,3,63,66,0,17,17,3,27,30
SVMM82101R,8,35,43,2,16,18,4,29,33
FRMM81201C,4,17,21,0,5,5,7,12,19
SAMM8A0013,5,28,33,1,5,6,12,12,24
BNMM83304D,5,28,33,1,5,6,12,12,24
NOEE813036,2,56,58,0,10,10,3,23,26
BGMM883016,13,29,42,4,7,11,8,20,28
BSMM89001T,7,31,38,3,6,9,8,20,28
VRMM852015,6,37,43,1,8,9,9,19,28
PGEE86401X,4,53,57,0,14,14,6,20,26
TOEE8A303N,7,99,106,1,29,30,11,35,46
RMEE8CH01C,3,85,88,0,23,23,10,16,26
NOEE812018,2,75,77,1,17,18,7,27,34
VETE008018,68,97,165,5,28,33,35,43,78
TPTL01452E,81,69,150,6,12,18,0,0,0
CNEE84604D,81,69,150,6,12,18,0,0,0
RIEE82005R,1,58,59,0,12,12,1,40,41
BSEE852014,2,53,55,1,6,7,5,26,31
MIEE815028,2,66,68,1,17,18,8,16,24
SRRA02102Q,53,51,104,10,11,21,24,18,42
BNMM85701V,7,27,34,0,4,4,10,19,29
RMMM8DV01E,8,33,41,3,13,16,2,20,22
NAMM8DL01X,9,24,33,7,6,13,13,10,23
PTEE817023,1,53,54,0,15,15,6,15,21
ROTD00850X,35,97,132,3,23,26,0,0,0
METD03751E,26,45,71,5,2,7,0,0,0
PZEE88202V,1,37,38,0,4,4,4,15,19
COMM84402B,7,36,43,0,4,4,4,23,27
CNMM81102B,3,24,27,0,6,6,1,25,26
CEEE849012,4,50,54,1,14,15,11,11,22
IMTN00402T,53,90,143,15,26,41,28,45,73
MCTL00801A,16,33,49,3,11,14,5,12,17
MIEE8DW042,9,90,99,2,23,25,9,24,33
MEEE835037,3,51,54,0,8,8,10,17,27
MIMM88901Q,10,26,36,2,9,11,13,19,32
MIEE8GF01P,6,57,63,3,13,16,10,18,28
RCRA02201T,58,79,137,7,34,41,21,15,36
RGMM82201E,11,30,41,1,1,2,6,15,21
CSRH010048,11,30,41,1,1,2,6,15,21
LTMM82901D,12,48,60,5,16,21,10,20,30
TVEE81604E,4,87,91,1,12,13,11,24,35
PAEE82303P,3,37,40,2,9,11,10,7,17
TAMM844017,6,19,25,1,4,5,9,13,22
TPMM82601E,10,14,24,2,3,5,7,14,21
MITD01601B,65,84,149,14,21,35,12,22,34
NUTA01451C,57,61,118,3,12,15,0,0,0
CTEE815026,0,36,36,0,11,11,2,17,19
PNEE822057,2,78,80,1,13,14,2,29,31
RIEE828017,1,64,65,0,25,25,0,28,28
TOTF04101A,52,74,126,5,14,19,10,26,36
PDMM854013,8,35,43,4,3,7,5,24,29
SOEE81301E,1,55,56,0,5,5,3,27,30
GRMM82102C,13,30,43,1,5,6,6,29,35
AQEE837024,3,36,39,1,6,7,6,21,27
UDTF01601A,142,137,279,4,5,9,40,39,79
LOEE805029,4,62,66,2,14,16,4,24,28
BATL071514,30,54,84,6,10,16,0,0,0
CSTD07701N,54,61,115,9,12,21,20,32,52
NARC10101R,30,56,86,0,5,5,14,11,25
TOEE84303D,5,42,47,2,10,12,6,19,25
VBMM81701A,20,33,53,5,13,18,8,27,35
SOMM82101C,8,26,34,1,7,8,4,28,32
BGPS02401X,35,80,115,2,5,7,8,27,35
BARH049011,43,118,161,8,35,43,13,18,31
AGPM02101L,59,93,152,8,17,25,24,19,43
BAMM868013,15,44,59,7,17,24,7,17,24
UDRI01401T,85,49,134,1,4,5,10,18,28
TEMM82302N,8,11,19,4,1,5,4,15,19
SPEE810011,0,43,43,0,9,9,2,33,35
SSRA003501,74,79,153,18,35,53,0,0,0
CAEE812011,6,56,62,3,18,21,6,24,30
PAEE055048,5,61,66,3,18,21,9,12,21
BREE83001Q,1,63,64,0,17,17,10,22,32
PSEE837036,0,35,35,0,6,6,9,18,27
CAEE889023,0,35,35,0,6,6,9,18,27
CTTF05101V,0,35,35,0,6,6,9,18,27
TVEE876024,3,102,105,2,21,23,10,31,41
CAMM89801Q,14,42,56,6,11,17,5,16,21
PZEE81703R,0,30,30,0,2,2,4,17,21
VEEE834044,3,64,67,0,11,11,2,25,27
TAMM865018,6,13,19,2,4,6,8,14,22
BOMM84801R,3,12,15,0,2,2,3,13,16
ISEE826114,3,12,15,0,2,2,3,13,16
AQEE70401V,3,12,15,0,2,2,3,13,16
PNTF01000A,81,93,174,1,6,7,20,29,49
MIMM8AW01V,7,25,32,1,6,7,2,17,19
PIPS00201T,30,55,85,1,1,2,5,20,25
NAEE8CG01N,2,42,44,1,9,10,14,6,20
NAEE8CR05D,1,51,52,0,13,13,13,15,28
RCEE815136,6,61,67,3,14,17,13,19,32
MEEE81809Q,2,42,44,0,11,11,6,20,26
BOEE81001B,2,37,39,0,8,8,4,15,19
BARI00401V,2,37,39,0,8,8,4,15,19
ATEE80804B,0,43,43,0,10,10,4,25,29
TVEE88204D,1,60,61,1,6,7,5,25,30
ANEE83303L,1,38,39,0,9,9,6,20,26
MIEE8B502V,2,71,73,0,17,17,6,32,38
AREE81503V,2,71,73,0,17,17,6,32,38
LEMM816037,8,24,32,1,1,2,9,18,27
CSEE85505L,1,32,33,0,3,3,11,13,24
PGRI02901A,50,61,111,6,25,31,11,20,31
BSEE81701R,2,19,21,0,3,3,2,16,18
BNEE814034,1,21,22,0,0,0,7,11,18
CTRH03000C,86,174,260,22,73,95,36,32,68
MBTF063014,50,93,143,6,23,29,10,26,36
VIEE84601E,2,34,36,0,8,8,6,17,23
MIEE8BL01E,10,77,87,3,24,27,10,23,33
KRMM81501Q,3,21,24,0,0,0,14,6,20
APMM825037,12,29,41,4,9,13,4,33,37
ANEE84202A,1,69,70,0,16,16,7,36,43
LEEE817056,2,54,56,1,17,18,14,10,24
AGEE813014,2,34,36,1,6,7,10,10,20
ALRI006019,52,93,145,11,24,35,14,20,34
TRMM817011,5,14,19,2,1,3,1,21,22
SAEE881016,1,33,34,0,5,5,8,11,19
CTEE82505X,3,79,82,2,28,30,8,27,35
FREE803071,0,38,38,0,7,7,4,29,33
FIEE85901A,3,65,68,1,12,13,7,21,28
GEMM837019,4,23,27,1,9,10,1,25,26
BNPC01101X,21,56,77,4,14,18,11,12,23
PGEE00200L,8,92,100,2,31,33,13,26,39
TOEE8CD02N,7,89,96,1,26,27,5,33,38
CSEE87402V,5,33,38,0,7,7,10,13,23
CZEE82505L,4,52,56,0,10,10,16,15,31
VREE852049,5,73,78,2,17,19,9,19,28
FREE81203G,2,39,41,1,10,11,7,12,19
LESD016015,57,75,132,10,11,21,14,13,27
SAEE895058,3,76,79,0,25,25,9,23,32
VTMM820018,5,29,34,3,11,14,3,19,22
BGMM89801X,13,38,51,4,8,12,6,20,26
NUMM860052,10,29,39,2,4,6,10,24,34
APMM820012,8,26,34,2,3,5,2,28,30
RMEE851031,3,72,75,0,17,17,4,25,29
PZTD03151P,39,46,85,2,2,4,0,0,0
VVTD01004R,25,53,78,3,11,14,18,9,27
RMMM8CT018,8,30,38,1,10,11,2,27,29
CEMM83001X,11,32,43,4,7,11,8,14,22
CEPS004022,30,68,98,4,7,11,10,15,25
TEMM84001A,10,42,52,0,16,16,9,27,36
BNMM855028,14,26,40,4,2,6,9,18,27
TPEE049162,5,53,58,1,8,9,7,14,21
RMEE8E901D,4,82,86,2,21,23,2,26,28
AQMM815048,11,26,37,6,6,12,3,26,29
CSTA064015,59,82,141,5,36,41,30,23,53
COMM84802P,10,21,31,3,5,8,12,15,27
SRPS150012,29,91,120,5,23,28,14,17,31
BNEE84401T,2,62,64,1,14,15,3,24,27
CTEE860035,2,32,34,1,7,8,6,15,21
NAEE8B901P,6,54,60,2,20,22,8,19,27
PDMM87802L,10,27,37,1,3,4,8,20,28
BGTD03902E,10,27,37,1,3,4,8,20,28
KRRA00650C,28,48,76,4,8,12,0,0,0
PDEE870034,0,75,75,0,15,15,5,29,34
MEEE844087,4,46,50,0,9,9,10,19,29
APMM70301B,4,46,50,0,9,9,10,19,29
NAPC19000Q,22,67,89,0,1,1,9,18,27
CEEE8BC02V,1,73,74,0,9,9,7,20,27
CTTF042014,33,77,110,5,34,39,20,11,31
SVEE81401P,3,49,52,2,8,10,6,23,29
TVEE86504Q,2,87,89,0,22,22,7,29,36
LTTD02651R,29,113,142,5,11,16,0,0,0
CEEE893014,1,50,51,0,11,11,4,19,23
MBEE8AD018,5,71,76,3,15,18,7,22,29
TVEE82101V,1,48,49,0,12,12,7,14,21
RAMM829018,8,29,37,3,6,9,7,23,30
PGMM80804N,5,9,14,2,0,2,2,13,15
LTMM82401A,13,43,56,7,13,20,3,22,25
VCEE81303R,3,41,44,1,13,14,7,16,23
SOEE81302G,1,55,56,0,5,5,3,27,30
PIEE832026,8,84,92,4,30,34,5,27,32
MOMM825012,11,37,48,5,11,16,8,27,35
MEEE83806T,2,39,41,0,2,2,12,13,25
NAMM850013,10,38,48,5,9,14,12,11,23
SAEE8AH03R,2,33,35,1,4,5,12,12,24
MITA01901C,52,116,168,10,18,28,12,30,42
SARI071019,46,41,87,4,4,8,20,14,34
RGEE83001E,1,33,34,0,6,6,12,8,20
TOTD038018,77,101,178,12,20,32,20,22,42
BREE817019,1,54,55,0,14,14,12,11,23
SOMM80601A,16,32,48,6,7,13,7,24,31
RCMM841047,12,49,61,4,7,11,12,11,23
TVMM82301D,8,31,39,3,5,8,6,21,27
AGPS08000A,15,40,55,2,12,14,4,10,14
PAMM83002Q,9,23,32,0,3,3,11,13,24
RGEE81007G,1,43,44,0,11,11,16,17,33
MOMM84801P,18,60,78,7,21,28,5,37,42
TVEE871032,3,77,80,1,14,15,11,24,35
FRMM85501A,8,25,33,1,5,6,4,26,30
BATD02651Q,53,84,137,10,16,26,0,0,0
CNEE864021,2,79,81,1,23,24,6,34,40
GEEE85604V,2,43,45,0,5,5,9,21,30
PNEE80803V,5,66,71,1,6,7,3,25,28
VIEE81803C,5,97,102,2,26,28,7,35,42
PRMM07500A,5,97,102,2,26,28,7,35,42
PTTD01000E,57,101,158,11,38,49,7,20,27
SRMM810015,5,22,27,1,9,10,6,12,18
FOMM03100P,14,59,73,1,7,8,6,20,26
NOEE82802V,3,54,57,2,16,18,9,25,34
VVEE81811B,3,54,57,2,16,18,9,25,34
CZMM87303V,5,25,30,3,5,8,14,13,27
PDEE845019,0,54,54,0,9,9,4,15,19
ISEE82601L,2,48,50,0,10,10,6,22,28
LEMM00400V,8,43,51,3,5,8,5,10,15
CBEE81701P,1,16,17,0,4,4,0,0,0
CEEE8A802B,2,42,44,1,6,7,12,10,22
OREE81903T,4,52,56,1,15,16,4,27,31
POMM81601B,15,45,60,7,9,16,5,26,31
PIEE81503D,4,65,69,2,19,21,4,30,34
LEEE803036,2,40,42,1,13,14,8,14,22
CATD027013,46,62,108,3,19,22,9,23,32
AREE821014,1,56,57,0,21,21,3,23,26
SPEE815069,7,115,122,2,35,37,3,44,47
RGRC013506,92,122,214,8,27,35,0,0,0
CSEE85111L,4,61,65,0,17,17,16,21,37
FIEE26003B,4,61,65,0,17,17,16,21,37
REEE855018,5,53,58,4,15,19,1,28,29
CREE811028,3,36,39,0,6,6,3,16,19
MBEE8AA01R,3,41,44,2,11,13,2,20,22
LEEE896013,5,50,55,2,11,13,9,13,22
RMTD64050A,29,61,90,3,8,11,9,19,28
RCMM861019,7,31,38,1,9,10,17,13,30
LCMM81601X,9,42,51,3,6,9,9,27,36
MCEE833029,4,50,54,1,18,19,4,22,26
TOEE8AR03L,4,67,71,2,10,12,9,29,38
FREE83806V,1,52,53,0,17,17,6,22,28
PIEE820042,1,54,55,1,16,17,5,19,24
CAPS01701L,46,98,144,7,28,35,7,24,31
MCEE82403G,1,46,47,0,9,9,4,21,25
MTTA014018,57,91,148,15,30,45,26,41,67
TOMM80901V,8,12,20,1,0,1,9,18,27
SSEE83301A,1,49,50,0,18,18,2,19,21
RNEE81005P,1,35,36,1,7,8,9,22,31
SARA010038,71,113,184,10,50,60,25,20,45
BRRH01000Q,62,114,176,12,44,56,16,24,40
SAEE8BS01A,0,23,23,0,6,6,4,13,17
CTRH006501,44,49,93,5,11,16,0,0,0
ANEE84701C,2,68,70,0,23,23,5,28,33
VIEE880023,4,54,58,2,9,11,10,29,39
MOEE81501C,2,21,23,0,2,2,6,13,19
MEEE87108G,3,61,64,1,19,20,14,12,26
FREE83008A,4,53,57,0,15,15,5,21,26
FGEE00800R,3,65,68,2,21,23,11,11,22
VTEE80304P,1,31,32,0,9,9,3,19,22
PAEE11300V,2,81,83,1,32,33,8,16,24
FEEE817011,1,45,46,0,15,15,1,24,25
CARI010002,1,45,46,0,15,15,1,24,25
VIEE84702B,1,24,25,0,5,5,0,15,15
TOMM8B4011,3,24,27,0,5,5,7,18,25
RMEE8GP024,2,53,55,1,14,15,3,25,28
CREE81903X,2,64,66,1,18,19,4,24,28
CHMM81301V,2,20,22,0,4,4,4,16,20
RMMM8A001G,19,41,60,6,7,13,5,13,18
PGPC05000A,18,35,53,0,0,0,3,17,20
TEEE83603T,1,76,77,0,22,22,5,30,35
LEEE83604E,3,41,44,1,6,7,12,12,24
ARMM835011,12,45,57,4,5,9,4,20,24
ALEE810028,4,28,32,1,7,8,4,15,19
ENRA00251T,52,68,120,7,23,30,0,0,0
AVMM83201P,7,21,28,1,1,2,2,18,20
BGRI00601G,25,58,83,3,12,15,11,17,28
CAEE848117,2,71,73,0,15,15,11,38,49
ALEE825022,6,75,81,3,22,25,3,27,30
CEMM85405L,7,16,23,0,0,0,4,19,23
REMM835023,18,52,70,7,12,19,4,28,32
FREE81704Q,1,46,47,0,14,14,6,24,30
BORI01901G,143,167,310,9,23,32,27,37,64
TAEE87202D,3,71,74,0,32,32,11,12,23
VEEE826012,7,52,59,2,14,16,4,27,31
MIMM8CD01G,14,42,56,3,10,13,9,14,23
APEE806062,3,70,73,0,19,19,8,40,48
ATTD006011,3,70,73,0,19,19,8,40,48
FGEE873021,3,52,55,2,22,24,9,17,26
UDMM82303X,13,20,33,1,3,4,5,23,28
APEE82101V,3,69,72,0,16,16,6,37,43
RMPS090001,52,113,165,8,6,14,8,37,45
TOEE836018,1,48,49,0,14,14,9,18,27
RASL020007,25,85,110,3,19,22,7,24,31
CEEE04401X,2,65,67,0,24,24,7,14,21
SAEE8AB02R,3,63,66,1,14,15,11,24,35
NUMM865077,12,15,27,1,2,3,4,20,24
CSRA06402A,59,82,141,5,36,41,30,23,53
SAMM815016,14,19,33,1,3,4,6,9,15
CNPC007015,24,70,94,4,15,19,11,16,27
FRRI026026,62,76,138,3,19,22,13,25,38
PCMM81602P,5,33,38,0,8,8,3,36,39
TOEE8BJ02G,5,69,74,2,16,18,6,29,35
CHEE03602P,2,50,52,0,12,12,1,23,24
BSMM8AB01L,20,58,78,3,16,19,6,27,33
PVEE82002D,9,62,71,6,16,22,8,22,30
CSTD023019,22,43,65,4,11,15,13,9,22
TORC02601P,75,125,200,26,36,62,11,30,41
SOEE81902E,1,58,59,0,9,9,7,19,26
PRMM82901L,11,25,36,2,3,5,2,27,29
SAEE81902G,1,29,30,1,6,7,7,12,19
NAMM0CS00D,1,29,30,1,6,7,7,12,19
CHEE83501R,4,65,69,1,20,21,8,20,28
ISEE83401G,3,61,64,2,19,21,11,26,37
NAPS12001N,34,107,141,5,14,19,18,13,31
BSEE85901V,4,51,55,1,11,12,1,24,25
LTEE82403D,3,72,75,2,23,25,3,22,25
BGMM834011,8,26,34,3,3,6,0,18,18
PDMM88701A,7,39,46,2,8,10,12,16,28
SOEE80604E,2,55,57,2,13,15,7,24,31
VREE836029,6,54,60,3,13,16,9,17,26
VTEE805028,2,54,56,0,21,21,5,18,23
TVTD00901L,44,80,124,7,11,18,12,28,40
BOEE805021,6,86,92,2,17,19,8,29,37
FRTL01701B,6,86,92,2,17,19,8,29,37
CBPM070004,4,8,12,1,0,1,4,17,21
MBEE8BZ01V,3,33,36,0,10,10,1,23,24
MESD016503,45,81,126,9,26,35,0,0,0
BGMM841014,16,34,50,3,4,7,6,25,31
PVPS05000Q,28,62,90,0,0,0,3,22,25
BAEE80101N,1,29,30,0,9,9,8,11,19
FEEE80005Q,1,29,30,0,9,9,8,11,19
RIRH02000T,15,27,42,6,7,13,2,0,2
SAMM8AN016,11,24,35,3,8,11,6,18,24
OREE825013,1,41,42,0,13,13,3,22,25
ANTF013021,74,128,202,17,43,60,17,29,46
CZEE856069,1,53,54,0,15,15,9,21,30
NAEE8FG02E,2,56,58,1,19,20,12,15,27
FRMM81202D,4,17,21,0,5,5,7,12,19
ROEE81901N,3,41,44,1,9,10,3,20,23
TPEE83304T,2,42,44,0,16,16,9,16,25
PAEE89501E,5,27,32,2,3,5,0,0,0
MIEE8GD013,6,74,80,4,22,26,9,23,32
BGMM804026,4,9,13,0,1,1,4,20,24
CEEE8A6071,4,69,73,0,17,17,9,23,32
BRMM826013,10,22,32,1,5,6,10,9,19
SAEE074014,4,68,72,2,17,19,11,10,21
PCEE005019,2,79,81,1,28,29,2,26,28
GRMM81701Q,12,29,41,3,8,11,9,22,31
SAEE8BL038,1,22,23,0,4,4,7,17,24
PAPS00401Q,48,144,192,15,76,91,24,22,46
ATMM81403L,10,28,38,3,8,11,7,25,32
BAPM010001,14,70,84,1,11,12,3,17,20
TPTL01402L,81,69,150,6,12,18,24,21,45
LCMM03900L,81,69,150,6,12,18,24,21,45
MSMM80502C,6,12,18,0,6,6,0,12,12
NOEE821057,1,74,75,0,23,23,14,19,33
ANRI01101B,60,79,139,4,18,22,13,20,33
AGMM850012,11,17,28,3,1,4,13,4,17
PDMM853039,10,29,39,0,1,1,6,26,32
NAPC11601V,34,65,99,2,3,5,11,14,25
TVEE84503D,5,50,55,0,9,9,1,18,19
GETD00301G,35,130,165,6,16,22,14,32,46
VCEE80001L,3,39,42,1,11,12,6,20,26
PREE020018,4,90,94,1,24,25,1,28,29
LTEE81403V,2,40,42,0,10,10,10,14,24
TOMM8AV016,12,30,42,1,9,10,6,24,30
FGTD21002X,12,30,42,1,9,10,6,24,30
FIEE81402T,3,32,35,1,4,5,7,17,24
MEMM87301V,7,34,41,0,7,7,9,19,28
ANEE80901N,2,26,28,0,8,8,5,20,25
TREE004022,2,74,76,0,30,30,2,28,30
NUPC010006,8,46,54,0,1,1,7,11,18
UDEE01700G,4,13,17,0,1,1,0,0,0
CTRH024016,35,46,81,5,15,20,16,14,30
FGTD061012,51,103,154,15,30,45,25,6,31
CAMM882016,11,49,60,5,13,18,2,20,22
MBEE86801L,3,79,82,1,21,22,8,24,32
ENEE704015,3,79,82,1,21,22,8,24,32
LEMM8AE019,5,26,31,3,9,12,13,13,26
MBPS05301B,38,81,119,6,6,12,4,24,28
VIMM855018,12,36,48,2,5,7,11,20,31
SSRH07000E,54,66,120,12,26,38,21,49,70
TOEE88004D,5,41,46,2,10,12,2,28,30
NAMM701011,5,41,46,2,10,12,2,28,30
RMEE8GC02R,6,104,110,4,31,35,6,19,25
TOMM80902X,8,12,20,1,0,1,9,18,27
RMMM8FZ013,6,28,34,1,6,7,5,14,19
NAMM8E801N,28,73,101,6,22,28,8,17,25
ALMM82201C,4,21,25,1,5,6,5,22,27
BNMM82604A,8,22,30,1,2,3,8,20,28
VIRC01701G,65,129,194,10,21,31,19,27,46
CAEE82404A,1,58,59,1,15,16,10,22,32
CTMM710014,1,58,59,1,15,16,10,22,32
VTEE83601V,3,75,78,2,29,31,2,24,26
CZRI017017,51,67,118,4,24,28,22,20,42
PIEE837018,2,59,61,0,12,12,6,20,26
GEEE84202V,12,76,88,5,35,40,1,33,34
IMEE80503C,5,63,68,2,17,19,4,21,25
BOEE80905B,4,44,48,1,7,8,7,23,30
VIEE82502E,0,50,50,0,7,7,3,26,29
LIMM70301D,0,50,50,0,7,7,3,26,29
LEPM042018,0,50,50,0,7,7,3,26,29
TOMM8AA01V,10,35,45,2,10,12,7,34,41
PSEE811021,3,28,31,0,11,11,4,16,20
MIEE8A802Q,11,47,58,3,12,15,5,18,23
PZEE84203D,3,44,47,0,13,13,5,20,25
CTPS040009,30,100,130,0,1,1,12,37,49
APEE81005L,2,85,87,0,32,32,7,27,34
VREE832066,0,48,48,0,13,13,4,27,31
LEMM82701G,3,31,34,1,6,7,14,16,30
RIEE810045,2,31,33,1,7,8,4,20,24
TPEE81803P,11,60,71,7,23,30,15,15,30
RMEE8AL03E,3,29,32,1,8,9,2,14,16
SAEE89902C,2,58,60,0,21,21,18,12,30
BNEE83304E,4,44,48,0,6,6,9,15,24
RCEE81506T,6,61,67,3,14,17,13,19,32
FOMM80902E,7,19,26,2,4,6,4,17,21
PZMM82002E,17,23,40,1,5,6,9,18,27
BSMM89101N,7,19,26,1,3,4,3,16,19
PGEE864032,4,53,57,0,14,14,6,20,26
TOMM8A301E,16,50,66,2,18,20,11,35,46
CSTF06101A,52,67,119,5,18,23,21,13,34
RMPS09402A,60,120,180,6,22,28,14,25,39
CSTD069514,38,70,108,2,10,12,0,0,0
VEEE820024,6,78,84,2,15,17,9,24,33
BNRI02701T,47,60,107,2,14,16,14,21,35
PCRA002031,62,153,215,13,45,58,23,43,66
SIRI004018,56,151,207,14,57,71,18,29,47
TORA00601E,52,80,132,18,27,45,22,33,55
NAMM8AA01C,9,10,19,3,3,6,10,9,19
BARI004518,9,10,19,3,3,6,10,9,19
VREE846031,8,50,58,4,9,13,5,26,31
FEEE810038,1,53,54,0,14,14,4,23,27
BSEE8AF022,3,50,53,0,13,13,4,20,24
AQEE81701T,3,50,53,0,13,13,4,20,24
CSRI02201V,35,65,100,5,21,26,20,12,32
ROMM808016,8,35,43,2,9,11,4,18,22
BGEE89002B,1,48,49,0,10,10,3,18,21
RMMM8DW01A,9,48,57,2,11,13,3,22,25
PZEE86901B,2,31,33,0,2,2,6,13,19
BAEE07100X,3,72,75,2,21,23,11,11,22
NAEE34800P,1,51,52,0,23,23,8,7,15
PVEE81803E,9,73,82,5,19,24,6,22,28
RCMM82908R,16,25,41,4,3,7,15,14,29
SSRA01602Q,70,84,154,15,22,37,20,31,51
MCRC00801L,16,33,49,3,11,14,5,12,17
CETD22000B,58,77,135,19,15,34,16,10,26
RNMM820014,5,23,28,1,12,13,5,17,22
PDMM889012,6,33,39,2,7,9,5,17,22
CHMM059008,7,11,18,0,2,2,0,0,0
LCEE822029,0,60,60,0,13,13,4,19,23
MEEE842018,5,56,61,1,18,19,7,26,33
CBPM040008,34,99,133,6,27,33,6,16,22
PTEE811079,5,95,100,0,24,24,14,30,44
MNEE80802N,4,89,93,2,33,35,7,27,34
AGEE81502R,3,25,28,1,10,11,17,5,22
MERI01601D,45,81,126,9,26,35,18,19,37
MIRC094019,52,89,141,8,25,33,18,15,33
ALMM838023,17,62,79,4,17,21,11,25,36
LORA001013,44,105,149,10,26,36,13,27,40
TAEE844029,2,45,47,2,11,13,9,13,22
BNEE850015,2,32,34,1,8,9,9,11,20
RMEE221041,4,106,110,0,25,25,5,25,30
MIRC016014,65,84,149,14,21,35,12,22,34
NAEE14300T,0,62,62,0,21,21,15,12,27
CTMM815014,13,51,64,2,19,21,2,17,19
PCEE807076,4,49,53,0,8,8,0,29,29
TAMM82201A,10,25,35,0,9,9,10,15,25
BATD06951N,10,25,35,0,9,9,10,15,25
METD037015,26,45,71,5,2,7,16,16,32
COEE84405G,6,63,69,0,14,14,4,23,27
FREE85901P,2,62,64,1,24,25,3,28,31
MTEE81702V,1,48,49,0,15,15,9,8,17
MOMM832015,5,14,19,2,2,4,1,22,23
SSMM81102D,14,23,37,2,6,8,6,12,18
CHMM80601Q,7,31,38,1,10,11,6,19,25
LTPS001028,53,126,179,5,25,30,12,24,36
VBEE81003P,53,126,179,5,25,30,12,24,36
VBEE81702C,5,79,84,1,22,23,8,27,35
VTMM821014,17,38,55,7,13,20,8,30,38
BSMM878017,12,33,45,3,10,13,12,17,29
SOMM82102D,8,26,34,1,7,8,4,28,32
PARH00450T,48,144,192,15,76,91,0,0,0
MIMM8GF01N,16,36,52,6,7,13,10,18,28
UDEE85801T,6,71,77,3,22,25,5,26,31
CEEE8A4013,4,61,65,2,11,13,11,17,28
NUEE82901V,1,24,25,0,5,5,2,16,18
CSRH01051E,19,43,62,4,11,15,17,24,41
BATE04901E,43,118,161,8,35,43,13,18,31
RCEE84506N,3,47,50,1,10,11,6,22,28
AGRI022501,49,75,124,8,17,25,0,0,0
PAMM82302L,8,20,28,3,3,6,10,7,17
MTEE831014,3,58,61,1,10,11,6,24,30
UDTD01401C,3,58,61,1,10,11,6,24,30
MOEE840015,6,81,87,3,26,29,11,21,32
RMEE8EM01A,3,68,71,1,21,22,6,19,25
NURI014507,57,61,118,3,12,15,0,0,0
COMM81502B,17,28,45,3,8,11,4,28,32
MIMM81901D,7,45,52,2,11,13,11,22,33
PDMM854024,8,35,43,4,3,7,5,24,29
NARI103015,30,93,123,4,33,37,10,10,20
VBEE819024,0,62,62,0,15,15,4,29,33
FEMM82502X,10,46,56,6,12,18,1,32,33
UDTF01602B,142,137,279,4,5,9,40,39,79
MNEE819013,2,42,44,0,10,10,2,23,25
FGTD01301L,43,38,81,6,9,15,12,10,22
NAPS09901D,24,74,98,4,20,24,6,20,26
TRMM809023,6,26,32,1,9,10,1,21,22
LEEE89701V,1,41,42,0,11,11,7,15,22
FGMM82502E,4,25,29,0,6,6,14,5,19
ARRI00701G,55,94,149,6,34,40,15,21,36
COPS007011,52,129,181,4,15,19,25,20,45
PAEE8A401T,1,22,23,0,5,5,14,6,20
CTEE045001,3,47,50,0,12,12,7,14,21
MIMM0CE00B,3,47,50,0,12,12,7,14,21
VREE817042,2,52,54,1,10,11,9,14,23
VAPC00101L,29,83,112,0,6,6,8,24,32
ATMM808028,8,32,40,3,7,10,4,25,29
VREE88501D,2,75,77,0,17,17,6,22,28
VRMM87201A,19,43,62,4,10,14,5,32,37
POEE80801D,10,72,82,2,18,20,5,35,40
ARMM81501Q,4,25,29,3,7,10,2,18,20
PTRI002012,57,129,186,15,59,74,12,28,40
CSEE85506N,1,32,33,0,3,3,11,13,24
PIMM81302Q,8,14,22,2,2,4,2,22,24
MBMM87101B,11,24,35,3,6,9,3,17,20
MIEE8F0015,1,72,73,1,12,13,14,14,28
LEEE8AD01E,1,43,44,0,11,11,6,18,24
VITF010009,38,72,110,6,6,12,5,24,29
FRMM83202P,13,34,47,2,9,11,8,28,36
CAEE89801R,2,49,51,1,16,17,5,16,21
RMEE86702D,4,71,75,2,19,21,8,20,28
AQMM074001,4,71,75,2,19,21,8,20,28
PAEE8AU03X,0,55,55,0,17,17,9,15,24
BOEE809028,4,44,48,1,7,8,7,23,30
SAEE87201B,0,30,30,0,6,6,7,11,18
MTPS01602G,51,82,133,5,15,20,14,21,35
PGEE02112G,2,87,89,0,30,30,7,23,30
RMEE891019,3,55,58,0,15,15,1,26,27
BNEE814012,1,21,22,0,0,0,7,11,18
FREE830057,4,53,57,0,15,15,5,21,26
CTRH03005N,4,53,57,0,15,15,5,21,26
VTPC010003,25,81,106,1,5,6,9,16,25
CAPS006016,26,52,78,4,10,14,4,24,28
PGEE01501Q,2,20,22,0,8,8,0,0,0
TOEE8CD01L,7,89,96,1,26,27,5,33,38
BOMM816019,10,42,52,7,11,18,6,30,36
TVEE83604Q,3,80,83,1,19,20,7,21,28
VREE85205A,5,73,78,2,17,19,9,19,28
SAEE895036,3,76,79,0,25,25,9,23,32
TOEE853023,3,47,50,2,7,9,7,19,26
LEEE817045,2,54,56,1,17,18,14,10,24
BGMM89901Q,8,21,29,5,4,9,7,15,22
SVPC030001,15,37,52,2,4,6,2,20,22
BSEE82203A,1,28,29,0,3,3,3,9,12
NAEE8AA01D,0,36,36,0,14,14,10,9,19
PGSD026025,33,80,113,5,9,14,6,26,32
RCMM81001C,4,25,29,2,6,8,13,13,26
PAEE87202V,3,38,41,1,11,12,12,11,23
RMTD10901N,53,93,146,5,25,30,13,23,36
VREE85103C,4,50,54,1,18,19,2,17,19
VRMM860036,8,17,25,1,3,4,5,22,27
CAEE848106,2,71,73,0,15,15,11,38,49
APEE833026,0,70,70,0,24,24,5,25,30
AQEE815016,0,46,46,0,12,12,3,26,29
CNEE81108P,1,39,40,0,8,8,1,25,26
COEE84803R,1,45,46,0,11,11,12,15,27
NAMM885012,6,15,21,2,3,5,6,13,19
PAEE113021,2,81,83,1,32,33,8,16,24
APEE81105C,5,29,34,0,6,6,2,23,25
SRPS150001,29,91,120,5,23,28,14,17,31
BAMM809017,8,46,54,1,18,19,5,22,27
BNEE844041,2,62,64,1,14,15,3,24,27
RMEE8E102X,4,61,65,1,20,21,3,24,27
RMEE8FK019,2,56,58,2,19,21,5,15,20
NAPC180005,17,59,76,1,7,8,7,16,23
PNEE83402A,2,91,93,0,16,16,6,38,44
VEMM85701L,6,30,36,0,5,5,1,34,35
TAMM84301B,7,35,42,2,15,17,5,15,20
TVMM86503N,10,34,44,2,8,10,7,29,36
MSEE823012,2,44,46,1,16,17,3,25,28
BGTD150004,6,8,14,1,0,1,0,0,0
SARF06802G,55,103,158,7,25,32,25,14,39
RAEE82905D,5,49,54,1,6,7,7,23,30
AVEE83203T,1,30,31,0,2,2,2,18,20
MEEE84806C,4,47,51,3,7,10,9,18,27
BNEE84601D,0,34,34,0,5,5,7,9,16
SAEE8AH04T,2,33,35,1,4,5,12,12,24
TPEE05807A,3,57,60,1,15,16,13,7,20
RMEE30703E,2,83,85,1,26,27,8,19,27
MIRA01901L,2,83,85,1,26,27,8,19,27
RMMM8E901C,7,21,28,3,8,11,2,26,28
MEEE886078,1,72,73,1,17,18,16,28,44
SATH07101N,46,41,87,4,4,8,20,14,34
TOTD03701C,50,98,148,8,14,22,23,21,44
TVEE82301E,1,56,57,0,12,12,6,21,27
MIEE8A101X,7,39,46,3,10,13,6,16,22
PAEE830072,5,33,38,0,3,3,11,13,24
VCEE812053,1,35,36,0,5,5,4,26,30
MIMM8CC01Q,12,52,64,7,13,20,7,33,40
TAEE83003C,2,49,51,2,12,14,10,12,22
IMTN00650R,36,64,100,2,12,14,0,0,0
MIMM8BW01D,5,20,25,1,2,3,5,17,22
NAEE114031,2,59,61,0,16,16,11,8,19
VAMM86202P,12,37,49,7,6,13,6,17,23
CTEE82101C,0,38,38,0,5,5,6,17,23
NAMM8B901N,11,38,49,4,10,14,8,19,27
PDEE87802N,2,48,50,0,7,7,8,20,28
SOMM80501E,8,16,24,3,2,5,3,22,25
NAEE8EG01V,2,49,51,1,17,18,8,13,21
BAEE84201X,1,73,74,1,23,24,10,20,30
SAEE8AB03T,1,73,74,1,23,24,10,20,30
NUEE860086,5,45,50,2,8,10,10,24,34
UDTF01401P,85,49,134,1,4,5,10,18,28
NATD07601L,49,90,139,11,26,37,18,18,36
GEEE80502X,3,48,51,1,10,11,7,26,33
NUEE84101D,0,32,32,0,7,7,7,20,27
SSTA00301C,74,79,153,18,35,53,28,48,76
TEEE830051,1,79,80,0,25,25,8,27,35
CRMM80602Q,14,25,39,1,7,8,5,25,30
TOMM83501B,6,21,27,4,2,6,2,20,22
FOMM08900A,25,52,77,6,8,14,5,17,22
RCEE83201A,3,55,58,1,10,11,15,15,30
MOMM84701V,6,39,45,4,8,12,12,21,33
LCEE80903X,3,51,54,0,13,13,1,23,24
SAMM815027,14,19,33,1,3,4,6,9,15
NUMM850028,8,13,21,2,1,3,2,17,19
BREE81703B,1,54,55,0,14,14,12,11,23
CTEE8AH01L,2,48,50,0,21,21,6,15,21
GREE82106N,3,42,45,0,10,10,6,29,35
AGRH02050T,37,40,77,10,5,15,29,9,38
LIEE81502P,4,89,93,1,16,17,1,32,33
OREE81902R,4,52,56,1,15,16,4,27,31
MOEE84802R,10,122,132,7,35,42,5,37,42
TEEE81606Q,0,34,34,0,7,7,8,17,25
LETF051014,66,70,136,13,19,32,21,13,34
RGEE01401N,2,54,56,0,18,18,3,20,23
REMM855017,15,56,71,4,17,21,1,28,29
CREE811039,3,36,39,0,6,6,3,16,19
CTEE86102X,2,42,44,0,12,12,3,19,22
RMTD65000G,2,42,44,0,12,12,3,19,22
FREE842019,3,76,79,0,34,34,7,25,32
GEEE85602R,2,43,45,0,5,5,9,21,30
PNEE80802T,5,66,71,1,6,7,3,25,28
PIEE82002X,1,54,55,1,16,17,5,19,24
CASL01750T,46,98,144,7,28,35,0,0,0
MIEE8FE029,6,52,58,2,8,10,6,22,28
SSEE834016,3,66,69,1,18,19,4,18,22
CTEE04601T,3,42,45,0,9,9,9,9,18
PGTF029017,50,61,111,6,25,31,11,20,31
CSEE815045,3,32,35,1,7,8,18,11,29
TVEE85301A,3,51,54,0,9,9,3,21,24
VIMM84601D,8,13,21,2,2,4,6,17,23
NAMM8F701C,13,26,39,4,10,14,7,13,20
PIEE825012,2,69,71,1,25,26,8,25,33
VAMM87501Q,10,47,57,4,9,13,4,31,35
SAMM86201Q,7,41,48,2,11,13,11,20,31
ATEE80106P,1,45,46,0,12,12,10,26,36
MOTE02101G,38,143,181,2,7,9,17,36,53
MIMM8BH018,4,35,39,3,6,9,7,21,28
ANMM842018,10,41,51,1,4,5,7,36,43
CSMM851069,7,50,57,0,9,9,16,21,37
TOMM89101Q,13,25,38,5,5,10,8,27,35
GRPS00702Q,21,49,70,3,3,6,6,16,22
PGPC07000G,18,90,108,4,16,20,4,20,24
VTSL008014,65,138,203,17,59,76,16,21,37
RITD090006,6,11,17,0,1,1,0,1,1
PDMM89404L,13,46,59,1,2,3,8,32,40
CTMM89001T,10,32,42,3,8,11,11,13,24
CHPS00301T,36,49,85,7,22,29,7,15,22
BGRF00601L,25,58,83,3,12,15,11,17,28
NUEE821018,1,46,47,0,7,7,1,22,23
SAEE075065,4,81,85,1,21,22,13,13,26
SSTH02301T,32,51,83,8,15,23,5,18,23
SAMM89201G,7,21,28,1,3,4,10,8,18
MIMM8CE01B,7,41,48,3,9,12,8,21,29
PZRI03101P,39,46,85,2,2,4,8,20,28
ATTD006022,21,54,75,1,3,4,4,19,23
UDEE823031,2,55,57,0,5,5,5,23,28
RMEE8AK02N,1,66,67,0,14,14,6,23,29
LTEE814051,2,40,42,0,10,10,10,14,24
BSEE895012,7,46,53,2,6,8,7,17,24
TSTD030007,12,15,27,0,0,0,1,7,8
BSMM829012,14,25,39,4,4,8,7,22,29
REMM835012,18,52,70,7,12,19,4,28,32
PCMM70401E,18,52,70,7,12,19,4,28,32
SAEE8AP053,3,41,44,1,9,10,4,16,20
RIEE807038,2,19,21,1,2,3,4,13,17
MBSL10601G,58,83,141,1,10,11,13,29,42
TPEE81202P,4,69,73,2,28,30,8,16,24
SAEE8A405G,4,54,58,2,15,17,6,19,25
PVEE82003E,9,62,71,6,16,22,8,22,30
VAMM836026,5,40,45,3,8,11,5,16,21
PREE82905T,5,58,63,2,14,16,2,27,29
APEE821075,3,69,72,0,16,16,6,37,43
TAMM80501L,6,25,31,2,9,11,4,9,13
RATD01000G,39,100,139,3,12,15,10,28,38
LTEE825017,0,20,20,0,5,5,4,9,13
VCEE81301P,3,41,44,1,13,14,7,16,23
BGEE834089,3,55,58,1,9,10,0,18,18
PDEE88704E,8,92,100,2,18,20,12,16,28
TVEE876046,3,102,105,2,21,23,10,31,41
PGEE813024,0,12,12,0,2,2,2,13,15
CNRI00450A,66,103,169,16,34,50,0,0,0
NAEE8E801P,2,27,29,2,12,14,8,17,25
NAPC04601T,16,55,71,3,13,16,12,11,23
FRPS00602Q,33,65,98,1,3,4,5,24,29
FRTD01751A,33,65,98,1,3,4,5,24,29
FGRC001013,25,36,61,6,4,10,12,3,15
CTMM150008,25,36,61,6,4,10,12,3,15
SOEE80506R,7,60,67,2,15,17,3,22,25
RCEE825017,2,70,72,0,23,23,19,8,27
BGMM841025,16,34,50,3,4,7,6,25,31
NAEE17800R,1,69,70,0,14,14,7,19,26
MIMM8FQ02Q,21,44,65,6,8,14,6,29,35
PDMM88001G,21,44,65,6,8,14,6,29,35
BAEE80002V,0,44,44,0,11,11,4,14,18
BGMM18600E,0,44,44,0,11,11,4,14,18
ROEE803047,4,72,76,2,19,21,8,25,33
NAPS12000L,34,107,141,5,14,19,18,13,31
FGEE86601R,2,51,53,1,20,21,13,14,27
SOTD07050B,28,29,57,0,3,3,6,16,22
CREE81001B,1,32,33,0,8,8,4,21,25
PEEE052003,3,57,60,0,16,16,8,17,25
FOEE80902G,1,34,35,0,6,6,4,17,21
PAMM89501D,7,23,30,1,3,4,0,0,0
MIEE8GD024,6,74,80,4,22,26,9,23,32
VVEE817025,4,38,42,1,2,3,13,8,21
LCMM815014,11,31,42,5,9,14,9,18,27
NOMM812017,11,39,50,3,8,11,7,27,34
SREE82101L,3,51,54,3,15,18,8,22,30
TPTF014519,81,69,150,6,12,18,0,0,0
FEEE82501X,5,79,84,3,23,26,1,32,33
MIMM815016,6,31,37,0,12,12,8,16,24
SSMM805015,4,17,21,0,3,3,1,15,16
MIEE8DW01V,9,90,99,2,23,25,9,24,33
MOEE82102R,1,86,87,0,20,20,9,28,37
TVEE84502C,5,50,55,0,9,9,1,18,19
GETD00302L,5,50,55,0,9,9,1,18,19
PSEE83301R,3,70,73,1,30,31,7,33,40
BGMM81301X,6,34,40,1,4,5,7,23,30
OREE825024,1,41,42,0,13,13,3,22,25
CZEE856025,1,53,54,0,15,15,9,21,30
CTRH00601L,44,49,93,5,11,16,18,19,37
BAMM294009,13,52,65,3,13,16,4,11,15
MEMM87402Q,12,31,43,2,5,7,11,23,34
CLMM830015,10,44,54,3,10,13,17,11,28
ENMM824016,16,22,38,2,6,8,16,5,21
RCEE85303D,5,79,84,3,26,29,15,17,32
SVEE80306D,2,50,52,0,11,11,5,28,33
VAMM823013,11,15,26,4,3,7,7,10,17
CSMM865012,11,42,53,1,12,13,18,12,30
VIEE848016,2,25,27,0,7,7,3,17,20
UDEE01701L,4,13,17,0,1,1,0,0,0
NAEE8F501T,1,32,33,0,12,12,10,6,16
MIEE8BH019,4,70,74,2,15,17,7,21,28
VTMM813026,5,37,42,3,14,17,11,15,26
TOEE89101R,3,65,68,2,14,16,8,27,35
CTRI02402P,3,65,68,2,14,16,8,27,35
RCRC026025,47,72,119,10,27,37,12,17,29
BAEE89301R,3,55,58,1,25,26,8,11,19
RIMM828016,11,26,37,3,10,13,0,28,28
CAEE833034,2,33,35,0,8,8,4,11,15
TREE004685,2,74,76,0,30,30,2,28,30
SAEE84104V,5,44,49,1,10,11,9,16,25
FEEE824014,3,46,49,1,12,13,6,22,28
FGMM835014,14,31,45,1,6,7,10,16,26
VIMM856014,7,37,44,2,7,9,9,18,27
FIMM862015,17,48,65,4,15,19,6,34,40
PEEE830016,2,47,49,0,16,16,3,29,32
NATF19050A,76,61,137,5,8,13,15,18,33
MTEE83404P,2,25,27,1,1,2,8,12,20
RMEE8GY01V,4,63,67,2,17,19,5,21,26
CRMM825014,10,34,44,4,11,15,7,26,33
ANEE81003X,3,50,53,1,15,16,3,20,23
TREE004674,2,74,76,0,30,30,2,28,30
VREE87603R,0,57,57,0,11,11,3,20,23
NUPM03000G,29,48,77,3,13,16,6,15,21
VRMM86302L,14,27,41,4,6,10,7,25,32
FGPC05401X,26,38,64,3,13,16,8,7,15
MSTF018015,43,68,111,4,19,23,14,15,29
COTD00101T,50,56,106,9,9,18,8,24,32
CTTF03000R,57,66,123,7,18,25,18,17,35
CHEE838018,1,64,65,0,19,19,12,17,29
VITD01701V,65,129,194,10,21,31,19,27,46
CZTL017018,51,67,118,4,24,28,22,20,42
BGPM02601L,33,94,127,7,21,28,14,21,35
BIEE81904Q,10,64,74,5,16,21,16,39,55
MNEE82501A,4,67,71,2,20,22,9,22,31
LUEE82001G,2,39,41,0,13,13,2,23,25
ALMM82601Q,9,59,68,2,12,14,9,20,29
MIEE8A801P,11,47,58,3,12,15,5,18,23
ALEE83501G,5,44,49,0,10,10,11,17,28
MIMM8CT01V,13,36,49,4,13,17,8,21,29
SSRH07050X,54,66,120,12,26,38,21,49,70
CAMM888037,11,25,36,1,5,6,8,22,30
CHEE841025,0,62,62,0,19,19,4,21,25
MIMM85401R,24,48,72,12,9,21,7,21,28
BSEE8AA02V,3,75,78,0,15,15,8,19,27
MNEE819046,2,42,44,0,10,10,2,23,25
ATEE81506L,4,49,53,0,12,12,10,31,41
RMEE8FZ014,2,52,54,0,15,15,5,14,19
FRRI02651E,62,76,138,3,19,22,0,0,0
RMEE8EY03Q,3,75,78,1,21,22,6,17,23
NUEE86704R,3,26,29,0,4,4,2,15,17
ALMM82202D,4,21,25,1,5,6,5,22,27
CSRI05901D,14,16,30,2,3,5,1,0,1
NAEE8CG02P,2,42,44,1,9,10,14,6,20
BAEE06400R,0,94,94,0,40,40,9,18,27
RCMM81503N,12,26,38,3,7,10,13,19,32
BNTF02701P,47,60,107,2,14,16,14,21,35
VTEE836042,3,75,78,2,29,31,2,24,26
BSMM8AB02N,20,58,78,3,16,19,6,27,33
SIRC00402L,20,58,78,3,16,19,6,27,33
TORA00650V,20,58,78,3,16,19,6,27,33
CTEE867085,20,58,78,3,16,19,6,27,33
VIMM826018,2,23,25,1,3,4,3,16,19
TRMM81504C,6,37,43,2,9,11,6,22,28
CZEE843067,0,31,31,0,3,3,10,15,25
VIMM878011,13,21,34,1,7,8,8,16,24
CEEE8AH01A,1,67,68,0,17,17,15,12,27
ROEE80804A,2,46,48,2,12,14,4,18,22
RMMM827011,12,18,30,3,11,14,2,18,20
BGEE89001A,1,48,49,0,10,10,3,18,21
CNEE85102V,1,68,69,0,16,16,8,24,32
BSMM816021,1,68,69,0,16,16,8,24,32
MBRI063028,1,68,69,0,16,16,8,24,32
LOEE813017,2,72,74,1,15,16,8,24,32
VBEE00202Q,1,47,48,0,18,18,3,18,21
PAEE848022,1,38,39,0,9,9,7,12,19
PZMM89201B,10,27,37,0,6,6,3,18,21
CETD22050R,58,77,135,19,15,34,16,10,26
PDEE889024,1,45,46,0,11,11,5,17,22
CHMM05907G,7,11,18,0,2,2,0,0,0
BGEE864041,0,32,32,0,3,3,0,20,20
SPEE82104E,2,81,83,0,26,26,5,30,35
BAEE88201A,2,78,80,1,27,28,5,23,28
PCRA002507,62,153,215,13,45,58,0,0,0
AGEE81501Q,3,25,28,1,10,11,17,5,22
BLEE825052,2,29,31,0,5,5,5,24,29
BLEE81701V,2,9,11,0,0,0,3,5,8
LOTD001019,44,105,149,10,26,36,13,27,40
PGMM825018,9,19,28,3,6,9,4,14,18
BAMM817016,5,24,29,1,8,9,7,8,15
BNMM850036,4,17,21,0,2,2,9,11,20
RMEE8B1013,3,73,76,2,22,24,7,20,27
SAEE16101V,4,55,59,2,20,22,8,15,23
TAEE82201B,5,51,56,2,12,14,10,15,25
AVEE86201G,3,45,48,1,16,17,5,22,27
COEE84702X,2,48,50,1,13,14,3,24,27
PEEE052058,3,57,60,0,16,16,8,17,25
FREE814015,2,50,52,1,12,13,7,21,28
LTTF001019,53,126,179,5,25,30,12,24,36
VTEE821026,3,76,79,1,32,33,8,30,38
PIMM82803E,11,28,39,0,7,7,4,32,36
FOEE81202B,1,25,26,0,2,2,3,14,17
BSEE87803A,4,77,81,2,23,25,12,17,29
PAPM00401R,48,144,192,15,76,91,24,22,46
ANPS011016,60,79,139,4,18,22,13,20,33
CEMM8A4012,15,27,42,4,4,8,11,17,28
PDTF007015,49,70,119,3,10,13,13,23,36
BLEE833051,7,67,74,1,15,16,10,31,41
SSMM805037,4,17,21,0,3,3,1,15,16
NARI114511,53,50,103,10,19,29,0,0,0
GERC003018,35,130,165,6,16,22,14,32,46
MITF01601N,65,84,149,14,21,35,12,22,34
CTEE815015,0,36,36,0,11,11,2,17,19
FREE848018,2,63,65,1,20,21,4,24,28
PDEE854047,2,61,63,1,7,8,5,24,29
CBMM85301R,10,14,24,2,2,4,4,18,22
PATH03601R,70,68,138,3,10,13,23,19,42
PCEE807065,4,49,53,0,8,8,0,29,29
VBMM819012,12,39,51,0,11,11,4,29,33
UDTF01651Q,142,137,279,4,5,9,0,0,0
METD110001,37,54,91,6,15,21,10,14,24
ANMM700019,37,54,91,6,15,21,10,14,24
NATD087013,22,120,142,3,15,18,16,19,35
APEE81103A,5,29,34,0,6,6,2,23,25
SRMM702019,5,29,34,0,6,6,2,23,25
FGTD013512,43,38,81,6,9,15,0,0,0
CETD00403V,30,68,98,4,7,11,10,15,25
VBMM81001G,30,68,98,4,7,11,10,15,25
CNEE82403G,5,29,34,1,4,5,4,11,15
NAEE8GA037,5,29,34,1,4,5,4,11,15
BAMM89301Q,4,22,26,1,10,11,8,11,19
NAEE8D901X,1,46,47,0,5,5,5,16,21
CTEE8A901C,6,78,84,2,29,31,8,17,25
VRMM81701T,7,16,23,2,2,4,9,14,23
MIEE8C401L,9,88,97,3,19,22,9,21,30
VREE887015,1,61,62,1,8,9,4,17,21
COMM82001T,7,15,22,2,3,5,4,11,15
TOMM8BP02D,12,30,42,6,5,11,12,26,38
BOMM847033,12,30,42,6,5,11,12,26,38
PGEE80902C,1,40,41,0,8,8,2,19,21
PVMM801012,16,27,43,8,8,16,8,19,27
LEEE8AD02G,1,43,44,0,11,11,6,18,24
FEEE825043,5,79,84,3,23,26,1,32,33
FGMM827015,7,37,44,0,7,7,8,17,25
LEMM840012,6,33,39,0,8,8,10,12,22
CZEE814023,0,42,42,0,7,7,9,8,17
LUMM82601D,6,21,27,1,5,6,0,21,21
AQMM060003,7,17,24,1,2,3,1,8,9
PIEE84202R,2,42,44,0,10,10,8,25,33
IMEE80008E,4,45,49,0,4,4,5,21,26
FGEE82503L,1,43,44,0,8,8,14,5,19
BOMM809027,10,23,33,2,5,7,7,23,30
VAPS00101Q,29,83,112,0,6,6,8,24,32
BARH03301B,43,112,155,11,38,49,12,26,38
BAEE804015,2,35,37,0,10,10,2,16,18
IMEE80506G,5,63,68,2,17,19,4,21,25
TOMM865017,11,26,37,1,6,7,6,31,37
ROEE81605A,6,66,72,0,21,21,6,28,34
AVPS06000B,21,87,108,1,12,13,10,20,30
VITF020509,95,59,154,2,2,4,20,25,45
TPEE83501A,4,55,59,2,22,24,6,18,24
CTRH03050T,86,174,260,22,73,95,36,32,68
PGEE869024,86,174,260,22,73,95,36,32,68
VTPM010007,42,90,132,6,29,35,10,13,23
CZEE87303X,2,41,43,0,5,5,14,13,27
CATD006012,26,52,78,4,10,14,4,24,28
BIEE81403G,6,76,82,6,20,26,9,24,33
TVMM83601G,13,37,50,4,9,13,7,21,28
CTEE882021,5,49,54,1,22,23,7,18,25
CSEE590026,3,50,53,0,8,8,9,11,20
RMPS094019,60,120,180,6,22,28,14,25,39
MSEE01409L,60,120,180,6,22,28,14,25,39
TOEE853012,3,47,50,2,7,9,7,19,26
APMM825026,12,29,41,4,9,13,4,33,37
VETF008013,68,97,165,5,28,33,35,43,78
FGEE857023,1,72,73,1,34,35,15,17,32
VRMM8AA02X,10,35,45,1,6,7,10,14,24
TOTF00401B,48,88,136,7,9,16,9,25,34
NAMM8A8017,2,32,34,1,7,8,9,18,27
TPEE824021,6,54,60,4,20,24,10,17,27
TRMM817022,5,14,19,2,1,3,1,21,22
BSMM852013,8,34,42,2,7,9,5,26,31
TOEE8AS05X,4,49,53,0,8,8,10,28,38
TVEE85201E,3,59,62,1,13,14,8,15,23
RCMM81003E,4,25,29,2,6,8,13,13,26
BSMM8AF01X,5,29,34,0,5,5,4,20,24
PAEE87203X,3,38,41,1,11,12,12,11,23
MTTD01651Q,51,82,133,5,15,20,0,0,0
CTEE04700L,3,32,35,1,7,8,6,10,16
VIEE827015,1,34,35,0,9,9,3,21,24
CSRA022017,35,65,100,5,21,26,20,12,32
NAMM8FM011,9,45,54,2,19,21,7,13,20
RMTD109513,53,93,146,5,25,30,0,0,0
VRMM852026,6,37,43,1,8,9,9,19,28
SAMM8BR014,6,17,23,1,3,4,14,10,24
MIEE824012,4,83,87,0,13,13,12,16,28
VREE860059,2,40,42,0,8,8,5,22,27
RAEE810018,8,66,74,1,22,23,4,30,34
PGEE01500P,2,20,22,0,8,8,0,0,0
VREE853012,0,50,50,0,9,9,1,21,22
SIEE822047,8,80,88,2,24,26,3,29,32
MOPM021019,38,143,181,2,7,9,17,36,53
LTEE804049,2,74,76,1,38,39,8,23,31
TOTD06851D,74,110,184,17,22,39,0,0,0
SSRI01850A,45,61,106,13,19,32,0,0,0
RMEE83703P,3,67,70,1,23,24,4,23,27
BSMM823013,4,21,25,0,5,5,3,20,23
RMEE8FL015,5,111,116,2,29,31,4,25,29
LTEE82904N,2,61,63,2,22,24,10,20,30
MCEE804018,1,25,26,0,5,5,7,16,23
BAEE81603D,6,97,103,5,37,42,5,26,31
VEEE85703Q,3,64,67,1,8,9,1,34,35
TAEE84301C,0,54,54,0,21,21,5,15,20
RCEE81704B,2,41,43,1,14,15,8,10,18
RMEE8B201V,4,63,67,2,21,23,7,19,26
GOEE801036,2,41,43,0,9,9,4,22,26
MSMM823011,6,49,55,2,14,16,3,25,28
CHTD00301N,36,49,85,7,22,29,7,15,22
AVEE83201Q,1,30,31,0,2,2,2,18,20
SPPS01000C,28,62,90,0,5,5,12,23,35
CSEE878015,3,26,29,0,5,5,11,7,18
RMEE30704G,2,83,85,1,26,27,8,19,27
CZEE84602E,2,43,45,1,8,9,10,10,20
CHEE813032,0,37,37,0,8,8,4,16,20
TAEE83001A,2,49,51,2,12,14,10,12,22
LTEE82801P,1,37,38,0,13,13,7,12,19
IMTD00601E,36,64,100,2,12,14,9,20,29
LTEE817018,2,45,47,1,24,25,9,16,25
KRTL00951N,57,100,157,16,20,36,0,0,0
MEMM84401V,8,25,33,2,5,7,10,19,29
PNEE83403B,2,91,93,0,16,16,6,38,44
GEMM80502V,10,24,34,0,5,5,7,26,33
TEMM82201R,11,45,56,3,19,22,7,28,35
PDPC014013,82,139,221,5,17,22,17,36,53
BGTF01050C,114,90,204,4,9,13,27,32,59
CHEE83604Q,114,90,204,4,9,13,27,32,59
BAEE04500B,2,56,58,1,13,14,4,20,24
NAMM81501Q,6,24,30,2,9,11,10,11,21
PIMM832014,7,26,33,3,9,12,5,27,32
NASL102011,31,109,140,4,32,36,16,16,32
BAMM855011,6,42,48,2,10,12,4,27,31
BSEE887035,4,53,57,0,11,11,4,24,28
SAEE83401L,1,24,25,0,6,6,7,9,16
MITD019518,52,116,168,10,18,28,0,0,0
CNMM83101G,9,31,40,2,8,10,6,30,36
NUEE865067,2,22,24,0,3,3,4,20,24
MEEE88701T,0,52,52,0,17,17,5,19,24
LIEE81403X,1,110,111,0,51,51,7,28,35
SAEE815017,1,27,28,0,6,6,6,9,15
CTMM8AH01G,9,34,43,4,12,16,6,15,21
CSEE89601P,4,71,75,2,23,25,4,27,31
AGRH02001D,4,71,75,2,23,25,4,27,31
VVMM83001D,14,20,34,5,3,8,17,9,26
MOEE84801Q,10,122,132,7,35,42,5,37,42
FREE85501B,3,59,62,1,16,17,4,26,30
BAEE842032,1,73,74,1,23,24,10,20,30
PNEE81306D,5,97,102,4,12,16,3,39,42
NAEE218002,0,64,64,0,33,33,8,11,19
BOEE87301E,6,67,73,1,20,21,4,20,24
PRMM82801R,11,29,40,5,4,9,7,21,28
SAMM823015,5,10,15,0,0,0,6,9,15
RMEE8F702D,1,88,89,0,39,39,13,17,30
CSMM85501B,6,20,26,0,3,3,11,13,24
SREE810038,2,39,41,0,15,15,6,12,18
NOEE82803X,3,54,57,2,16,18,9,25,34
CSEE815067,3,32,35,1,7,8,18,11,29
TVMM853019,10,32,42,2,6,8,3,21,24
LCEE80901T,3,51,54,0,13,13,1,23,24
LEEE840046,3,41,44,1,14,15,10,12,22
VTEE805017,2,54,56,0,21,21,5,18,23
VREE89405C,2,61,63,1,13,14,5,23,28
PREE80803P,1,66,67,0,14,14,4,36,40
PGMM86101B,4,25,29,1,7,8,5,22,27
MTEE81802P,2,34,36,1,6,7,6,13,19
MIRC08901T,77,117,194,28,44,72,22,22,44
ANEE81302A,2,36,38,0,8,8,4,25,29
CSEE85106A,4,61,65,0,17,17,16,21,37
GRPS00701P,21,49,70,3,3,6,6,16,22
RMMM8F3014,10,47,57,3,12,15,5,23,28
FRMM842018,9,28,37,2,9,11,7,25,32
MCMM834013,4,22,26,2,5,7,9,25,34
FREE83805T,1,52,53,0,17,17,6,22,28
TOEE809021,2,22,24,0,3,3,9,18,27
ANEE815055,3,66,69,1,11,12,5,32,37
SSEE834027,3,66,69,1,18,19,4,18,22
RITD09050G,6,11,17,0,1,1,0,1,1
ISEE81510L,2,65,67,1,11,12,11,24,35
CTEE89704R,4,77,81,2,26,28,11,25,36
PSEE831037,3,43,46,1,9,10,7,30,37
PITD07050L,36,64,100,2,5,7,4,22,26
CTEE89106X,4,66,70,1,24,25,11,18,29
CTTL00401D,71,78,149,6,31,37,18,26,44
RMEE89102A,3,55,58,0,15,15,1,26,27
GEEE83703C,3,77,80,2,21,23,1,25,26
BLEE829048,2,38,40,1,6,7,7,17,24
CSMM83204T,15,31,46,2,2,4,6,6,12
MIMM882011,13,42,55,4,11,15,7,26,33
SSEE84602D,5,58,63,0,19,19,4,23,27
LEEE85604Q,1,41,42,0,10,10,7,16,23
SAEE07510A,4,81,85,1,21,22,13,13,26
IMEE81302A,1,67,68,0,12,12,12,23,35
RGMM80102E,6,11,17,0,0,0,3,17,20
ATEE81403N,5,77,82,1,27,28,7,25,32
RMMM8A101B,9,44,53,4,16,20,7,21,28
TOMM8BS02A,10,35,45,2,12,14,12,27,39
SRRC01751B,41,56,97,7,7,14,0,0,0
CEPS02801D,72,87,159,18,20,38,26,8,34
FIMM832019,72,87,159,18,20,38,26,8,34
VRRI01802D,72,87,159,18,20,38,26,8,34
VCMM80001G,5,20,25,3,4,7,6,20,26
TVMM70602X,5,20,25,3,4,7,6,20,26
NAEE8DF01C,2,70,72,0,28,28,19,13,32
TSTE030504,33,68,101,0,6,6,11,17,28
FIEE81403V,3,32,35,1,4,5,7,17,24
BSEE829013,3,62,65,1,13,14,7,22,29
MISL04401L,61,98,159,4,10,14,11,26,37
SAEE8BR015,2,38,40,1,12,13,14,10,24
CEMM85403E,7,16,23,0,0,0,4,19,23
TOEE809043,2,22,24,0,3,3,9,18,27
SAEE8AP042,3,41,44,1,9,10,4,16,20
UDPC010005,16,36,52,0,0,0,1,15,16
BGEE856031,1,51,52,0,16,16,3,18,21
MBMM70501G,1,51,52,0,16,16,3,18,21
SAEE89203P,2,48,50,2,17,19,10,8,18
CNTL02201L,34,81,115,4,10,14,5,30,35
APPC02000B,32,73,105,2,4,6,9,26,35
VEEE82703X,3,66,69,1,10,11,2,23,25
PSMM703013,3,66,69,1,10,11,2,23,25
CTEE8AM05D,0,72,72,0,22,22,7,20,27
MBPC02000X,33,69,102,0,4,4,6,18,24
APEE821042,3,69,72,0,16,16,6,37,43
LTEE834023,0,57,57,0,20,20,5,19,24
MCEE80905G,0,57,57,0,20,20,5,19,24
PEEE830027,2,47,49,0,16,16,3,29,32
RATD010512,39,100,139,3,12,15,10,28,38
CEEE04505X,2,63,65,1,21,22,8,10,18
MTMM83401E,7,16,23,1,1,2,8,12,20
AQEE837035,3,36,39,1,6,7,6,21,27
CREE825015,2,55,57,2,15,17,7,26,33
GOEE81201E,4,37,41,1,1,2,8,24,32
CNRC00402A,66,103,169,16,34,50,10,26,36
VEEE869021,3,79,82,0,9,9,2,33,35
TAMM830019,8,21,29,0,5,5,10,12,22
PVMM835015,16,47,63,3,11,14,4,38,42
UDEE81802C,3,33,36,1,9,10,6,15,21
GERH01002N,3,33,36,1,9,10,6,15,21
FRRI00601X,33,65,98,1,3,4,5,24,29
AVMM85401G,5,16,21,0,0,0,7,9,16
CEEE869039,2,55,57,0,17,17,13,9,22
VAEE86201P,2,59,61,2,18,20,6,17,23
REEE81606V,1,27,28,0,1,1,6,14,20
TOEE8BH019,6,80,86,0,20,20,5,29,34
NAMM8B801T,7,19,26,3,7,10,11,17,28
BNEE826029,0,42,42,0,3,3,8,20,28
CTMM71201Q,0,42,42,0,3,3,8,20,28
RMMM8BC01N,5,20,25,2,3,5,2,16,18
KREE83201E,2,54,56,0,7,7,10,10,20
IMEE80501A,5,63,68,2,17,19,4,21,25
NAEE177023,1,66,67,0,12,12,11,13,24
RMEE8D505Q,0,82,82,0,28,28,5,23,28
PDEE88003P,5,46,51,1,11,12,5,26,31
CSEE887032,2,58,60,0,13,13,18,13,31
TVEE87505B,5,97,102,1,24,25,6,32,38
ROEE803069,4,72,76,2,19,21,8,25,33
MIEE8CV019,27,143,170,15,29,44,11,21,32
AVMM87001D,5,23,28,1,4,5,6,19,25
MNEE80202P,4,46,50,2,11,13,4,25,29
LEEE82701L,3,62,65,0,20,20,14,16,30
PAEE8AM01T,2,62,64,1,10,11,10,18,28
LTMM825016,2,13,15,0,4,4,4,9,13
PCMM81203C,12,44,56,6,10,16,9,37,46
PEMM806018,15,47,62,3,15,18,4,18,22
NASL051019,81,103,184,6,19,25,21,17,38
SREE852018,1,34,35,0,11,11,3,16,19
MOEE847021,6,44,50,1,13,14,12,21,33
BGEE834078,3,55,58,1,9,10,0,18,18
VVEE81810A,5,45,50,0,11,11,11,15,26
KREE818018,0,30,30,0,6,6,6,8,14
SOTD070002,28,29,57,0,3,3,6,16,22
BSEE844015,1,71,72,0,20,20,6,29,35
ANEE83401A,2,36,38,0,4,4,5,21,26
MORA011017,82,117,199,25,48,73,27,40,67
PZMM82001D,17,23,40,1,5,6,9,18,27
GRMM82104E,13,30,43,1,5,6,6,29,35
PZPC00202B,30,80,110,5,14,19,11,16,27
FGMM864014,25,45,70,11,11,22,16,8,24
LIMM81501L,5,29,34,3,7,10,1,32,33
ORMM819093,14,31,45,5,10,15,4,27,31
NOEE804019,2,66,68,1,16,17,19,18,37
CHMM83002N,7,22,29,3,4,7,5,23,28
NOEE81205C,2,75,77,1,17,18,7,27,34
RETD002014,50,64,114,4,6,10,7,23,30
CRMM811016,6,21,27,1,5,6,3,16,19
MEPS01301R,16,73,89,1,6,7,11,16,27
LCEE816011,7,96,103,4,18,22,9,27,36
TRMM81503B,6,37,43,2,9,11,6,22,28
BIEE80703C,5,37,42,1,11,12,6,16,22
BAMM80001R,4,22,26,2,6,8,4,14,18
PTEE811057,5,95,100,0,24,24,14,30,44
ORMM825012,11,23,34,4,7,11,3,22,25
BSMM20700V,11,23,34,4,7,11,3,22,25
MBEE8DM01C,3,91,94,1,30,31,6,28,34
PDEE896049,4,93,97,2,19,21,11,29,40
SREE703016,4,93,97,2,19,21,11,29,40
COEE84303N,5,45,50,1,17,18,3,18,21
FIRI00601G,63,106,169,10,26,36,7,29,36
MIEE8DD017,15,100,115,5,28,33,15,22,37
PAEE89502G,15,100,115,5,28,33,15,22,37
AQTF01451A,71,107,178,6,32,38,0,0,0
LCEE815015,3,60,63,0,18,18,9,18,27
VAEE823014,2,30,32,0,7,7,7,10,17
BGEE805023,4,31,35,1,5,6,6,16,22
CZTE01000D,29,78,107,8,22,30,5,20,25
MIRC12002N,48,90,138,16,28,44,9,19,28
MEMM87901T,4,11,15,2,2,4,7,12,19
RCRA026026,47,72,119,10,27,37,12,17,29
NUTF00701L,33,73,106,3,2,5,5,24,29
BOEE83203A,2,39,41,0,6,6,8,28,36
BAEE09501D,1,64,65,1,18,19,6,15,21
PIEE83003G,0,65,65,0,16,16,3,31,34
MIEE8DW031,9,90,99,2,23,25,9,24,33
MOMM82101P,8,37,45,5,5,10,9,28,37
CTEE852036,0,38,38,0,12,12,4,16,20
FGMM82303X,14,21,35,5,1,6,8,14,22
SAEE84103T,5,44,49,1,10,11,9,16,25
RMEE22100R,4,106,110,0,25,25,5,25,30
PREE81502R,1,46,47,0,10,10,5,21,26
PREE07500B,4,82,86,1,26,27,4,24,28
MBEE830038,4,74,78,3,18,21,6,22,28
BAMM29300D,10,79,89,3,24,27,5,13,18
FGMM85401D,15,35,50,5,14,19,12,11,23
ANEE81001T,3,50,53,1,15,16,3,20,23
BATF079015,50,68,118,2,3,5,13,22,35
OREE80603Q,3,34,37,1,6,7,5,14,19
VREE87602Q,0,57,57,0,11,11,3,20,23
NUPS010009,19,42,61,2,14,16,3,13,16
VREE86305R,4,58,62,1,9,10,7,25,32
CAEE812022,6,56,62,3,18,21,6,24,30
SSMM81101C,14,23,37,2,6,8,6,12,18
FGPS054013,26,38,64,3,13,16,8,7,15
VTEE813038,1,39,40,0,12,12,11,15,26
CTPS017019,46,80,126,4,13,17,20,15,35
FGMM148003,18,60,78,4,17,21,6,8,14
PGMM83501V,5,22,27,2,7,9,4,16,20
APSL001013,23,59,82,6,20,26,11,19,30
VRTF018019,70,81,151,1,3,4,17,26,43
LEEE846012,2,39,41,0,13,13,6,13,19
CAMM81301Q,9,15,24,2,5,7,3,11,14
NATF190001,76,61,137,5,8,13,15,18,33
AREE83101P,2,28,30,1,2,3,2,18,20
CETF00601P,49,62,111,9,12,21,23,12,35
VBMM819023,12,39,51,0,11,11,4,29,33
CAEE888049,3,36,39,0,11,11,8,22,30
TOTN039012,43,93,136,9,12,21,10,21,31
MIEE85401T,3,78,81,1,19,20,7,21,28
RMMM8GC01P,6,23,29,0,7,7,6,19,25
RMEE8EY01N,3,75,78,1,21,22,6,17,23
RMMM8EF011,6,28,34,3,6,9,7,17,24
CRMM04400D,6,28,34,3,6,9,7,17,24
BGEE8AB015,2,44,46,2,13,15,6,21,27
TOEE860015,2,41,43,0,9,9,6,21,27
VEEE82801N,3,50,53,1,15,16,5,23,28
TPMM81801G,12,34,46,5,13,18,15,15,30
MBSL06301V,50,93,143,6,23,29,10,26,36
TOEE8B9037,12,103,115,7,29,36,15,23,38
CERI041015,34,53,87,5,9,14,12,9,21
PZEE89201C,1,41,42,0,7,7,3,18,21
CSPS059018,14,16,30,2,3,5,1,0,1
MIRC061023,41,105,146,8,32,40,9,22,31
CEEE869028,2,55,57,0,17,17,13,9,22
RAEE802019,5,68,73,2,16,18,14,23,37
BGEE841037,3,76,79,2,21,23,6,25,31
BLEE81802Q,2,38,40,0,7,7,8,10,18
BSEE851018,3,63,66,1,12,13,4,22,26
PGEE82503B,1,32,33,0,6,6,4,14,18
TAMM857019,8,12,20,2,4,6,16,15,31
IMMM806015,8,28,36,5,9,14,4,20,24
ROEE80502R,2,23,25,0,4,4,8,13,21
ROMM808027,8,35,43,2,9,11,4,18,22
MNEE80206V,4,46,50,2,11,13,4,25,29
CEMM863017,13,59,72,6,9,15,15,9,24
CHEE818024,1,61,62,0,22,22,7,34,41
RMEE8DW01B,2,56,58,2,20,22,3,22,25
ROMM816015,16,39,55,5,8,13,6,28,34
MOEE81401L,4,42,46,2,8,10,2,22,24
BNEE814056,4,42,46,2,8,10,2,22,24
BNRH01201L,19,41,60,1,13,14,11,10,21
FRMM830034,13,27,40,3,2,5,5,21,26
CTRH05000N,76,150,226,19,78,97,26,24,50
CATD00901D,60,61,121,7,18,25,13,14,27
SOTA01000X,18,28,46,3,4,7,0,0,0
MNMM80301C,13,26,39,5,5,10,13,20,33
MEMM82402P,12,37,49,4,6,10,3,19,22
FGEE009081,1,101,102,0,40,40,13,14,27
PVEE81802D,9,73,82,5,19,24,6,22,28
PEEE052014,3,57,60,0,16,16,8,17,25
CETD210506,48,66,114,5,12,17,18,12,30
PDEE889035,1,45,46,0,11,11,5,17,22
CHMM00800B,8,35,43,1,16,17,0,0,0
TVMM88001N,8,35,43,0,11,11,7,25,32
UDEE83902D,3,34,37,0,7,7,2,19,21
SPMM82101A,3,19,22,0,3,3,5,30,35
PNMM83301C,9,34,43,2,8,10,2,20,22
SAEE895014,9,34,43,2,8,10,2,20,22
BAEE89502D,0,42,42,0,11,11,7,16,23
BOEE87901D,8,69,77,1,20,21,7,19,26
REPS00401X,89,145,234,18,44,62,8,41,49
NARI11401G,53,50,103,10,19,29,19,10,29
TPEE03501B,53,50,103,10,19,29,19,10,29
NAEE142013,1,58,59,0,18,18,8,11,19
BAEE184032,3,51,54,0,16,16,5,16,21
TOMM810013,14,28,42,7,7,14,13,18,31
CAMM848093,19,46,65,5,14,19,11,38,49
MEEE87402R,4,58,62,1,19,20,11,23,34
COEE84701V,2,48,50,1,13,14,3,24,27
RERF070015,61,66,127,17,15,32,7,23,30
CLMM831011,6,23,29,0,6,6,13,10,23
MBEE8F5015,7,93,100,4,23,27,6,26,32
CETD00401R,30,68,98,4,7,11,10,15,25
CSEE865046,2,71,73,1,13,14,18,12,30
CNEE82401D,5,29,34,1,4,5,4,11,15
IMRA00401L,53,90,143,15,26,41,28,45,73
SAEE8AE039,2,35,37,1,9,10,6,14,20
MIEE8DU017,8,102,110,5,30,35,3,28,31
TOTA028017,57,135,192,16,40,56,13,31,44
MEEE881086,5,58,63,2,12,14,17,10,27
NUMM86001T,10,29,39,2,4,6,10,24,34
ENMM82801D,17,35,52,4,11,15,19,12,31
COMM803025,9,30,39,0,11,11,3,25,28
ANMM82901T,16,28,44,2,5,7,5,30,35
PDTD00701V,49,70,119,3,10,13,13,23,36
FOTE02050D,49,70,119,3,10,13,13,23,36
TVEE81605G,4,87,91,1,12,13,11,24,35
SRMM824013,11,36,47,6,12,18,7,17,24
SAEE8BK02B,5,49,54,2,19,21,13,14,27
LTEE820025,3,47,50,1,21,22,9,15,24
LUEE83902N,4,73,77,0,19,19,9,20,29
TREE004696,2,74,76,0,30,30,2,28,30
GOEE80401G,3,51,54,1,16,17,4,28,32
MSEE823034,3,51,54,1,16,17,4,28,32
FGMM835025,14,31,45,1,6,7,10,16,26
AVMM88401B,14,38,52,2,10,12,7,12,19
TOMM8BP01C,12,30,42,6,5,11,12,26,38
FIMM82401A,8,25,33,2,4,6,5,19,24
MIEE81902G,8,76,84,3,18,21,11,22,33
BGEE877054,5,80,85,4,18,22,4,23,27
CBMM85303V,10,14,24,2,2,4,4,18,22
CAEE86401N,3,99,102,0,37,37,10,30,40
RMEE30702D,2,83,85,1,26,27,8,19,27
FEMM825031,10,46,56,6,12,18,1,32,33
RCRH00301L,36,77,113,6,31,37,18,14,32
UDPS01401L,85,49,134,1,4,5,10,18,28
AGEE827034,5,37,42,2,9,11,12,9,21
METD110012,37,54,91,6,15,21,10,14,24
BOEE84802V,2,18,20,0,1,1,3,13,16
MOEE803027,2,26,28,2,3,5,4,8,12
PAMM83004T,9,23,32,0,3,3,11,13,24
FREE821018,1,43,44,0,7,7,5,23,28
BSMM837011,6,16,22,1,2,3,5,17,22
CTEE82104G,0,38,38,0,5,5,6,17,23
FGEE82405V,1,36,37,0,5,5,11,8,19
CSEE823033,0,36,36,0,11,11,11,11,22
PGEE05800L,1,58,59,0,15,15,5,22,27
LOEE81001Q,9,63,72,5,10,15,8,22,30
APEE80604X,3,70,73,0,19,19,8,40,48
PZMM831065,9,17,26,0,2,2,6,16,22
VREE887037,1,61,62,1,8,9,4,17,21
LERI04201C,71,101,172,6,28,34,15,18,33
VREE87201B,3,72,75,2,16,18,5,32,37
GEMM804034,10,42,52,1,12,13,5,22,27
BSPS00902B,76,183,259,8,34,42,15,41,56
AREE814022,2,11,13,1,0,1,2,9,11
AVPS06002D,21,87,108,1,12,13,10,20,30
NAEE850014,2,43,45,0,9,9,12,11,23
VITF02000X,95,59,154,2,2,4,20,25,45
RMMM8EQ01L,4,29,33,0,14,14,2,19,21
ALEE817012,1,72,73,0,23,23,8,26,34
BIEE81401D,6,76,82,6,20,26,9,24,33
PSEE82502V,3,57,60,1,15,16,5,23,28
PIPC00101V,28,43,71,4,5,9,3,14,17
RMEE8BR027,2,67,69,1,22,23,6,24,30
RMSD09602C,41,118,159,9,35,44,12,23,35
CARI02251P,46,54,100,12,25,37,0,0,0
TOPS004019,48,88,136,7,9,16,9,25,34
BOMM809049,10,23,33,2,5,7,7,23,30
TREE817012,2,33,35,0,5,5,1,21,22
TOPS01601G,72,106,178,12,41,53,15,29,44
TOMM8AS01P,6,37,43,1,7,8,10,28,38
TVEE85203L,3,59,62,1,13,14,8,15,23
BSEE8AF033,3,50,53,0,13,13,4,20,24
TSMM81501R,11,39,50,0,3,3,2,22,24
LEEE867013,0,38,38,0,8,8,7,10,17
VIEE827026,1,34,35,0,9,9,3,21,24
VEEE82802P,3,50,53,1,15,16,5,23,28
BSEE816033,3,50,53,1,15,16,5,23,28
RAEE810029,8,66,74,1,22,23,4,30,34
VTPS010006,23,73,96,0,4,4,6,21,27
TOEE8CC01R,3,45,48,2,12,14,7,20,27
BRRF01003B,40,115,155,14,37,51,8,21,29
VIEE88802N,3,49,52,0,14,14,6,21,27
MOSD02201E,58,147,205,15,50,65,12,37,49
CEEE8A606X,58,147,205,15,50,65,12,37,49
RMMM84401P,7,29,36,3,6,9,1,27,28
TOTL06851X,74,110,184,17,22,39,0,0,0
CNMM80801E,7,35,42,1,6,7,8,29,37
VERM00801N,68,97,165,5,28,33,35,43,78
BSEE823025,3,53,56,0,10,10,3,20,23
VREE8AA021,1,59,60,0,13,13,10,14,24
LOSL002016,40,94,134,4,18,22,2,18,20
RCEE81005N,2,47,49,0,3,3,13,13,26
NAEE35102L,1,59,60,0,16,16,5,10,15
CRTL003013,20,55,75,2,3,5,9,19,28
SPRH01050G,24,63,87,3,14,17,5,25,30
MIEE82501T,12,93,105,3,21,24,10,23,33
LIEE004007,12,93,105,3,21,24,10,23,33
PZTD031019,39,46,85,2,2,4,8,20,28
AQEE815038,0,46,46,0,12,12,3,26,29
AVEE857014,2,43,45,0,14,14,5,18,23
RCEE85307N,5,79,84,3,26,29,15,17,32
ALMM810027,7,20,27,3,5,8,4,15,19
SAEE07500V,4,81,85,1,21,22,13,13,26
CREE81901T,2,64,66,1,18,19,4,24,28
MIEE8GF02Q,6,57,63,3,13,16,10,18,28
CHEE812058,2,42,44,0,17,17,2,22,24
CAMM87801E,21,41,62,3,9,12,11,24,35
ALEE837028,2,50,52,0,12,12,6,27,33
MEEE844021,4,46,50,0,9,9,10,19,29
CZMM864012,15,52,67,4,10,14,8,25,33
VAPS11000A,26,66,92,1,4,5,6,21,27
BGTF010003,114,90,204,4,9,13,27,32,59
SARI06801D,55,103,158,7,25,32,25,14,39
VTEE82801X,1,52,53,0,19,19,6,19,25
PARI03601C,70,68,138,3,10,13,23,19,42
TAEE87204G,3,71,74,0,32,32,11,12,23
BSEE887024,4,53,57,0,11,11,4,24,28
MIPS019013,52,116,168,10,18,28,12,30,42
NUMM865066,12,15,27,1,2,3,4,20,24
TOEE809032,2,22,24,0,3,3,9,18,27
CSMM89601N,5,41,46,0,15,15,4,27,31
NATD099019,24,74,98,4,20,24,6,20,26
MIEE8CC04X,4,116,120,1,34,35,7,33,40
IMRH00403V,4,116,120,1,34,35,7,33,40
NAMM8GA014,4,116,120,1,34,35,7,33,40
MSTF01751P,62,75,137,7,16,23,0,0,0
UDPM010009,38,101,139,0,3,3,11,17,28
CEEE81802B,1,39,40,0,14,14,9,11,20
CBEE84701E,3,43,46,1,14,15,7,17,24
GEEE841012,5,39,44,0,9,9,5,18,23
VBEE80806T,2,43,45,0,11,11,7,24,31
CNMM82302N,8,32,40,4,7,11,9,25,34
KRTL009018,57,100,157,16,20,36,18,20,38
SAEE165038,57,100,157,16,20,36,18,20,38
RCEE871033,5,78,83,1,16,17,22,12,34
PNEE81309L,5,78,83,1,16,17,22,12,34
PDEE824018,0,43,43,0,8,8,4,26,30
PREE82803X,6,79,85,4,24,28,7,21,28
CTMM8AM018,7,36,43,1,11,12,7,20,27
MIEE8A701V,2,37,39,2,11,13,5,12,17
TEEE82202V,5,52,57,2,23,25,7,28,35
PDRI01401B,82,139,221,5,17,22,17,36,53
FERH01151N,78,123,201,16,46,62,0,0,0
BAEE17302E,3,112,115,1,39,40,9,18,27
BOEE847012,4,67,71,3,19,22,7,24,31
CHEE83602N,1,76,77,0,22,22,7,22,29
MCMM80901A,15,18,33,4,2,6,4,14,18
PDEE840038,2,66,68,0,13,13,8,19,27
CREE80603T,1,49,50,1,5,6,5,25,30
FOTF01151E,1,49,50,1,5,6,5,25,30
PDEE825025,4,68,72,1,17,18,3,24,27
LEMM8AD01D,5,20,25,2,3,5,6,18,24
LCEE80902V,3,51,54,0,13,13,1,23,24
ENPS019018,20,53,73,2,5,7,9,13,22
LEEE840035,3,41,44,1,14,15,10,12,22
PGEE813035,0,12,12,0,2,2,2,13,15
LEEE81202X,1,39,40,0,10,10,6,12,18
CAEE87403A,4,44,48,0,14,14,7,15,22
PZEE82601D,3,38,41,0,6,6,7,26,33
LEEE82101N,1,24,25,0,3,3,13,11,24
MTEE81801N,2,34,36,1,6,7,6,13,19
GEEE811016,3,51,54,2,14,16,4,16,20
MOEE84701X,6,44,50,1,13,14,12,21,33
FIEE84303V,2,57,59,1,13,14,7,16,23
GOEE81104T,2,40,42,0,4,4,2,23,25
TOEE8BH02A,6,80,86,0,20,20,5,29,34
AVEE807035,8,49,57,2,8,10,6,24,30
LEEE895028,3,37,40,0,12,12,14,12,26
AGMM833018,9,34,43,3,7,10,15,16,31
ANEE815033,3,66,69,1,11,12,5,32,37
ISMM815048,8,24,32,1,1,2,11,24,35
SSMM826038,5,15,20,0,5,5,4,13,17
PITF030003,58,115,173,2,17,19,10,29,39
MIMM0CG003,58,115,173,2,17,19,10,29,39
LEMM82801B,8,25,33,1,6,7,12,13,25
COEE82202G,4,61,65,2,20,22,5,19,24
BOEE826011,4,67,71,0,20,20,4,21,25
APTF01050B,85,96,181,4,8,12,38,53,91
MSEE810021,0,30,30,0,7,7,2,16,18
BOEE81602B,10,82,92,4,26,30,6,30,36
CSMM83201P,15,31,46,2,2,4,6,6,12
PSEE82001P,3,56,59,0,16,16,7,31,38
MIEE8BF01N,7,60,67,3,16,19,8,22,30
LUMM827019,10,40,50,5,5,10,5,27,32
RMTF09701V,31,95,126,7,25,32,20,17,37
MSEE80502D,1,16,17,0,4,4,0,12,12
MSEE816053,3,31,34,1,6,7,2,22,24
TOEE8AS02R,4,49,53,0,8,8,10,28,38
BIEE80701A,5,37,42,1,11,12,6,16,22
SRPS01701D,41,56,97,7,7,14,22,15,37
TOEE8AN017,4,75,79,3,19,22,7,28,35
CTTF004019,71,78,149,6,31,37,18,26,44
FGTF13050T,88,95,183,11,18,29,29,21,50
VIEE807021,1,39,40,0,7,7,3,16,19
VTEE80101X,3,44,47,1,14,15,6,22,28
APMM83701B,5,32,37,2,7,9,6,29,35
BOTF00151L,46,59,105,2,6,8,0,0,0
MCPS007018,12,29,41,1,1,2,4,8,12
CAPS13000V,27,79,106,4,10,14,3,21,24
TOMM8CB01X,7,20,27,2,2,4,6,15,21
BGEE869011,0,24,24,0,3,3,1,19,20
AREE82502C,2,40,42,1,13,14,2,18,20
PGEE851052,3,59,62,0,25,25,2,28,30
NAEE8C301A,0,10,10,0,1,1,7,7,14
CNTF02251T,34,81,115,4,10,14,0,0,0
BSEE87005T,3,45,48,1,3,4,8,20,28
VRTD01153Q,34,81,115,1,9,10,0,0,0
AQMM837023,15,27,42,3,7,10,6,21,27
NAEE8DF06N,2,70,72,0,28,28,19,13,32
TSTE03000P,33,68,101,0,6,6,11,17,28
NAEE8BQ01V,2,49,51,0,19,19,10,14,24
RMEE8DB014,1,68,69,0,16,16,5,26,31
VATD012012,36,105,141,4,12,16,11,26,37
TAMM81701V,5,56,61,2,14,16,7,17,24
VEEE86401R,5,61,66,4,7,11,8,25,33
AQEE83402L,0,54,54,0,16,16,13,19,32
CNEE81004P,3,37,40,1,6,7,5,22,27
REMM81604Q,5,10,15,0,1,1,6,14,20
SAEE8BB03C,3,48,51,2,10,12,13,6,19
SREE840045,3,57,60,1,21,22,15,19,34
MBMM0CC00L,3,57,60,1,21,22,15,19,34
RMMM8D301V,10,25,35,0,9,9,1,17,18
VIRC017511,65,129,194,10,21,31,0,0,0
RMMM8BC03Q,5,20,25,2,3,5,2,16,18
IMEE80505E,5,63,68,2,17,19,4,21,25
APPS02000E,18,59,77,0,1,1,5,21,26
CNEE80302D,1,25,26,0,4,4,2,18,20
UDEE828023,0,52,52,0,9,9,2,18,20
CEMM87901R,17,26,43,8,7,15,10,11,21
CEMM893013,7,36,43,2,8,10,4,19,23
LTMM83501R,7,22,29,1,5,6,8,13,21
PVMM82001B,7,29,36,3,8,11,8,22,30
SAEE8B204D,1,67,68,1,19,20,11,15,26
CEEE04500P,2,63,65,1,21,22,8,10,18
BSEE858013,1,41,42,0,6,6,1,25,26
SRMM861012,6,21,27,2,10,12,8,15,23
MBMM87001G,5,16,21,1,6,7,3,19,22
CAEE88806B,3,36,39,0,11,11,8,22,30
TPEE81701R,3,58,61,1,18,19,12,15,27
BSEE844026,1,71,72,0,20,20,6,29,35
MORA01151L,82,117,199,25,48,73,0,0,0
TVEE876057,3,102,105,2,21,23,10,31,41
MIMM85403V,24,48,72,12,9,21,7,21,28
VEEE834055,3,64,67,0,11,11,2,25,27
TAMM866014,6,44,50,3,24,27,8,14,22
PZPS00201D,30,80,110,5,14,19,11,16,27
PNMM164001,30,80,110,5,14,19,11,16,27
GERH01000G,63,113,176,14,41,55,17,26,43
UDMM81801A,8,30,38,1,5,6,6,15,21
LIEE81601D,2,43,45,0,8,8,4,18,22
NAMM8CJ01N,6,28,34,1,4,5,7,15,22
BAEE06101A,2,51,53,1,16,17,4,15,19
BSEE85002D,2,35,37,0,4,4,9,14,23
BAEE883016,0,73,73,0,18,18,10,22,32
SAEE8AY05V,2,47,49,1,11,12,10,18,28
REPM002019,50,64,114,4,6,10,7,23,30
CRMM812012,12,35,47,5,13,18,7,27,34
PAEE8AU041,0,55,55,0,17,17,9,15,24
KREE812019,4,50,54,1,13,14,8,13,21
TRMM81506E,6,37,43,2,9,11,6,22,28
PDMM824039,8,29,37,2,4,6,4,26,30
PTEE81202X,4,59,63,1,18,19,4,23,27
TETD00401L,56,95,151,18,33,51,11,18,29
FOEE805039,4,58,62,0,9,9,4,29,33
RMEE8C3019,2,58,60,1,18,19,8,19,27
SPEE80604C,2,32,34,0,4,4,2,20,22
CTEE8AP01R,2,40,42,0,16,16,4,16,20
PIMM81301P,8,14,22,2,2,4,2,22,24
VAEE853054,6,87,93,3,19,22,10,22,32
BAEE17201N,3,69,72,2,17,19,6,16,22
SAEE102046,1,64,65,0,23,23,11,7,18
PIEE825045,2,69,71,1,25,26,8,25,33
FOEE80903L,1,34,35,0,6,6,4,17,21
MIMM8DD016,14,43,57,6,11,17,15,22,37
AQRI014014,71,107,178,6,32,38,16,23,39
LCEE815026,3,60,63,0,18,18,9,18,27
BGEE805067,4,31,35,1,5,6,6,16,22
LCEE82203A,0,60,60,0,13,13,4,19,23
MIRC12000G,48,90,138,16,28,44,9,19,28
CSEE85107B,4,61,65,0,17,17,16,21,37
ANEE80502B,2,51,53,1,10,11,2,25,27
VAEE844015,2,54,56,1,11,12,2,15,17
NAMM8FW01L,7,35,42,2,9,11,12,14,26
FEEE825032,5,79,84,3,23,26,1,32,33
LCEE816022,7,96,103,4,18,22,9,27,36
MIEE8E7019,0,62,62,0,14,14,9,19,28
BAEE09502E,1,64,65,1,18,19,6,15,21
CLEE824064,3,50,53,0,14,14,13,13,26
MIMM8DW01T,18,74,92,7,14,21,9,24,33
MOEE82203N,5,82,87,1,18,19,7,26,33
BGEE821032,2,59,61,1,18,19,7,19,26
PREE815083,1,46,47,0,10,10,5,21,26
BAMM29100T,14,85,99,9,25,34,7,15,22
MBMM8DM01B,15,40,55,3,13,16,6,28,34
CLEE830016,4,66,70,2,17,19,17,11,28
OREE80604R,3,34,37,1,6,7,5,14,19
MIEE8BT019,5,69,74,3,22,25,8,17,25
MIEE8EG02A,11,83,94,7,22,29,10,18,28
FREE81201D,2,39,41,1,10,11,7,12,19
CZTD12050V,26,72,98,6,17,23,14,13,27
VIEE848038,2,25,27,0,7,7,3,17,20
PZEE83304Q,4,32,36,0,5,5,9,11,20
SOEE82101D,1,55,56,1,12,13,4,28,32
CTTL01701G,46,80,126,4,13,17,20,15,35
APSD00101L,23,59,82,6,20,26,11,19,30
VRPS019013,44,101,145,1,4,5,9,27,36
NAEE8GT01R,4,53,57,2,14,16,12,11,23
BAEE16302X,3,52,55,1,9,10,10,10,20
CAEE816029,1,27,28,0,8,8,4,14,18
NATF170516,149,164,313,25,64,89,34,25,59
TOEE8AW013,6,42,48,0,6,6,9,21,30
CERI00601T,49,62,111,9,12,21,23,12,35
CLEE01101T,2,45,47,0,13,13,11,17,28
VBEE81706L,5,79,84,1,22,23,8,27,35
TREE004055,2,74,76,0,30,30,2,28,30
RMPS11301D,37,123,160,6,31,37,9,29,38
BOTD01201B,38,107,145,4,24,28,7,32,39
SRPC070006,10,74,84,1,17,18,8,19,27
CNMM82301L,8,32,40,4,7,11,9,25,34
APMM841013,14,41,55,3,17,20,8,29,37
TOTD02801N,57,135,192,16,40,56,13,31,44
RMEE8EF034,3,76,79,1,14,15,7,17,24
FGMM04100B,15,60,75,6,15,21,5,10,15
NAMM8D901V,4,23,27,2,5,7,5,16,21
BIEE81905R,10,64,74,5,16,21,16,39,55
PZMM85501C,11,17,28,0,2,2,7,17,24
VREE816013,4,58,62,3,13,16,7,15,22
ALEE825011,6,75,81,3,22,25,3,27,30
LTPM02101D,20,99,119,2,7,9,11,18,29
TREE823019,1,70,71,1,12,13,7,26,33
BGMM87802Q,7,23,30,1,4,5,3,20,23
OREE82808T,3,67,70,2,18,20,9,27,36
TOEE88006G,5,41,46,2,10,12,2,28,30
CNRC004019,66,103,169,16,34,50,10,26,36
RCMM841025,12,49,61,4,7,11,12,11,23
ATMM81501A,11,32,43,4,11,15,10,31,41
PAEE83001Q,5,33,38,0,3,3,11,13,24
RMMM8EY01L,8,33,41,2,8,10,6,17,23
SRTF00904Q,56,110,166,9,28,37,17,16,33
AQEE833061,0,69,69,0,26,26,6,24,30
CNEE80205R,2,44,46,1,11,12,3,27,30
LOEE81003T,9,63,72,5,10,15,8,22,30
RMEE8D501G,0,82,82,0,28,28,5,23,28
PDEE88002N,0,82,82,0,28,28,5,23,28
CSEE84906A,2,39,41,0,9,9,14,14,28
TVMM875027,5,55,60,1,13,14,6,32,38
GEEE83402X,2,70,72,0,19,19,3,19,22
ROEE80503T,2,23,25,0,4,4,8,13,21
ROEE808017,2,46,48,2,12,14,4,18,22
NAEE8A8018,0,71,71,0,18,18,9,18,27
NARI05102P,0,71,71,0,18,18,9,18,27
VITF03000E,58,49,107,3,1,4,13,19,32
TOEE8B9026,12,103,115,7,29,36,15,23,38
VREE852016,5,73,78,2,17,19,9,19,28
PZEE89202D,1,41,42,0,7,7,3,18,21
CETD21000R,48,66,114,5,12,17,18,12,30
VVEE817036,4,38,42,1,2,3,13,8,21
MEMM89701B,8,33,41,3,16,19,10,18,28
TVEE88005V,2,58,60,0,9,9,7,25,32
UDEE83302E,4,40,44,2,13,15,1,25,26
CTEE8AY04Q,3,60,63,0,18,18,11,21,32
UDMM83901B,9,15,24,5,0,5,2,19,21
LTMM80302A,12,36,48,3,8,11,9,11,20
NOEE80404C,2,66,68,1,16,17,19,18,37
RCMM84802X,11,33,44,3,7,10,19,8,27
MOEE80701D,3,34,37,1,5,6,5,11,16
NOMM812028,11,39,50,3,8,11,7,27,34
SAMM8AY01N,13,26,39,3,5,8,10,18,28
MBEE8AA04X,13,26,39,3,5,8,10,18,28
BGEE841015,3,76,79,2,21,23,6,25,31
RMTD38000R,27,99,126,2,15,17,8,24,32
BAEE04903T,3,95,98,2,39,41,9,18,27
RCEE86101A,3,65,68,1,17,18,17,13,30
TPEE822018,3,24,27,0,7,7,10,7,17
PVEE828035,5,80,85,1,18,19,14,22,36
BSEE852025,2,53,55,1,6,7,5,26,31
RETF004023,89,145,234,18,44,62,8,41,49
MTPS01601E,51,82,133,5,15,20,14,21,35
LEMM867012,4,17,21,1,3,4,7,10,17
SAEE161086,4,55,59,2,20,22,8,15,23
CTEE045023,3,47,50,0,12,12,7,14,21
BRTD100004,46,65,111,6,18,24,13,18,31
FIRI02351P,62,84,146,13,23,36,0,0,0
PRPC00301V,23,70,93,0,9,9,6,22,28
PTEE816049,3,42,45,1,3,4,4,30,34
TEEE841028,3,53,56,2,27,29,4,25,29
SAMM8AS01P,10,32,42,6,8,14,11,18,29
GEEE82205R,1,38,39,0,3,3,3,15,18
AVMM86102Q,13,41,54,2,10,12,15,18,33
COEE84301G,5,45,50,1,17,18,3,18,21
COEE847031,2,48,50,1,13,14,3,24,27
IMRC00201X,57,77,134,6,14,20,11,25,36
LUEE83405N,2,45,47,0,12,12,4,19,23
PAEE10700G,3,30,33,0,12,12,5,12,17
VAEE823025,2,30,32,0,7,7,7,10,17
FOTF03001E,65,58,123,1,4,5,15,29,44
TVEE81601B,65,58,123,1,4,5,15,29,44
BAEE09503G,1,64,65,1,18,19,6,15,21
CEEE078002,0,30,30,0,9,9,0,0,0
MIEE8DW02X,9,90,99,2,23,25,9,24,33
FGEE835037,1,54,55,0,8,8,10,16,26
FGEE82301V,5,44,49,1,4,5,8,14,22
RMPQ010009,22,83,105,4,16,20,14,14,28
MSMM823022,22,83,105,4,16,20,14,14,28
AVEE88304Q,3,61,64,0,17,17,10,22,32
ALEE811068,2,29,31,1,4,5,7,17,24
ENEE82801E,5,51,56,1,15,16,19,12,31
VIEE856037,7,57,64,3,15,18,9,18,27
FIEE862038,4,82,86,0,19,19,6,34,40
MIEE81901E,8,76,84,3,18,21,11,22,33
CAEE890038,3,48,51,0,21,21,3,19,22
MBMM830015,14,37,51,5,9,14,6,22,28
RMEE30700B,2,83,85,1,26,27,8,19,27
UDRI014517,85,49,134,1,4,5,0,0,0
ORMM80604Q,8,19,27,1,1,2,5,14,19
METF020001,84,91,175,2,11,13,20,29,49
CSSD078014,22,53,75,1,7,8,17,6,23
VREE87601P,0,57,57,0,11,11,3,20,23
NUPS01050P,19,42,61,2,14,16,3,13,16
MIEE8A0014,3,53,56,0,18,18,5,15,20
FREE82105C,1,43,44,0,7,7,5,23,28
LTMM82801N,4,13,17,1,2,3,7,12,19
SAMM8AE016,5,19,24,0,6,6,6,14,20
CTEE82103E,0,38,38,0,5,5,6,17,23
SATD071519,46,41,87,4,4,8,0,0,0
BAMM89201X,4,53,57,0,13,13,11,13,24
PGEE05801N,1,58,59,0,15,15,5,22,27
MIEE716016,1,58,59,0,15,15,5,22,27
CAMM854012,6,27,33,1,7,8,3,15,18
PZEE831077,4,31,35,0,5,5,6,16,22
VRMM887014,4,29,33,0,5,5,4,17,21
FOTD004504,26,72,98,1,10,11,0,0,0
PGEE854019,3,76,79,1,18,19,6,28,34
GEEE804035,1,65,66,0,16,16,5,22,27
TOEE87701E,11,76,87,5,26,31,10,24,34
COEE820053,0,33,33,0,8,8,4,11,15
LEMM8AE02A,0,33,33,0,8,8,4,11,15
CTPS04901R,34,92,126,2,18,20,15,17,32
CSEE89604T,4,71,75,2,23,25,4,27,31
ISEE82604Q,2,48,50,0,10,10,6,22,28
PISD00102D,2,48,50,0,10,10,6,22,28
BOTD01601P,45,81,126,8,32,40,10,21,31
CNEE82303Q,1,47,48,0,12,12,9,25,34
BIEE819091,10,64,74,5,16,21,16,39,55
MIMM8FD01B,24,59,83,14,21,35,5,34,39
AREE81502T,3,53,56,0,16,16,2,18,20
RMEE827012,6,64,70,1,19,20,2,18,20
RMMM89001C,7,35,42,1,13,14,4,26,30
ALEE817034,1,72,73,0,23,23,8,26,34
TRMM70101E,1,72,73,0,23,23,8,26,34
BIMM81401C,11,20,31,7,6,13,9,24,33
BRRF01050N,40,115,155,14,37,51,8,21,29
PRMM80801G,8,34,42,0,6,6,4,36,40
TVTA00801A,109,86,195,11,25,36,37,57,94
RMTD096505,41,118,159,9,35,44,0,0,0
TOMM853011,6,20,26,1,3,4,7,19,26
MBEE8BS02B,3,65,68,0,13,13,7,24,31
RAMM802018,15,29,44,2,7,9,14,23,37
CTEE8AU03B,4,44,48,0,10,10,5,17,22
BAPS02000E,31,63,94,1,7,8,0,0,0
VREE8AA01X,1,59,60,0,13,13,10,14,24
TOTD01601B,72,106,178,12,41,53,15,29,44
MIEE825041,72,106,178,12,41,53,15,29,44
LIEE004018,72,106,178,12,41,53,15,29,44
RAMM810017,7,27,34,2,5,7,4,30,34
LERI016021,57,75,132,10,11,21,14,13,27
NAPS00401V,50,112,162,8,26,34,24,11,35
CHPS02101B,16,49,65,0,16,16,1,0,1
CEMM8A602P,13,40,53,2,7,9,9,23,32
SAEE075076,4,81,85,1,21,22,13,13,26
RGMM802019,6,20,26,1,4,5,10,15,25
TOPM06701D,36,96,132,4,21,25,16,28,44
SREE82103P,3,51,54,3,15,18,8,22,30
PZEE88903P,5,47,52,1,10,11,8,19,27
ALMM837016,4,27,31,0,6,6,6,27,33
AGEE850024,1,23,24,0,5,5,13,4,17
VAPS11001B,26,66,92,1,4,5,6,21,27
SARI06802E,55,103,158,7,25,32,25,14,39
CRTD00301L,20,55,75,2,3,5,9,19,28
LTEE813022,4,77,81,1,24,25,12,26,38
FGTF13000C,88,95,183,11,18,29,29,21,50
SPRH010006,24,63,87,3,14,17,5,25,30
PZRA029013,23,47,70,3,8,11,17,11,28
VETA02801G,54,108,162,4,17,21,15,37,52
TPEE049008,5,53,58,1,8,9,7,14,21
COEE84802Q,1,45,46,0,11,11,12,15,27
VEMM81501E,17,39,56,4,10,14,5,25,30
RCEE85305G,5,79,84,3,26,29,15,17,32
TOEE809054,2,22,24,0,3,3,9,18,27
RERF070004,61,66,127,17,15,32,7,23,30
IMRH00401R,53,90,143,15,26,41,28,45,73
NAEE8G2011,1,55,56,0,15,15,11,15,26
UDPM040005,29,90,119,0,3,3,0,0,0
CSEE8AS03L,0,48,48,0,12,12,9,17,26
CEMM818019,6,14,20,2,2,4,9,11,20
GEEE841034,5,39,44,0,9,9,5,18,23
ENEE82802G,5,51,56,1,15,16,19,12,31
KRRC00901E,57,100,157,16,20,36,18,20,38
ROMM80005Q,18,36,54,6,9,15,6,25,31
NAPC300013,14,56,70,0,5,5,12,8,20
TATF034018,27,74,101,5,29,34,9,22,31
NUMM860063,10,29,39,2,4,6,10,24,34
TARA02601R,35,54,89,5,12,17,15,16,31
SVMM81401N,13,25,38,2,6,8,6,23,29
LUTF00301C,55,98,153,11,28,39,10,32,42
MIMM8A701T,4,27,31,1,9,10,5,12,17
FETF01201C,101,140,241,8,28,36,26,43,69
PDPS014016,82,139,221,5,17,22,17,36,53
NAEE8D3011,2,40,42,0,14,14,12,12,24
PAMM8AK015,10,40,50,3,5,8,11,10,21
PVEE814059,8,70,78,6,21,27,5,29,34
NATF102016,31,109,140,4,32,36,16,16,32
PDMM825013,6,30,36,0,3,3,3,24,27
FGEE82504N,1,43,44,0,8,8,14,5,19
ENPC019015,20,53,73,2,5,7,9,13,22
RGMM829019,13,26,39,4,8,12,7,21,28
LEMM81201T,6,15,21,1,2,3,6,12,18
GRMM82103D,13,30,43,1,5,6,6,29,35
MIMM84001V,11,32,43,5,8,13,5,26,31
MOMM803026,3,8,11,0,1,1,4,8,12
VCMM81301N,8,15,23,2,3,5,7,16,23
RMRH09000P,8,21,29,1,10,11,0,0,0
FREE85401G,1,69,70,0,19,19,8,19,27
FGEE81601Q,2,31,33,0,6,6,4,12,16
MIEE8B002Q,5,83,88,1,20,21,10,23,33
VIEE82501D,0,50,50,0,7,7,3,26,29
RCMM87101X,8,32,40,2,6,8,22,12,34
NAEE218024,0,64,64,0,33,33,8,11,19
PGEE85403B,3,76,79,1,18,19,6,28,34
FEEE80004P,4,74,78,2,24,26,4,29,33
SSMM826016,5,15,20,0,5,5,4,13,17
FREE828013,2,38,40,0,11,11,1,24,25
VIEE81601P,2,49,51,0,5,5,6,20,26
FORI011018,92,79,171,3,14,17,25,31,56
AREE839019,3,78,81,0,29,29,8,28,36
NOEE82902P,1,73,74,1,25,26,4,33,37
RIEE810067,2,31,33,1,7,8,4,20,24
FREE81102P,3,43,46,1,14,15,5,18,23
MIPS02901N,41,98,139,8,16,24,10,18,28
COMM82201D,6,21,27,2,7,9,5,19,24
PGMM813012,4,8,12,0,1,1,2,13,15
PEEE828027,2,70,72,2,32,34,10,20,30
PZPM00201E,30,80,110,5,14,19,11,16,27
CAEE874029,4,44,48,0,14,14,7,15,22
LEMM81903P,5,22,27,2,2,4,11,12,23
FGMM86501X,4,37,41,2,14,16,8,7,15
RGEE81402N,2,42,44,0,8,8,9,15,24
FIMM84301Q,12,34,46,3,9,12,7,16,23
CARI02203B,46,54,100,12,25,37,14,15,29
TOEE82002Q,8,64,72,3,15,18,12,23,35
CSEE851048,4,61,65,0,17,17,16,21,37
CREE81002C,1,32,33,0,8,8,4,21,25
PITD030506,53,107,160,5,31,36,5,23,28
LEEE896024,5,50,55,2,11,13,9,13,22
BNEE852051,1,47,48,0,7,7,8,16,24
ISEE815049,2,65,67,1,11,12,11,24,35
POEE82202R,6,88,94,3,22,25,8,37,45
CTRH004022,6,88,94,3,22,25,8,37,45
RMEE8DV01G,2,70,72,1,30,31,2,20,22
CZEE82406T,4,63,67,1,14,15,14,19,33
VIEE80701X,1,39,40,0,7,7,3,16,19
RMEE8AS01B,0,35,35,0,7,7,6,13,19
BOEE81601A,10,82,92,4,26,30,6,30,36
SSRA01601P,70,84,154,15,22,37,20,31,51
LTRA020005,5,12,17,1,1,2,3,6,9
CSEE83204V,1,36,37,0,5,5,6,6,12
CARF01050C,41,127,168,13,49,62,12,20,32
MIMM8FN017,5,28,33,1,11,12,7,21,28
LEMM85602L,6,18,24,2,2,4,7,16,23
RMEE84402R,4,98,102,3,29,32,1,27,28
MIMM8BF01L,9,29,38,2,10,12,8,22,30
TOMM8B501R,6,38,44,2,3,5,8,21,29
BRRC008511,26,50,76,6,8,14,0,0,0
FIPS21000P,29,67,96,1,5,6,11,16,27
RCRI02601R,47,72,119,10,27,37,12,17,29
RMMM89901V,11,29,40,4,10,14,7,17,24
CSRI190009,7,15,22,0,4,4,1,0,1
SRTF017533,41,56,97,7,7,14,0,0,0
VRTD011029,34,81,115,1,9,10,9,20,29
TORH04201T,45,109,154,21,39,60,22,21,43
CHEE80802D,2,57,59,2,20,22,3,19,22
RMMM856011,7,41,48,3,12,15,2,26,28
PCEE806014,1,47,48,1,12,13,7,20,27
BAMM209001,15,81,96,2,25,27,8,9,17
BATL07101P,30,54,84,6,10,16,10,14,24
BSEE830039,5,44,49,0,9,9,4,16,20
SOEE822019,6,68,74,4,11,15,9,18,27
SAMM8BQ018,10,23,33,2,3,5,11,9,20
CHMM81302X,2,20,22,0,4,4,4,16,20
CHEE80702N,2,55,57,0,21,21,4,23,27
SAEE8AP075,3,41,44,1,9,10,4,16,20
LTEE85701P,4,45,49,2,12,14,11,15,26
CZEE865042,2,57,59,1,12,13,15,14,29
AQEE83409X,0,54,54,0,16,16,13,19,32
BSEE87701C,8,105,113,4,23,27,8,31,39
CEMM8A4023,15,27,42,4,4,8,11,17,28
RCMM846039,18,24,42,5,4,9,18,11,29
PAEE820015,5,36,41,0,5,5,11,10,21
ROTD00201L,33,63,96,6,13,19,4,25,29
CEEE87901T,1,51,52,0,22,22,10,11,21
BGTF160001,65,67,132,3,12,15,15,19,34
VAMM326005,65,67,132,3,12,15,15,19,34
NATF17000Q,149,164,313,25,64,89,34,25,59
CEEE044043,2,65,67,0,24,24,7,14,21
VVEE832027,2,10,12,0,4,4,8,13,21
ATEE80602N,0,55,55,0,15,15,2,24,26
AVMM886013,9,40,49,1,3,4,10,19,29
LOMM805017,6,29,35,1,7,8,4,24,28
MIMM85501L,10,41,51,4,9,13,2,29,31
TAEE866026,4,58,62,1,30,31,8,14,22
PNEE701015,4,58,62,1,30,31,8,14,22
CEEE8AX04N,1,43,44,0,6,6,8,12,20
NAEE8CJ02Q,2,41,43,0,10,10,7,15,22
PVEE82004G,9,62,71,6,16,22,8,22,30
NAEE8DA019,0,35,35,0,9,9,9,7,16
TREE82204L,5,59,64,1,16,17,4,21,25
TPEE807027,11,57,68,2,19,21,11,14,25
PDEE82406D,0,43,43,0,8,8,4,26,30
PDEE87903E,2,37,39,0,7,7,3,19,22
NUMM860041,10,29,39,2,4,6,10,24,34
GEEE84803V,3,43,46,1,11,12,5,18,23
VIMM86001Q,11,41,52,3,7,10,6,28,34
NAPS180008,18,73,91,0,0,0,8,16,24
CTMM8AP01Q,12,26,38,3,10,13,4,16,20
PIEE81302R,1,40,41,0,12,12,2,22,24
MBEE87001L,3,40,43,1,7,8,3,19,22
PDEE825036,4,68,72,1,17,18,3,24,27
MIMM8EU01R,15,49,64,7,13,20,8,26,34
VCRC01301Q,41,95,136,8,27,35,7,27,34
BAEE071044,3,72,75,2,21,23,11,11,22
KRMM818017,6,9,15,0,1,1,6,8,14
PDEE88601G,5,89,94,2,28,30,4,23,27
CTEE081037,2,113,115,1,33,34,7,26,33
MORA01104A,2,113,115,1,33,34,7,26,33
AVMM815022,9,17,26,2,3,5,8,6,14
PDEE84203X,1,66,67,0,17,17,6,23,29
MEMM855019,5,13,18,1,2,3,3,11,14
PRTD04001R,5,13,18,1,2,3,3,11,14
LUEE82601E,0,38,38,0,1,1,0,21,21
NUEE86702P,3,26,29,0,4,4,2,15,17
LCTD00201B,27,67,94,0,1,1,7,21,28
SAMM81101V,10,12,22,4,2,6,8,8,16
FRSD013018,25,47,72,1,10,11,5,12,17
NOEE807062,5,58,63,2,19,21,6,31,37
BAEE061009,2,51,53,1,16,17,4,15,19
RCEE86501N,1,43,44,0,11,11,6,20,26
NAMM0AY007,30,85,115,12,26,38,10,9,19
PTEE811013,5,95,100,0,24,24,14,30,44
BAMM882019,13,44,57,5,23,28,5,23,28
VCMM809012,20,30,50,7,4,11,9,36,45
MEPM01301T,16,73,89,1,6,7,11,16,27
FGEE81603T,2,31,33,0,6,6,4,12,16
MIEE8E702A,0,62,62,0,14,14,9,19,28
SAEE873039,0,25,25,0,6,6,8,8,16
PVTD010005,31,76,107,6,8,14,7,19,26
LETF03350V,74,101,175,13,29,42,0,0,0
GREE82701B,1,51,52,0,18,18,7,16,23
FEEE80002L,4,74,78,2,24,26,4,29,33
BNEE810082,1,55,56,0,16,16,8,24,32
VTEE700017,1,55,56,0,16,16,8,24,32
VREE852027,5,73,78,2,17,19,9,19,28
FREE81202E,2,39,41,1,10,11,7,12,19
VVEE817014,4,38,42,1,2,3,13,8,21
MSEE81102R,1,22,23,0,4,4,4,19,23
CZTD12000D,26,72,98,6,17,23,14,13,27
MIRC12001L,48,90,138,16,28,44,9,19,28
MEEE83701R,1,76,77,0,12,12,11,24,35
VERF008017,68,97,165,5,28,33,35,43,78
TPTA01250X,75,78,153,18,15,33,0,0,0
MSMM82001D,10,35,45,3,14,17,2,29,31
MSEE81601V,3,31,34,1,6,7,2,22,24
SSMM80302E,8,18,26,3,7,10,3,15,18
PEEE82002L,2,63,65,2,12,14,7,23,30
BREE80204P,1,67,68,0,21,21,12,16,28
MIEE895014,7,39,46,2,11,13,6,20,26
TOMM8AN027,17,33,50,5,7,12,7,28,35
CEEE834029,0,44,44,0,7,7,9,13,22
TOMM8AW012,6,35,41,0,7,7,9,21,30
BNEE84603G,0,34,34,0,5,5,7,9,16
CSMM87901X,14,44,58,5,9,14,9,21,30
GEEE82204Q,1,38,39,0,3,3,3,15,18
APEE832019,1,63,64,0,19,19,4,32,36
CEMM819015,6,12,18,4,1,5,8,6,14
SRPC08000R,39,96,135,3,22,25,10,15,25
BNMM84501L,10,49,59,1,8,9,6,15,21
MCMM80201G,6,25,31,2,5,7,3,18,21
MOEE82701P,2,32,34,0,8,8,6,20,26
SIMM821017,10,23,33,1,4,5,6,18,24
VTEE81703G,4,42,46,1,15,16,5,24,29
PGEE85102V,3,59,62,0,25,25,2,28,30
CTTD02301C,27,74,101,0,22,22,8,18,26
SIMM813029,5,21,26,0,4,4,3,21,24
FGMM00700X,17,71,88,6,26,32,6,10,16
VRMM816012,10,20,30,2,2,4,7,15,22
PGEE835021,1,37,38,0,12,12,4,16,20
CEEE07500E,1,37,38,0,12,12,4,16,20
APRH00201Q,82,160,242,27,56,83,18,39,57
GOMM80401E,10,29,39,1,7,8,4,28,32
LTPS023014,19,51,70,3,6,9,9,8,17
BSEE84002V,6,73,79,2,12,14,11,22,33
LEMM846011,4,16,20,1,2,3,6,13,19
CBEE853085,1,36,37,1,9,10,4,18,22
TOMM880019,9,26,35,3,10,13,2,28,30
SAEE8AJ021,1,18,19,0,4,4,6,9,15
BNEE855018,2,45,47,1,8,9,9,18,27
PGMM85901B,8,66,74,6,20,26,6,21,27
RNEE813034,2,74,76,1,16,17,9,25,34
RCRC00301B,36,77,113,6,31,37,18,14,32
TOPS039018,43,93,136,9,12,21,10,21,31
METF03000G,49,43,92,4,8,12,14,19,33
CSRI07801V,22,53,75,1,7,8,17,6,23
RCEE84108C,2,30,32,2,4,6,12,11,23
ATEE81510T,4,49,53,0,12,12,10,31,41
NAEE11808D,1,50,51,0,18,18,10,11,21
CHEE034001,3,43,46,0,11,11,0,0,0
CAEE82405B,1,58,59,1,15,16,10,22,32
LTRI019502,63,81,144,7,33,40,0,0,0
CZRI01751L,51,67,118,4,24,28,0,0,0
PNMM813028,11,30,41,2,8,10,3,39,42
LOEE81004V,9,63,72,5,10,15,8,22,30
BATF031014,9,63,72,5,10,15,8,22,30
RMEE8D503N,0,82,82,0,28,28,5,23,28
RMEE8DJ03A,3,58,61,2,17,19,8,16,24
TVEE87504A,5,97,102,1,24,25,6,32,38
GEEE83503R,3,65,68,1,16,17,4,21,25
COEE82001V,0,33,33,0,8,8,4,11,15
RMTF200009,50,63,113,9,20,29,8,18,26
SREE853014,5,74,79,0,17,17,7,20,27
GEPS014016,58,72,130,6,20,26,8,28,36
PVEE82401Q,6,67,73,4,13,17,7,26,33
TVMM876023,14,51,65,4,9,13,10,31,41
VEEE834022,3,64,67,0,11,11,2,25,27
TAEE866048,3,64,67,0,11,11,2,25,27
ISEE82603P,2,48,50,0,10,10,6,22,28
TOMM8A401A,15,53,68,5,19,24,3,37,40
CBMM81703Q,2,11,13,1,2,3,0,0,0
POEE81501L,4,84,88,1,25,26,2,29,31
NOEE80405D,2,66,68,1,16,17,19,18,37
CTEE8AY01L,3,60,63,0,18,18,11,21,32
VATF00901C,46,94,140,2,18,20,10,26,36
SAEE8AY06X,2,47,49,1,11,12,10,18,28
BNMM00800N,3,23,26,1,8,9,0,0,0
BSMM865015,21,44,65,6,9,15,18,27,45
SRTF00901L,56,110,166,9,28,37,17,16,33
MBMM8AA02R,56,110,166,9,28,37,17,16,33
RIEE82001L,1,58,59,0,12,12,1,40,41
RMTD480503,31,90,121,7,16,23,7,22,29
TPMM822017,16,39,55,4,9,13,10,7,17
MIMM87201A,10,31,41,3,6,9,9,25,34
CATD01601L,58,124,182,13,33,46,12,25,37
MIEE8FD03E,16,106,122,9,25,34,5,34,39
FRTF02050B,64,74,138,5,10,15,19,24,43
MIEE8B503X,2,71,73,0,17,17,6,32,38
BRTD01000T,30,54,84,4,12,16,12,15,27
PREE83802D,3,54,57,1,14,15,2,26,28
PRTD00301T,23,70,93,0,9,9,6,22,28
ROEE81606B,6,66,72,0,21,21,6,28,34
VVEE80701D,0,33,33,0,3,3,12,7,19
TVEE85202G,3,59,62,1,13,14,8,15,23
LCEE82102D,2,73,75,0,18,18,9,22,31
VCEE803014,6,55,61,4,22,26,4,23,27
FITF00650R,63,106,169,10,26,36,0,0,0
PVEE81801C,9,73,82,5,19,24,6,22,28
BRPS11000V,12,48,60,0,2,2,7,15,22
SAEE86302N,0,29,29,0,6,6,9,11,20
KREE81701C,1,37,38,0,3,3,12,14,26
CHPM02000G,12,76,88,2,20,22,4,16,20
LCMM822017,2,27,29,0,4,4,4,19,23
FOMM813015,6,18,24,0,3,3,7,19,26
RMMM8E0012,13,36,49,6,9,15,3,22,25
VAMM844014,4,19,23,0,6,6,2,15,17
BAEE04901Q,3,95,98,2,39,41,9,18,27
BAMM89501B,7,22,29,1,3,4,7,16,23
BOEE87902E,8,69,77,1,20,21,7,19,26
NAEE18707V,2,69,71,0,17,17,13,12,25
RERI004015,89,145,234,18,44,62,8,41,49
AQEE84002X,1,86,87,0,33,33,11,21,32
NAEE8GH021,2,50,52,0,17,17,9,11,20
ALEE810017,4,28,32,1,7,8,4,15,19
PTMM816015,15,16,31,4,3,7,4,30,34
PDMM25500L,15,16,31,4,3,7,4,30,34
COEE84404E,6,63,69,0,14,14,4,23,27
OREE80601N,3,34,37,1,6,7,5,14,19
MIEE8EG019,11,83,94,7,22,29,10,18,28
SSEE81101D,1,35,36,0,12,12,6,12,18
MIMM8A0013,5,23,28,3,7,10,5,15,20
LESD01651E,57,75,132,10,11,21,0,0,0
SAEE8A7031,0,32,32,0,9,9,10,12,22
LTEE82803R,1,37,38,0,13,13,7,12,19
RMRI119513,70,102,172,10,31,41,0,0,0
MIMM8DV012,23,44,67,7,12,19,7,14,21
MIEE8GE01V,7,65,72,6,12,18,6,15,21
AGEE820028,5,57,62,2,6,8,23,8,31
FOTF03000D,65,58,123,1,4,5,15,29,44
VAPS03000P,22,79,101,0,1,1,11,24,35
NAPS99000T,27,78,105,2,10,12,11,14,25
MTMM83201V,8,26,34,4,3,7,5,24,29
PCEE81104P,3,34,37,1,6,7,4,30,34
UDTD01301L,85,122,207,6,21,27,10,36,46
MOEE839022,4,59,63,1,14,15,6,24,30
RMPS010004,28,88,116,6,11,17,3,25,28
FRMM848017,10,29,39,2,9,11,4,24,28
FIEE82401B,6,50,56,1,9,10,5,19,24
RMMM714012,6,50,56,1,9,10,5,19,24
MSMM81701N,7,33,40,0,13,13,3,26,29
MIEE81701V,5,71,76,0,14,14,11,22,33
CAMM890015,15,37,52,6,13,19,3,19,22
VTEE827014,0,49,49,0,16,16,4,20,24
GREE82001L,1,42,43,0,7,7,2,23,25
CAEE86403Q,3,99,102,0,37,37,10,30,40
CTTD049512,34,92,126,2,18,20,0,0,0
UDRI01402V,34,92,126,2,18,20,0,0,0
FOEE019038,5,71,76,1,16,17,4,23,27
BOEE847034,4,67,71,3,19,22,7,24,31
FGRI021011,44,44,88,7,9,16,21,8,29
COEE833033,3,40,43,0,7,7,2,17,19
CTMM85901T,7,19,26,3,4,7,11,12,23
CEEE81501V,0,50,50,0,9,9,8,16,24
BORC01601B,45,81,126,8,32,40,10,21,31
CNEE82301N,1,47,48,0,12,12,9,25,34
PDMM87102T,12,35,47,3,7,10,4,23,27
APMM068003,12,35,47,3,7,10,4,23,27
VREE816035,4,58,62,3,13,16,7,15,22
TPTD03050X,28,40,68,4,5,9,17,12,29
VRMM83401G,7,32,39,1,4,5,5,18,23
CHMM83601G,10,31,41,4,8,12,7,22,29
CSEE85502D,1,32,33,0,3,3,11,13,24
VCEE81302Q,3,41,44,1,13,14,7,16,23
LEEE8AE02B,1,52,53,0,21,21,13,13,26
RMEE806055,6,37,43,0,6,6,9,12,21
PSEE837014,0,35,35,0,6,6,9,18,27
BGMM87901E,6,46,52,2,9,11,5,21,26
RMEE86602N,1,77,78,1,26,27,9,21,30
VRMM83501B,10,24,34,3,6,9,6,16,22
FRTF006516,33,65,98,1,3,4,0,0,0
ANEE842019,1,69,70,0,16,16,7,36,43
NAEE8B201X,0,39,39,0,19,19,7,7,14
VIMM869016,12,29,41,3,11,14,5,16,21
NOTD090506,32,58,90,3,5,8,9,22,31
RMEE81703D,3,60,63,0,18,18,5,18,23
BAMM80101L,3,14,17,0,2,2,8,11,19
RMEE8GS021,3,73,76,1,20,21,8,19,27
RNMM80802E,15,37,52,4,10,14,4,30,34
RMEE89003G,2,66,68,0,21,21,4,26,30
TPMM835019,9,32,41,2,9,11,6,18,24
BNTD01202Q,9,32,41,2,9,11,6,18,24
COEE82204N,4,61,65,2,20,22,5,19,24
CRMM81002B,4,20,24,1,5,6,4,21,25
PEMM828015,4,53,57,0,16,16,10,20,30
SIEE807056,5,71,76,3,13,16,6,27,33
NARI004014,50,112,162,8,26,34,24,11,35
RIEE824021,2,30,32,0,8,8,5,25,30
CEEE8A604T,4,69,73,0,17,17,9,23,32
TOTD06751N,36,96,132,4,21,25,0,0,0
BGEE898022,4,69,73,0,18,18,6,20,26
SVMM062003,4,69,73,0,18,18,6,20,26
PGPC02401V,28,77,105,3,13,16,8,21,29
RCEE86103C,3,65,68,1,17,18,17,13,30
PVEE828013,5,80,85,1,18,19,14,22,36
CAEE833023,2,33,35,0,8,8,4,11,15
BNMM86101E,8,38,46,2,5,7,5,17,22
PNMM82401N,3,22,25,0,3,3,1,19,20
PGEE027001,4,97,101,0,37,37,4,24,28
RITD006514,40,94,134,3,27,30,0,0,0
RMTD108506,38,64,102,2,5,7,0,0,0
LTEE81402T,2,40,42,0,10,10,10,14,24
CTTA00401L,71,78,149,6,31,37,18,26,44
SPTD110027,29,84,113,2,18,20,8,25,33
LIEE004029,29,84,113,2,18,20,8,25,33
VREE859044,3,88,91,2,17,19,7,33,40
RAEE81501B,4,58,62,2,16,18,9,19,28
VETD028012,54,108,162,4,17,21,15,37,52
RCMM848053,11,33,44,3,7,10,19,8,27
RCMM85303C,5,48,53,0,12,12,15,17,32
VTMM801042,9,29,38,2,12,14,6,22,28
ROEE817034,2,44,46,0,8,8,6,25,31
FOEE818019,2,52,54,0,17,17,6,19,25
TPEE831013,3,72,75,1,33,34,8,15,23
CZMM82502C,12,22,34,1,2,3,16,15,31
RERI070003,22,11,33,5,1,6,0,0,0
RCEE804049,3,74,77,1,16,17,19,16,35
CARF010003,41,127,168,13,49,62,12,20,32
PAEE88202D,8,25,33,2,3,5,9,8,17
VIMM847019,3,16,19,1,2,3,0,15,15
TSTF01050N,60,41,101,0,2,2,14,19,33
ARMM82501A,8,29,37,2,8,10,2,18,20
VEMM841013,17,44,61,3,14,17,7,24,31
BRTD006017,49,89,138,8,28,36,20,14,34
VVPC00201Q,28,75,103,2,18,20,23,10,33
SAMM8BL026,21,50,71,3,10,13,7,17,24
FIRH01000P,43,104,147,10,39,49,18,20,38
LCEE82701B,3,81,84,1,21,22,3,32,35
NAPC300002,14,56,70,0,5,5,12,8,20
VAEE84201D,2,46,48,0,13,13,2,17,19
CEMM8BD01L,10,31,41,3,3,6,10,14,24
VRTD01152P,34,81,115,1,9,10,0,0,0
TPEE815026,5,56,61,3,26,29,11,21,32
AVMM83702V,23,31,54,4,5,9,17,12,29
CAMM808018,12,18,30,4,5,9,2,17,19
TPEE04908L,5,53,58,1,8,9,7,14,21
RMEE8E802P,5,85,90,4,22,26,4,23,27
TOEE809087,2,22,24,0,3,3,9,18,27
LUEE84601Q,1,62,63,1,13,14,5,24,29
TVEE82201P,4,76,80,3,20,23,7,25,32
TAMM81901E,4,37,41,0,12,12,5,19,24
FREE82106D,1,43,44,0,7,7,5,23,28
PCMM81701D,16,37,53,5,6,11,7,33,40
CSEE87001E,3,49,52,2,15,17,6,15,21
UDPS010008,41,67,108,1,2,3,7,29,36
IMTA006014,36,64,100,2,12,14,9,20,29
PAEE8AD01T,5,76,81,3,25,28,15,17,32
RMRI08000G,24,46,70,5,16,21,11,14,25
MSTF01851E,24,46,70,5,16,21,11,14,25
FREE85402L,1,69,70,0,19,19,8,19,27
BARC028503,1,69,70,0,19,19,8,19,27
COMM85601L,22,37,59,7,10,17,2,31,33
CHEE839036,5,74,79,2,25,27,5,29,34
GEMM841011,7,25,32,0,10,10,5,18,23
SAEE165027,7,25,32,0,10,10,5,18,23
FRPC031018,26,60,86,2,11,13,5,17,22
APMM80601Q,11,43,54,0,12,12,8,40,48
ENEE70002V,11,43,54,0,12,12,8,40,48
BSMM80603B,16,19,35,3,1,4,6,23,29
SAPS056012,27,58,85,3,4,7,11,19,30
BAEE01404X,2,91,93,1,26,27,9,14,23
TOMM836017,10,15,25,2,5,7,9,18,27
PVMM814025,7,42,49,2,17,19,5,29,34
CEEE04400V,2,65,67,0,24,24,7,14,21
FOTF011015,92,79,171,3,14,17,25,31,56
RIEE810078,2,31,33,1,7,8,4,20,24
FGMM822012,8,20,28,1,5,6,6,11,17
CNEE85903E,5,76,81,2,24,26,9,30,39
MIRA03601A,41,90,131,9,22,31,8,18,26
BSMM844014,9,35,44,1,9,10,6,29,35
CAMM89301L,11,35,46,4,9,13,4,19,23
LEEE81201V,1,39,40,0,10,10,6,12,18
GREE82102D,3,42,45,0,10,10,6,29,35
AGPM03000A,33,107,140,5,13,18,25,13,38
NAPM02000R,16,104,120,5,24,29,11,14,25
PGMM862017,12,29,41,5,6,11,2,20,22
MTMM81801L,9,15,24,1,3,4,6,13,19
GREE83301P,0,51,51,0,12,12,3,29,32
CSRI063015,39,72,111,4,25,29,16,14,30
FGEE865011,2,38,40,2,13,15,8,7,15
CAPS02401Q,44,102,146,6,20,26,9,23,32
CTEE860046,2,32,34,1,7,8,6,15,21
LEMM896012,3,14,17,1,5,6,9,13,22
CTEE867052,9,79,88,3,39,42,11,15,26
RNMM01900X,24,63,87,8,16,24,0,22,22
VIMM82501C,9,23,32,3,4,7,3,26,29
FRMM842029,9,28,37,2,9,11,7,25,32
MCEE833018,4,50,54,1,18,19,4,22,26
VRMM845045,9,31,40,1,6,7,4,38,42
FREE83701T,3,55,58,1,12,13,6,20,26
ISEE81516V,2,65,67,1,11,12,11,24,35
SSEE826017,2,21,23,0,3,3,4,13,17
COEE840014,4,42,46,1,12,13,4,16,20
NOMM82901L,17,47,64,7,9,16,4,33,37
ALRC017013,61,121,182,8,31,39,12,30,42
MSMM81001V,3,15,18,1,3,4,2,16,18
SSTA01650V,70,84,154,15,22,37,0,0,0
CSEE83202R,1,36,37,0,5,5,6,6,12
ATMM80101C,15,21,36,4,5,9,10,26,36
MIEE8FN018,3,71,74,3,21,24,7,21,28
RMEE8CC03B,9,97,106,4,26,30,9,22,31
MIMM8BG01C,6,21,27,2,5,7,2,16,18
RMTD09951N,34,71,105,7,16,23,0,0,0
TEEE83706R,0,74,74,0,27,27,9,31,40
CLEE82402X,3,50,53,0,14,14,13,13,26
BNMM85201Q,6,23,29,1,5,6,8,16,24
PGEE84502G,0,53,53,0,17,17,5,18,23
VIMM80701V,12,27,39,2,7,9,3,16,19
NAEE142002,1,58,59,0,18,18,8,11,19
LTRC01050V,37,90,127,8,34,42,13,22,35
LTMM85701N,1,14,15,0,3,3,11,15,26
VBEE81001L,1,14,15,0,3,3,11,15,26
PGEE04000B,2,88,90,0,25,25,8,20,28
ATEE81404P,5,77,82,1,27,28,7,25,32
UDMM85801R,20,52,72,5,16,21,5,26,31
CEEE8A4046,4,61,65,2,11,13,11,17,28
APMM817027,11,29,40,1,8,9,1,36,37
CSRH070505,24,42,66,4,14,18,26,27,53
RORC002019,33,63,96,6,13,19,4,25,29
BGEE819043,4,62,66,1,9,10,8,18,26
PCMM806013,12,23,35,4,4,8,7,20,27
AQEE837013,3,36,39,1,6,7,6,21,27
NAEE8DG03A,5,46,51,2,11,13,3,19,22
MOMM82601T,16,39,55,6,10,16,7,27,34
PDEE863031,2,47,49,0,12,12,6,12,18
FEEE825021,5,79,84,3,23,26,1,32,33
RCPC007013,23,70,93,5,8,13,13,12,25
LOEE805018,4,62,66,2,14,16,4,24,28
BSEE829035,3,62,65,1,13,14,7,22,29
METD08000A,29,57,86,2,14,16,13,16,29
CSEE86302C,2,18,20,1,2,3,9,6,15
VBEE81708P,5,79,84,1,22,23,8,27,35
TPEE81203Q,4,69,73,2,28,30,8,16,24
SAEE8A403D,4,54,58,2,15,17,6,19,25
NAMM8DA018,8,14,22,1,7,8,9,7,16
VAEE836038,1,48,49,0,10,10,5,16,21
VEMM826011,7,27,34,1,8,9,4,27,31
TAPS006012,27,81,108,2,5,7,15,17,32
MBEE8AJ01B,2,40,42,1,9,10,7,16,23
RMMM8BK016,3,13,16,2,3,5,7,8,15
VIEE860062,4,74,78,1,19,20,6,28,34
BSEE858035,1,41,42,0,6,6,1,25,26
SAEE8B205E,1,67,68,1,19,20,11,15,26
PAMM8AL011,4,39,43,1,6,7,10,17,27
MBEE87002N,3,40,43,1,7,8,3,19,22
TOEE80503P,6,84,90,3,27,30,6,20,26
ORMM82806P,11,34,45,2,5,7,9,27,36
VITD05000D,49,103,152,4,3,7,12,28,40
TOEE88001A,5,41,46,2,10,12,2,28,30
PDMM88601E,12,28,40,1,6,7,4,23,27
CTEE081015,2,113,115,1,33,34,7,26,33
RNEE813012,2,74,76,1,16,17,9,25,34
GEEE840016,7,46,53,3,12,15,3,22,25
PRTF010006,93,107,200,2,4,6,25,33,58
CEMM8AX03G,4,25,29,1,6,7,8,12,20
NOEE80703V,5,58,63,2,19,21,6,31,37
SARH03150Q,5,58,63,2,19,21,6,31,37
UDEE849046,3,108,111,1,20,21,7,41,48
RGTD01751T,65,65,130,2,10,12,0,0,0
CAEE82407D,1,58,59,1,15,16,10,22,32
PAMM8AU01R,14,28,42,7,6,13,9,15,24
RCMM825016,3,14,17,0,2,2,19,8,27
TREE82202E,5,59,64,1,16,17,4,21,25
MNEE82904R,5,71,76,2,17,19,4,30,34
BATA033013,5,71,76,2,17,19,4,30,34
PDEE87902D,2,37,39,0,7,7,3,19,22
FEEE80705E,7,67,74,1,13,14,6,26,32
GOPC009014,22,47,69,0,1,1,6,19,25
PVTA01000P,29,51,80,6,5,11,19,39,58
CSEE84907B,2,39,41,0,9,9,14,14,28
CTMM8BA01B,5,14,19,2,4,6,5,17,22
GEEE848051,3,43,46,1,11,12,5,18,23
GREE82703D,1,51,52,0,18,18,7,16,23
FEEE80001G,4,74,78,2,24,26,4,29,33
TAEE01303Q,4,74,78,2,24,26,4,29,33
FOEE80402C,4,46,50,1,6,7,7,21,28
LEEE81306X,2,31,33,0,8,8,10,12,22
LEEE82801C,3,40,43,1,10,11,12,13,25
NAPS15000C,31,129,160,6,11,17,14,23,37
RMTF35050L,33,57,90,2,12,14,7,16,23
VAEE853043,6,87,93,3,19,22,10,22,32
ENMM810018,11,27,38,5,9,14,13,8,21
SAEE86403E,1,36,37,0,10,10,11,8,19
CTRH01004B,85,99,184,13,35,48,17,27,44
PGEE869046,0,47,47,0,15,15,1,21,22
CARA004014,37,36,73,5,3,8,10,15,25
PGEE002137,8,92,100,2,31,33,13,26,39
VIMM834017,10,29,39,2,3,5,4,20,24
TOEE8B9048,12,103,115,7,29,36,15,23,38
VREE852038,5,73,78,2,17,19,9,19,28
TOMM894017,20,42,62,4,10,14,16,31,47
VVMM817013,14,14,28,0,3,3,13,8,21
FEMM81401C,7,29,36,1,11,12,6,25,31
TSMM80401A,8,22,30,2,1,3,5,20,25
MEMM89601G,5,27,32,2,7,9,10,13,23
TOEE8A401B,4,75,79,1,23,24,3,37,40
MIRC300004,41,98,139,15,31,46,13,18,31
ANEE815022,3,66,69,1,11,12,5,32,37
VETH00801E,68,97,165,5,28,33,35,43,78
TPTA01201G,75,78,153,18,15,33,38,25,63
FGEE857012,1,72,73,1,34,35,15,17,32
NOEE821035,1,74,75,0,23,23,14,19,33
RIMM82001G,15,29,44,4,5,9,1,40,41
NAEE8AB019,3,29,32,2,5,7,3,8,11
CZEE836031,1,32,33,0,6,6,7,7,14
MSEE816075,3,31,34,1,6,7,2,22,24
MIMM8E7018,12,35,47,4,12,16,9,19,28
LESL033019,74,101,175,13,29,42,17,14,31
SSEE805049,2,23,25,0,3,3,1,15,16
BAEE09500C,1,64,65,1,18,19,6,15,21
BSEE8AF011,3,50,53,0,13,13,4,20,24
MTRA00401T,18,49,67,3,7,10,11,12,23
VIEE82602A,0,43,43,0,12,12,3,16,19
AREE819036,9,52,61,1,15,16,4,25,29
CSMM8AX01L,5,12,17,0,1,1,5,13,18
ORMM82307L,8,28,36,4,5,9,6,27,33
VRMM851019,6,23,29,2,7,9,2,17,19
PIEE82101P,6,66,72,2,21,23,8,25,33
ALEE80703D,1,56,57,0,17,17,4,22,26
MIMM8BP011,7,26,33,2,8,10,2,17,19
MCRC008512,16,33,49,3,11,14,0,0,0
SVEE80204G,4,41,45,2,9,11,5,25,30
BNEE84501N,1,35,36,1,7,8,6,15,21
MSMM81102Q,9,26,35,3,4,7,4,19,23
SSPS017011,23,51,74,4,15,19,6,16,22
VTEE81203C,2,39,41,0,16,16,2,18,20
RMEE8E0024,2,84,86,2,28,30,3,22,25
CTTN02301A,27,74,101,0,22,22,8,18,26
NUEE83203R,3,27,30,1,3,4,4,17,21
FERI00801X,41,59,100,9,14,23,10,25,35
ALEE838024,3,24,27,1,4,5,11,25,36
MIEE8C302T,12,107,119,5,33,38,9,21,30
TREE00105N,12,107,119,5,33,38,9,21,30
VRTD01901V,44,101,145,1,4,5,9,27,36
TOEE8AN039,4,75,79,3,19,22,7,28,35
CSEE879033,5,71,76,3,21,24,9,21,30
SAEE8AH02Q,2,33,35,1,4,5,12,12,24
BNEE85504B,2,45,47,1,8,9,9,18,27
TREE00400X,2,74,76,0,30,30,2,28,30
CSRA07701B,54,61,115,9,12,21,20,32,52
CSEE89603R,4,71,75,2,23,25,4,27,31
FGPC05701B,17,15,32,6,0,6,10,4,14
CLEE831023,0,49,49,0,13,13,13,10,23
SAEE832011,2,20,22,0,4,4,5,12,17
SAMM8AD01A,3,39,42,1,8,9,6,21,27
CTMM82102C,6,21,27,3,4,7,6,17,23
LTTD11000N,7,12,19,1,2,3,6,3,9
LTRI01901N,63,81,144,7,33,40,8,19,27
CZRC01750V,51,67,118,4,24,28,0,0,0
SOEE81702V,4,36,40,2,6,8,6,14,20
UDRC013019,85,122,207,6,21,27,10,36,46
TEEE82301N,1,38,39,0,18,18,4,15,19
GOEE80402L,3,51,54,1,16,17,4,28,32
LTTD02301X,19,51,70,3,6,9,9,8,17
SREE86201V,2,47,49,0,16,16,5,18,23
BSMM886016,9,39,48,2,12,14,6,18,24
ATEE805062,3,32,35,0,7,7,5,21,26
VEMM83401X,5,26,31,0,5,5,2,25,27
TAEE865019,2,54,56,1,14,15,8,14,22
VVMM831019,1,5,6,1,2,3,15,12,27
RMEE8FY018,0,45,45,0,13,13,8,18,26
CBEE81704T,1,16,17,0,4,4,0,0,0
COEE833011,3,40,43,0,7,7,2,17,19
PCTD07000P,5,9,14,0,1,1,0,6,6
BNRI027506,47,60,107,2,14,16,0,0,0
RMEE876017,2,66,68,1,21,22,0,25,25
AQEE83302R,0,69,69,0,26,26,6,24,30
PNEE813029,5,97,102,4,12,16,3,39,42
RCEE871044,5,78,83,1,16,17,22,12,34
LOMM81005V,12,35,47,4,6,10,8,22,30
PAEE03103P,3,71,74,1,28,29,5,17,22
RMEE8D502L,0,82,82,0,28,28,5,23,28
RMEE8DR01V,1,24,25,1,9,10,3,16,19
TAEE85701A,1,76,77,0,21,21,16,15,31
FRTF06000C,50,58,108,2,15,17,12,14,26
MIMM8B502T,11,31,42,4,7,11,6,32,38
MIEE709013,11,31,42,4,7,11,6,32,38
CSEE85503E,1,32,33,0,3,3,11,13,24
SREE810016,2,39,41,0,15,15,6,12,18
PRMM83801B,6,30,36,1,8,9,2,26,28
BGMM89002A,10,34,44,2,9,11,3,18,21
PVEE80403L,3,64,67,1,19,20,6,31,37
TVMM85201D,8,22,30,1,4,5,8,15,23
BAEE071022,3,72,75,2,21,23,11,11,22
PDEE842041,1,66,67,0,17,17,6,23,29
ORMM829019,8,24,32,2,5,7,5,18,23
BRPS09000V,21,49,70,1,2,3,10,13,23
GEEE859028,7,94,101,4,25,29,5,33,38
VIEE88904G,4,70,74,0,13,13,1,27,28
AQPS01401V,71,107,178,6,32,38,16,23,39
LIEE06100B,71,107,178,6,32,38,16,23,39
CHPC06000T,12,32,44,1,1,2,0,0,0
SAEE81101X,1,25,26,0,3,3,8,8,16
LCEE82204B,0,60,60,0,13,13,4,19,23
NAMM0AX00B,31,106,137,11,33,44,12,13,25
VIEE869017,10,47,57,6,13,19,5,16,21
PAEE8AU01T,0,55,55,0,17,17,9,15,24
VAEE84302A,2,73,75,0,18,18,2,26,28
CNEE84603C,1,38,39,0,7,7,7,19,26
BOMM87901C,10,33,43,4,1,5,7,19,26
NAEE18703P,2,69,71,0,17,17,13,12,25
RETD00401Q,89,145,234,18,44,62,8,41,49
AVEE05901R,2,40,42,0,11,11,8,10,18
CTMM89701L,9,33,42,4,9,13,11,25,36
TPEE04612A,9,33,42,4,9,13,11,25,36
PDMM89403G,13,46,59,1,2,3,8,32,40
PITD04000B,36,65,101,7,21,28,4,19,23
BRTD010042,30,54,84,4,12,16,12,15,27
FIPC02601C,30,54,84,4,12,16,12,15,27
AVPS02701R,28,47,75,0,7,7,14,11,25
BSPC01000A,15,46,61,0,0,0,9,14,23
LIEE00302D,15,46,61,0,0,0,9,14,23
BNEE81006X,1,55,56,0,16,16,8,24,32
LCMM82101B,15,38,53,5,9,14,9,22,31
MEEE830023,3,42,45,2,10,12,9,11,20
BOEE820023,2,62,64,0,10,10,4,23,27
LEPS00201R,31,73,104,7,18,25,14,10,24
MBEE8F402A,7,91,98,2,30,32,11,24,35
LERC016017,7,91,98,2,30,32,11,24,35
CZTD04000T,37,57,94,2,7,9,20,14,34
LEEE85702D,1,50,51,0,14,14,6,15,21
FOMM81101D,9,23,32,1,3,4,6,22,28
AREE82401G,1,23,24,0,3,3,2,2,4
TOEE846053,3,55,58,1,8,9,8,30,38
AGEE820039,5,57,62,2,6,8,23,8,31
PGPC02601E,33,80,113,5,9,14,6,26,32
PCMM81103L,4,18,22,0,2,2,4,30,34
RMPS030009,22,72,94,1,0,1,10,20,30
MIRC01401C,52,74,126,13,19,32,8,24,32
FREE848029,2,63,65,1,20,21,4,24,28
CAEE890027,3,48,51,0,21,21,3,19,22
PARI034516,57,76,133,6,23,29,0,0,0
GEMM181008,15,36,51,4,8,12,0,0,0
ORMM80602N,8,19,27,1,1,2,5,14,19
ANRI02301N,73,78,151,8,20,28,19,30,49
MISL044501,61,98,159,4,10,14,0,0,0
LIRC00450L,32,81,113,10,29,39,0,0,0
SSEE81105N,1,35,36,0,12,12,6,12,18
GEEE824018,3,55,58,1,10,11,3,25,28
FGPC02101L,44,44,88,7,9,16,21,8,29
NATD101014,30,56,86,0,5,5,14,11,25
CSEE8AS02G,0,48,48,0,12,12,9,17,26
PAMM8A3011,5,25,30,3,11,14,13,16,29
CEMM81501T,11,15,26,3,1,4,8,16,24
VTMM81702D,13,50,63,5,15,20,5,24,29
PDEE871041,1,43,44,0,12,12,4,23,27
PGEE05802P,1,58,59,0,15,15,5,22,27
APEE70301C,1,58,59,0,15,15,5,22,27
VRMM816023,10,20,30,2,2,4,7,15,22
NAPS97000L,24,88,112,3,17,20,6,19,25
LITF03050P,89,115,204,2,15,17,15,56,71
MIMM8C301Q,9,49,58,2,14,16,9,21,30
CEEE8BC01T,1,73,74,0,9,9,7,20,27
TPTD03000E,28,40,68,4,5,9,17,12,29
CNEE84001B,4,44,48,2,8,10,5,18,23
CEEE880012,2,52,54,2,22,24,13,8,21
SVMM80703L,10,36,46,2,10,12,11,27,38
CTEE70501N,10,36,46,2,10,12,11,27,38
FIEE82702X,7,85,92,1,18,19,15,26,41
SSMM097008,7,85,92,1,18,19,15,26,41
CAMM87101Q,6,26,32,4,8,12,5,21,26
PSEE837025,0,35,35,0,6,6,9,18,27
CTTD04902N,34,92,126,2,18,20,15,17,32
CZMM843055,11,27,38,3,3,6,10,15,25
TOTD03850L,77,101,178,12,20,32,0,0,0
VREE84204P,1,80,81,0,14,14,8,21,29
SOEE80602C,2,55,57,2,13,15,7,24,31
VREE83502D,3,56,59,0,14,14,6,16,22
PZEE85901R,0,37,37,0,3,3,7,17,24
VRMM894028,5,34,39,2,6,8,5,23,28
APRI011012,94,90,184,5,15,20,20,35,55
VEEE863044,2,71,73,0,13,13,5,31,36
RMRH04602P,2,71,73,0,13,13,5,31,36
TOMM87001P,18,38,56,7,9,16,14,14,28
GOEE81101P,2,40,42,0,4,4,2,23,25
VAMM86201N,12,37,49,7,6,13,6,17,23
REEE81603Q,1,27,28,0,1,1,6,14,20
NOTD09000R,32,58,90,3,5,8,9,22,31
SIEE828024,0,78,78,0,26,26,7,28,35
SAEE8AC01G,2,42,44,0,12,12,10,10,20
BGMM18500P,2,42,44,0,12,12,10,10,20
PZEE852034,2,42,44,0,5,5,9,16,25
BSMM806019,16,19,35,3,1,4,6,23,29
RMMM891018,6,30,36,3,9,12,1,26,27
MOMM846013,4,42,46,0,14,14,6,30,36
MIPS03601R,41,90,131,9,22,31,8,18,26
VVEE818032,5,45,50,0,11,11,11,15,26
CNEE82606A,3,56,59,1,10,11,6,30,36
CREE81003D,1,32,33,0,8,8,4,21,25
BGEE88001Q,3,44,47,0,8,8,1,23,24
CEEE8A9016,1,95,96,0,29,29,12,18,30
RIMM82401V,6,20,26,0,5,5,5,25,30
CHEE83004R,2,42,44,0,10,10,5,23,28
RMEE8DD01Q,1,42,43,0,7,7,2,19,21
CREE811017,3,36,39,0,6,6,3,16,19
CNMM820026,8,22,30,4,3,7,5,22,27
PZEE886048,0,41,41,0,8,8,4,22,26
RNMM02100X,13,57,70,4,14,18,1,18,19
TVEE85102Q,5,61,66,0,11,11,3,21,24
TVEE84402L,1,42,43,0,6,6,2,17,19
TSEE819015,3,28,31,1,0,1,1,20,21
CTEE04600R,3,42,45,0,9,9,9,9,18
BNEE86001Q,3,66,69,1,14,15,4,23,27
RNEE80802G,5,83,88,2,18,20,4,30,34
PGEE027045,4,97,101,0,37,37,4,24,28
RMTF10901X,53,93,146,5,25,30,13,23,36
POEE82203T,6,88,94,3,22,25,8,37,45
BGEE8AG06D,8,51,59,4,8,12,4,28,32
RMEE8DK014,4,57,61,3,13,16,4,21,25
BNRI012014,19,41,60,1,13,14,11,10,21
NAEE885024,0,49,49,0,18,18,6,13,19
ROMM817011,13,35,48,3,10,13,6,25,31
TVEE85902A,13,35,48,3,10,13,6,25,31
VIEE84701A,1,24,25,0,5,5,0,15,15
TSTF010008,60,41,101,0,2,2,14,19,33
LTEE80405A,2,74,76,1,38,39,8,23,31
MIEE8BG01D,1,41,42,1,11,12,2,16,18
MIPS580006,11,31,42,1,2,3,5,7,12
GREE815048,3,50,53,0,8,8,13,16,29
VEEE841025,4,60,64,1,12,13,7,24,31
NAMM8DS014,6,8,14,1,2,3,12,9,21
RCEE848021,4,46,50,0,14,14,19,8,27
SAEE8BL027,1,22,23,0,4,4,7,17,24
FIRH020009,76,135,211,15,61,76,13,26,39
BGEE898011,4,69,73,0,18,18,6,20,26
CSEE8AP01N,1,38,39,0,14,14,11,10,21
BSEE82101C,5,52,57,1,12,13,7,13,20
LIEE07504D,5,52,57,1,12,13,7,13,20
MEPS02901A,20,63,83,0,2,2,14,22,36
ANMM85201V,6,17,23,3,7,10,2,15,17
ANEE84603P,4,47,51,2,17,19,3,24,27
AGEE850013,1,23,24,0,5,5,13,4,17
TEEE83703N,0,74,74,0,27,27,9,31,40
SSEE025154,7,87,94,4,29,33,2,28,30
MOEE82101Q,1,86,87,0,20,20,9,28,37
PARH011501,56,88,144,8,16,24,0,0,0
PDEE89402G,5,72,77,4,11,15,8,32,40
CHTF003021,36,49,85,7,22,29,7,15,22
MEMM848016,10,26,36,3,3,6,9,18,27
RAMM81501A,8,41,49,2,10,12,9,19,28
TPEE049019,5,53,58,1,8,9,7,14,21
AQMM815015,11,26,37,6,6,12,3,26,29
AVMM857013,6,15,21,0,4,4,5,18,23
VEEE869032,3,79,82,0,9,9,2,33,35
MIEE8A1021,7,39,46,3,10,13,6,16,22
BAEE80903A,3,60,63,1,15,16,5,22,27
CBMM84602P,15,32,47,5,12,17,6,18,24
RMEE8BA035,2,59,61,0,21,21,5,22,27
IMTN00601C,36,64,100,2,12,14,9,20,29
PAEE8AD03X,5,76,81,3,25,28,15,17,32
IMEE81601R,2,74,76,0,18,18,6,28,34
CHMM839024,5,28,33,2,13,15,5,29,34
TOEE845013,5,66,71,3,22,25,5,24,29
MIEE8CD02N,4,78,82,2,17,19,9,14,23
CAEE862012,2,57,59,1,24,25,5,16,21
APMM80602R,11,43,54,0,12,12,8,40,48
PZEE831033,4,31,35,0,5,5,6,16,22
PEMM81601V,3,21,24,0,6,6,3,14,17
NUEE86001V,5,45,50,2,8,10,10,24,34
ENMM70001R,5,45,50,2,8,10,10,24,34
CSEE81905D,1,42,43,1,12,13,15,9,24
RMPS05000E,18,71,89,0,1,1,6,23,29
MBMM8GC013,6,23,29,3,7,10,1,18,19
SATN05603T,27,58,85,3,4,7,11,19,30
LEEE85001N,2,53,55,1,11,12,8,15,23
CAEE808019,1,33,34,1,8,9,2,17,19
PVMM814014,7,42,49,2,17,19,5,29,34
AREE83001V,3,28,31,1,8,9,1,20,21
PAEE039039,3,63,66,1,27,28,9,9,18
CAEE89303Q,5,75,80,2,14,16,4,19,23
AGPS02000P,18,79,97,1,4,5,13,16,29
BREE80201G,1,67,68,0,21,21,12,16,28
NAPM010006,15,61,76,0,2,2,6,13,19
PCEE81703L,2,82,84,0,16,16,7,33,40
AQMM82702C,4,21,25,2,7,9,12,19,31
CSRI06101D,52,67,119,5,18,23,21,13,34
MOEE84804V,10,122,132,7,35,42,5,37,42
CSEE87003L,3,49,52,2,15,17,6,15,21
RMRI08001L,24,46,70,5,16,21,11,14,25
LOEE815042,7,83,90,2,23,25,3,29,32
BAPS028016,34,79,113,7,16,23,8,19,27
FGEE880013,1,60,61,1,19,20,10,16,26
BREE81103C,5,69,74,3,26,29,13,15,28
BAEE82803Q,2,61,63,1,25,26,9,20,29
GRMM82601E,9,36,45,0,12,12,6,27,33
PVMM82002C,7,29,36,3,8,11,8,22,30
CTMM860012,19,30,49,6,6,12,6,15,21
BAMM84301P,6,45,51,0,14,14,10,16,26
MIMM8B001N,15,35,50,6,8,14,10,23,33
VIMM82502D,9,23,32,3,4,7,3,26,29
CTEE886028,2,70,72,2,35,37,9,19,28
TOEE8AA054,4,74,78,1,14,15,7,34,41
UDEE82902V,6,78,84,1,19,20,4,35,39
SSEE826028,2,21,23,0,3,3,4,13,17
APMM82201N,10,28,38,2,7,9,6,33,39
VREE83402N,6,68,74,2,17,19,5,18,23
MCEE81401V,2,46,48,1,7,8,5,17,22
TREE82303B,1,70,71,1,12,13,7,26,33
BSEE858024,1,41,42,0,6,6,1,25,26
NOEE82901N,1,73,74,1,25,26,4,33,37
AVEE87505T,9,43,52,0,10,10,13,15,28
PGEE813013,0,12,12,0,2,2,2,13,15
PIEE825056,2,69,71,1,25,26,8,25,33
VREE83501C,3,56,59,0,14,14,6,16,22
VAEE87601L,4,46,50,1,13,14,2,21,23
MIEE8FW036,13,107,120,6,40,46,12,21,33
VREE894018,2,61,63,1,13,14,5,23,28
FRTD013513,25,47,72,1,10,11,0,0,0
CAPM02401R,44,102,146,6,20,26,9,23,32
LTEE841026,1,56,57,0,24,24,7,17,24
CSEE85108C,4,61,65,0,17,17,16,21,37
TEEE82904Q,1,34,35,0,8,8,4,16,20
PGMM82301L,6,18,24,1,3,4,1,17,18
PVRA02050V,36,74,110,11,25,36,10,27,37
TOEE80901X,2,22,24,0,3,3,9,18,27
ANEE84702D,2,68,70,0,23,23,5,28,33
NUEE821029,1,46,47,0,7,7,1,22,23
ALRC01750B,61,121,182,8,31,39,0,0,0
CNEE812039,5,57,62,3,9,12,5,28,33
VVEE817047,4,38,42,1,2,3,13,8,21
MEEE89601L,2,52,54,0,17,17,10,13,23
CTEE83402G,0,66,66,0,24,24,9,22,31
CTEE8A4019,2,53,55,0,25,25,5,14,19
ATEE81401G,5,77,82,1,27,28,7,25,32
RMEE8A001L,1,18,19,0,8,8,5,13,18
TPMM84101L,23,56,79,8,20,28,16,12,28
CSRH07001R,23,56,79,8,20,28,16,12,28
CEEE89501Q,3,69,72,1,11,12,14,19,33
RAEE825023,2,81,83,1,27,28,5,27,32
MIMM810013,7,43,50,4,11,15,8,19,27
RERI003019,56,134,190,7,34,41,8,29,37
LEEE8AH052,3,36,39,0,8,8,9,15,24
PSEE83405R,2,72,74,0,16,16,7,31,38
NAEE14301V,0,62,62,0,21,21,15,12,27
RIRC00601B,40,94,134,3,27,30,16,38,54
PIEE82104T,6,66,72,2,21,23,8,25,33
LTMM81401Q,7,17,24,3,2,5,10,14,24
NAEE8DG018,5,46,51,2,11,13,3,19,22
TSPS02000R,30,51,81,0,1,1,7,18,25
SOMM82204B,6,42,48,0,4,4,9,18,27
SAEE8BR048,2,38,40,1,12,13,14,10,24
NAEE14208A,1,58,59,0,18,18,8,11,19
RCEE85304E,5,79,84,3,26,29,15,17,32
NAPS087017,22,120,142,3,15,18,16,19,35
CHEE80703P,2,55,57,0,21,21,4,23,27
PAMM88202C,8,16,24,2,2,4,9,8,17
VAEE81902D,3,44,47,1,7,8,6,22,28
MOEE82803L,2,62,64,1,15,16,4,27,31
UDEE00800R,1,17,18,0,2,2,0,0,0
TOEE8CC03V,3,45,48,2,12,14,7,20,27
VBEE81701B,5,79,84,1,22,23,8,27,35
PRMM820016,9,30,39,1,6,7,4,30,34
BGPS03201V,53,95,148,1,2,3,16,30,46
RAEE824027,3,69,72,0,25,25,6,28,34
SREE823018,0,35,35,0,6,6,5,17,22
ROSD00350B,50,62,112,13,20,33,0,0,0
TREE00104L,2,105,107,0,34,34,5,20,25
POMM80801C,15,37,52,2,11,13,5,35,40
TVTF030007,63,46,109,1,1,2,8,20,28
RGEE837019,0,34,34,0,10,10,11,20,31
RMEE8BK05B,0,34,34,0,10,10,11,20,31
BAEE162002,4,55,59,1,14,15,6,18,24
TOEE80501L,6,84,90,3,27,30,6,20,26
CREE824019,2,55,57,0,15,15,10,16,26
RCRC007503,23,70,93,5,8,13,0,0,0
METD08050Q,29,57,86,2,14,16,13,16,29
GEMM840015,4,13,17,1,5,6,3,22,25
CEEE87003D,2,54,56,0,20,20,10,16,26
MSTD01801V,43,68,111,4,19,23,14,15,29
CTTF010501,99,98,197,7,22,29,23,22,45
VITD016013,52,112,164,10,35,45,10,29,39
CTEE710015,52,112,164,10,35,45,10,29,39
RMMM8BC04R,5,20,25,2,3,5,2,16,18
TPEE809041,3,42,45,1,13,14,6,15,21
MNEE82903Q,5,71,76,2,17,19,4,30,34
BASL03301E,43,112,155,11,38,49,12,26,38
FEEE80707L,7,67,74,1,13,14,6,26,32
PDEE87901C,2,37,39,0,7,7,3,19,22
MIMM8A801N,17,30,47,8,10,18,5,18,23
MEEE86602T,5,68,73,0,27,27,6,23,29
VIEE860051,4,74,78,1,19,20,6,28,34
MNMM80206T,7,29,36,2,8,10,4,25,29
AREE84002E,3,63,66,0,17,17,3,27,30
PIEE81303T,1,40,41,0,12,12,2,22,24
VAMM85301V,9,36,45,4,7,11,10,22,32
PAEE039006,3,63,66,1,27,28,9,9,18
PGTD03401C,70,115,185,9,35,44,13,36,49
CLEE031002,70,115,185,9,35,44,13,36,49
SAMM86401B,6,20,26,1,4,5,11,8,19
FIEE842011,4,59,63,1,7,8,7,27,34
VITD05050V,49,103,152,4,3,7,12,28,40
PDEE88702C,8,92,100,2,18,20,12,16,28
CTRH010007,85,99,184,13,35,48,17,27,44
CAMM8AB032,8,36,44,1,7,8,1,26,27
MNMM839028,11,32,43,4,8,12,3,30,33
MORI00901V,43,28,71,4,6,10,8,14,22
TVEE876035,3,102,105,2,21,23,10,31,41
AVEE815012,2,20,22,0,4,4,8,6,14
CAEE89301N,5,75,80,2,14,16,4,19,23
FOMM80901D,7,19,26,2,4,6,4,17,21
LEMM81202V,6,15,21,1,2,3,6,12,18
RCMM826023,9,15,24,3,4,7,6,15,21
CAEE87904E,3,66,69,2,26,28,5,21,26
PAMM850021,8,15,23,2,3,5,8,8,16
TOEE89406D,4,61,65,0,13,13,16,31,47
TSEE80403D,3,46,49,0,4,4,5,20,25
GRMM83301N,10,51,61,3,14,17,3,29,32
SARH011027,10,51,61,3,14,17,3,29,32
SAMM81301E,4,19,23,1,5,6,2,13,15
GEMM811015,5,34,39,0,10,10,4,16,20
SATF03101Q,5,34,39,0,10,10,4,16,20
MIEE8D5013,3,35,38,2,8,10,3,16,19
RMMM876016,7,39,46,2,10,12,0,25,25
CLEE816032,6,45,51,2,15,17,13,14,27
PAEE85101R,6,55,61,1,21,22,10,16,26
CSMM849025,13,34,47,3,5,8,14,14,28
LERI03303Q,74,101,175,13,29,42,17,14,31
FEMM80001E,7,39,46,5,12,17,4,29,33
VIMM827014,13,24,37,1,9,10,3,21,24
FOMM805016,13,29,42,2,5,7,4,29,33
VREE85102B,4,50,54,1,18,19,2,17,19
BLEE82001P,6,38,44,0,7,7,10,20,30
BSMM206003,6,38,44,0,7,7,10,20,30
VTMM047008,6,38,44,0,7,7,10,20,30
RMEE8AT028,3,84,87,0,26,26,3,30,33
TRPC01151T,3,84,87,0,26,26,3,30,33
SSRA016514,70,84,154,15,22,37,0,0,0
PAEE89401P,1,20,21,0,3,3,0,0,0
COEE80209N,4,39,43,1,6,7,4,15,19
MSMM81104T,9,26,35,3,4,7,4,19,23
AVMM851014,5,14,19,1,2,3,3,12,15
VETF00850B,68,97,165,5,28,33,0,0,0
RMEE8E0013,2,84,86,2,28,30,3,22,25
MEMM878012,7,17,24,1,3,4,8,14,22
NOEE821024,1,74,75,0,23,23,14,19,33
PIEE82902A,3,69,72,1,15,16,7,27,34
RMMM8B1012,7,40,47,4,10,14,7,20,27
NOMM70401B,7,40,47,4,10,14,7,20,27
RMEE221052,4,106,110,0,25,25,5,25,30
MBMM829022,6,35,41,1,7,8,6,22,28
BNMM84602D,6,13,19,2,2,4,7,9,16
MIEE8BR02P,6,58,64,2,12,14,9,19,28
APMM81302X,4,14,18,1,0,1,3,24,27
FGTF057501,17,15,32,6,0,6,0,0,0
SAEE8A701V,0,32,32,0,9,9,10,12,22
BNEE84504R,1,35,36,1,7,8,6,15,21
LTTF05000D,39,60,99,4,16,20,10,9,19
BSEE87804B,4,77,81,2,23,25,12,17,29
PGEE85101T,3,59,62,0,25,25,2,28,30
CEEE8A4024,4,61,65,2,11,13,11,17,28
NUEE83201P,3,27,30,1,3,4,4,17,21
CSRH07000Q,24,42,66,4,14,18,26,27,53
TOMM86401B,4,18,22,0,2,2,0,0,0
RMMM8FK018,12,24,36,2,5,7,5,15,20
SREE833031,0,60,60,0,13,13,11,18,29
APEE841047,2,64,66,0,19,19,8,29,37
PCEE81105Q,3,34,37,1,6,7,4,30,34
UDRI013012,85,122,207,6,21,27,10,36,46
PDRH00901C,21,52,73,2,10,12,8,16,24
CHMM80701G,15,38,53,6,15,21,4,23,27
CTMM8AD018,5,38,43,4,21,25,11,13,24
NAEE820018,0,30,30,0,5,5,9,16,25
BSEE89704R,7,60,67,1,8,9,8,22,30
PATF03401N,57,76,133,6,23,29,29,14,43
SOEE82203B,6,68,74,4,11,15,9,18,27
CSTF07701X,54,61,115,9,12,21,20,32,52
RMEE8GC01Q,6,104,110,4,31,35,6,19,25
RMEE8DB047,1,68,69,0,16,16,5,26,31
RNEE018038,4,48,52,0,13,13,1,24,25
NATD10151D,30,56,86,0,5,5,0,0,0
COEE833022,3,40,43,0,7,7,2,17,19
GOEE81002X,1,36,37,1,6,7,1,26,27
NAEE118005,1,50,51,0,18,18,10,11,21
CEEE81804D,1,39,40,0,14,14,9,11,20
REEE849022,0,54,54,0,15,15,7,20,27
CBEE84801A,0,47,47,0,10,10,6,17,23
VBEE80805R,2,43,45,0,11,11,7,24,31
RCEE871011,5,78,83,1,16,17,22,12,34
PAEE03100G,3,71,74,1,28,29,5,17,22
BGEE8AB026,2,44,46,2,13,15,6,21,27
TEEE82304R,1,38,39,0,18,18,4,15,19
FERA011014,1,38,39,0,18,18,4,15,19
CLTF01251L,58,47,105,11,11,22,0,0,0
RMEE8F705L,1,88,89,0,39,39,13,17,30
VAMM80901R,7,40,47,1,9,10,5,22,27
BOMM846015,7,34,41,1,7,8,7,20,27
CREE805065,8,95,103,3,25,28,5,41,46
GETF01601X,63,101,164,10,23,33,9,26,35
PSMM837013,11,19,30,1,3,4,9,18,27
CTEE08301R,4,31,35,1,6,7,6,9,15
TPEE817062,3,58,61,1,18,19,12,15,27
CESD04250E,29,86,115,4,32,36,0,0,0
VEEE834033,3,64,67,0,11,11,2,25,27
TVMM83701B,8,24,32,1,4,5,3,27,30
VVEE83102B,4,88,92,0,25,25,15,12,27
NAMM0AF00G,6,47,53,1,4,5,5,12,17
VIEE869039,10,47,57,6,13,19,5,16,21
RAEE80203B,5,68,73,2,16,18,14,23,37
BAEE88202B,2,78,80,1,27,28,5,23,28
UDEE843047,6,70,76,2,19,21,8,24,32
BSEE865027,6,70,76,2,19,21,8,24,32
MBMM8AA01Q,6,32,38,1,9,10,2,20,22
NOTD09001T,6,32,38,1,9,10,2,20,22
CTEE80903X,7,58,65,2,18,20,8,17,25
GEEE84801R,3,43,46,1,11,12,5,18,23
CTEE82503T,3,79,82,2,28,30,8,27,35
LUEE830016,5,61,66,1,11,12,3,27,30
ISMM815026,8,24,32,1,1,2,11,24,35
BSTD01651P,53,103,156,9,18,27,0,0,0
PITD04001C,53,103,156,9,18,27,0,0,0
MIMM0CF007,53,103,156,9,18,27,0,0,0
BRTD010507,30,54,84,4,12,16,12,15,27
NAEE8FQ02A,3,55,58,1,14,15,13,13,26
SAEE8BV01T,2,52,54,1,16,17,10,13,23
PREE83801C,3,54,57,1,14,15,2,26,28
FIPS02601G,59,81,140,10,9,19,11,19,30
CEMM864013,8,37,45,4,8,12,12,9,21
LIEE00301C,8,37,45,4,8,12,12,9,21
LTEE84903T,0,79,79,0,39,39,7,18,25
PVEE80406Q,3,64,67,1,19,20,6,31,37
BNRH012501,19,41,60,1,13,14,0,0,0
UDEE84701B,4,66,70,1,24,25,2,28,30
LCEE82101C,2,73,75,0,18,18,9,22,31
CTRH01050L,85,99,184,13,35,48,17,27,44
VCEE803058,6,55,61,4,22,26,4,23,27
CATD00651B,26,52,78,4,10,14,0,0,0
BLMM829014,6,41,47,1,8,9,7,17,24
MNMM80201L,7,29,36,2,8,10,4,25,29
CSEE874052,5,33,38,0,7,7,10,13,23
SAEE86204X,1,58,59,0,16,16,11,20,31
CETF02051A,1,58,59,0,16,16,11,20,31
MIMM881037,20,19,39,8,2,10,6,19,25
PDEE888028,8,60,68,2,18,20,7,17,24
LIEE06105L,8,60,68,2,18,20,7,17,24
CHMM062004,12,21,33,5,8,13,7,15,22
PSEE82002Q,3,56,59,0,16,16,7,31,38
RMEE8GL02R,3,97,100,0,33,33,5,20,25
LUEE82605P,0,38,38,0,1,1,0,21,21
MNMM80701Q,15,30,45,5,7,12,7,19,26
CTEE8AU05D,4,44,48,0,10,10,5,17,22
GRRI00301L,32,54,86,3,14,17,12,37,49
FGMM857011,10,67,77,3,24,27,15,17,32
ENMM82001V,12,26,38,4,5,9,11,19,30
RMRC09751P,31,95,126,7,25,32,0,0,0
MNEE700026,31,95,126,7,25,32,0,0,0
PEMM83401C,8,46,54,0,6,6,10,23,33
MTRI00201T,16,25,41,0,0,0,6,9,15
NUEE877018,7,30,37,1,6,7,2,15,17
PGEE027067,4,97,101,0,37,37,4,24,28
VEMM03600G,3,17,20,0,4,4,0,0,0
BNEE81004T,1,55,56,0,16,16,8,24,32
AVMM86201E,8,23,31,1,3,4,5,22,27
LIRI006501,66,97,163,10,31,41,0,0,0
BOMM820011,11,22,33,1,4,5,4,23,27
REEE835013,5,114,119,4,37,41,4,28,32
MTEE81701T,1,48,49,0,15,15,9,8,17
LERI01653B,57,75,132,10,11,21,0,0,0
LEEE85605R,1,41,42,0,10,10,7,16,23
UDMM700018,1,41,42,0,10,10,7,16,23
AREE82501B,2,40,42,1,13,14,2,18,20
TOEE84602X,3,55,58,1,8,9,8,30,38
SSTD01701R,23,51,74,4,15,19,6,16,22
VTEE81701D,4,42,46,1,15,16,5,24,29
PDEE876033,7,92,99,4,19,23,10,24,34
RMMM8A501P,5,28,33,2,5,7,4,14,18
COEE80307B,3,62,65,2,13,15,3,25,28
ANEE82901V,3,55,58,1,12,13,5,30,35
BORI02351L,103,98,201,6,17,23,0,0,0
LUEE85001B,3,47,50,0,10,10,0,23,23
NAPS97001N,24,88,112,3,17,20,6,19,25
RMMM8FS018,18,65,83,4,14,18,9,29,38
RMTF023019,42,127,169,9,42,51,16,21,37
NARA06350L,43,80,123,8,10,18,0,0,0
TOEE87703L,11,76,87,5,26,31,10,24,34
MSEE81702Q,1,68,69,0,24,24,3,26,29
RAEE82904C,5,49,54,1,6,7,7,23,30
PGEE80801G,1,27,28,1,5,6,2,13,15
CAEE87103V,0,69,69,0,18,18,5,21,26
RMEE8E903G,4,82,86,2,21,23,2,26,28
GEEE70601T,4,82,86,2,21,23,2,26,28
BOMM847044,6,35,41,1,8,9,7,24,31
VATD013517,34,67,101,2,3,5,0,0,0
VEEE86901X,3,79,82,0,9,9,2,33,35
TAEE81901G,3,53,56,2,21,23,5,19,24
PZEE85903V,0,37,37,0,3,3,7,17,24
FGRI013012,43,38,81,6,9,15,12,10,22
VEMM86402R,10,33,43,3,8,11,8,25,33
RMTD04602R,10,33,43,3,8,11,8,25,33
CNMM81101A,3,24,27,0,6,6,1,25,26
TOEE87002R,4,43,47,1,11,12,14,14,28
MIMM8C1014,10,52,62,5,12,17,14,16,30
TREE811013,2,33,35,2,8,10,4,18,22
FGMM82501D,4,25,29,0,6,6,14,5,19
BNEE83901A,2,11,13,1,2,3,10,8,18
FRSL031018,26,60,86,2,11,13,5,17,22
LIEE818026,1,75,76,0,23,23,4,26,30
PSEE703014,1,75,76,0,23,23,4,26,30
PZEE83303P,4,32,36,0,5,5,9,11,20
BSEE80604D,3,38,41,1,4,5,6,23,29
SATN05601Q,27,58,85,3,4,7,11,19,30
LTEE834012,0,57,57,0,20,20,5,19,24
BSEE857017,1,46,47,0,10,10,5,19,24
VCMM81302P,8,15,23,2,3,5,7,16,23
PCEE81204E,5,107,112,0,28,28,9,37,46
CNMM85302D,8,17,25,2,3,5,5,21,26
RCMM834022,5,20,25,1,5,6,10,12,22
NAMM85101V,4,40,44,0,10,10,9,15,24
RMEE8EP01T,3,48,51,0,9,9,3,15,18
CNEE85901C,5,76,81,2,24,26,9,30,39
RMEE806033,6,37,43,0,6,6,9,12,21
MITD03601L,41,90,131,9,22,31,8,18,26
ALEE818074,1,52,53,0,13,13,8,25,33
SOEE80601B,2,55,57,2,13,15,7,24,31
PSEE82501T,3,57,60,1,15,16,5,23,28
ORMM81901P,14,31,45,5,10,15,4,27,31
FRPC00601G,33,65,98,1,3,4,5,24,29
CHEE83003Q,2,42,44,0,10,10,5,23,28
RMEE8F706N,1,88,89,0,39,39,13,17,30
CNMM820015,8,22,30,4,3,7,5,22,27
TPEE82401X,6,54,60,4,20,24,10,17,27
TOTF01750T,52,54,106,16,20,36,0,0,0
TVEE85101P,5,61,66,0,11,11,3,21,24
PDMM87202N,3,27,30,1,3,4,8,16,24
RNEE806064,3,104,107,1,35,36,13,33,46
ANEE806038,3,50,53,2,15,17,1,23,24
SPEE80504L,2,47,49,0,7,7,6,21,27
RMEE8DK036,4,57,61,3,13,16,4,21,25
TVEE85302B,3,51,54,0,9,9,3,21,24
AVEE87501N,9,43,52,0,10,10,13,15,28
VAEE808023,5,55,60,3,14,17,2,21,23
CNEE81605P,2,37,39,0,11,11,5,23,28
TOMM8CD01G,4,33,37,1,13,14,5,33,38
MIMM8FW013,18,62,80,6,24,30,12,21,33
MIPS61000R,5,17,22,0,2,2,5,5,10
CSEE851059,4,61,65,0,17,17,16,21,37
RCEE848098,4,46,50,0,14,14,19,8,27
SRMM82101G,11,31,42,4,8,12,8,22,30
BSMM822017,5,16,21,1,2,3,3,9,12
TEMM82902L,15,20,35,3,7,10,4,16,20
AGEE850035,1,23,24,0,5,5,13,4,17
TEEE83604V,1,76,77,0,22,22,5,30,35
RCEE81001D,2,47,49,0,3,3,13,13,26
CLEE82401V,3,50,53,0,14,14,13,13,26
PAEE87201T,3,38,41,1,11,12,12,11,23
CEPS02302B,45,111,156,6,25,31,17,19,36
BGEE820047,0,40,40,0,9,9,1,15,16
PASL01101Q,56,88,144,8,16,24,29,9,38
PDMM89401D,13,46,59,1,2,3,8,32,40
PREE81401X,6,58,64,2,12,14,10,21,31
BRRH01002T,62,114,176,12,44,56,16,24,40
CHPM00301V,36,49,85,7,22,29,7,15,22
CRTA00204D,67,64,131,15,19,34,34,51,85
SPPC010009,10,52,62,0,1,1,4,17,21
NUMM821028,9,20,29,1,4,5,1,22,23
MEEE87106D,3,61,64,1,19,20,14,12,26
UDEE84704E,4,66,70,1,24,25,2,28,30
CLEE829023,0,43,43,0,8,8,15,11,26
AQMM815026,11,26,37,6,6,12,3,26,29
BLEE829037,2,38,40,1,6,7,7,17,24
PAEE11301X,2,81,83,1,32,33,8,16,24
BORI009509,32,31,63,3,8,11,0,0,0
CRTF00401P,105,100,205,4,16,20,21,37,58
IMEE81602T,2,74,76,0,18,18,6,28,34
CTMM8A4018,7,26,33,1,4,5,5,14,19
BRPC006018,49,89,138,8,28,36,20,14,34
MNEE80801L,4,89,93,2,33,35,7,27,34
LEEE8AH01T,3,36,39,0,8,8,9,15,24
MBRI006013,33,90,123,2,6,8,12,19,31
NAEE8GU02N,1,78,79,0,23,23,14,18,32
CAEE81301R,1,20,21,0,5,5,3,11,14
NATF240506,67,73,140,6,14,20,21,16,37
VTEE827025,0,49,49,0,16,16,4,20,24
ARMM83002V,7,20,27,1,6,7,1,20,21
COEE809014,3,54,57,0,12,12,6,20,26
MITD044511,61,98,159,4,10,14,0,0,0
REEE835035,5,114,119,4,37,41,4,28,32
VREE86402D,3,56,59,0,13,13,5,18,23
RMRI080512,24,46,70,5,16,21,0,0,0
UDMM70201X,24,46,70,5,16,21,0,0,0
BARC02801P,24,46,70,5,16,21,0,0,0
BAEE82802P,2,61,63,1,25,26,9,20,29
VAMM836015,5,40,45,3,8,11,5,16,21
MIEE8B001P,5,83,88,1,20,21,10,23,33
TOMM845023,13,34,47,5,8,13,5,24,29
NUEE86002X,5,45,50,2,8,10,10,24,34
CSMM81903A,5,22,27,0,4,4,15,9,24
SAEE823027,2,19,21,1,4,5,6,9,15
BNEE82301R,1,33,34,0,7,7,6,16,22
FREE827017,3,36,39,1,7,8,4,18,22
CTMM70501L,3,36,39,1,7,8,4,18,22
PDMM839022,10,28,38,0,4,4,3,23,26
ANMM835015,6,17,23,2,2,4,3,19,22
PGMM813023,4,8,12,0,1,1,2,13,15
BSMM8AA01R,10,40,50,4,7,11,8,19,27
VREE89403A,2,61,63,1,13,14,5,23,28
NAPS03901T,37,84,121,1,9,10,15,9,24
TOEE87003T,4,43,47,1,11,12,14,14,28
FRTL01751R,4,43,47,1,11,12,14,14,28
TOEE8BJ03L,5,69,74,2,16,18,6,29,35
AGEE86101D,4,44,48,0,7,7,15,10,25
FGMM880012,19,55,74,8,12,20,10,16,26
RMTD04801B,37,108,145,8,31,39,10,26,36
BGEE84106A,3,76,79,2,21,23,6,25,31
RMEE81701B,3,60,63,0,18,18,5,18,23
FREE84204C,3,76,79,0,34,34,7,25,32
PVRA02000D,36,74,110,11,25,36,10,27,37
CSMM849014,13,34,47,3,5,8,14,14,28
VREE83404Q,6,68,74,2,17,19,5,18,23
BSEE807016,2,41,43,0,9,9,5,20,25
NAEE341033,3,60,63,0,18,18,14,8,22
APTD07000B,31,65,96,1,4,5,9,22,31
AVMM815011,9,17,26,2,3,5,8,6,14
RCEE82616Q,3,37,40,1,7,8,6,15,21
PAEE892046,4,95,99,2,33,35,15,19,34
GEMM81401L,8,24,32,0,7,7,4,28,32
UDMM83301C,7,26,33,3,5,8,1,25,26
BSEE865016,5,90,95,1,19,20,18,27,45
TPEE84101N,6,46,52,1,20,21,16,12,28
ALEE81305V,1,63,64,0,14,14,9,20,29
LOEE81603R,3,76,79,1,13,14,3,25,28
MIEE810014,2,53,55,1,13,14,8,19,27
REPS003014,56,134,190,7,34,41,8,29,37
BIEE80702B,5,37,42,1,11,12,6,16,22
RIRH010007,41,74,115,11,19,30,18,64,82
OREE82307N,3,41,44,0,14,14,6,27,33
RMMM855015,12,36,48,5,9,14,3,23,26
GEEE82102T,2,44,46,0,7,7,3,21,24
RMEE8FD011,4,77,81,0,22,22,9,16,25
CNEE81606Q,2,37,39,0,11,11,5,23,28
CNEE812017,5,57,62,3,9,12,5,28,33
TPMM83301N,12,30,42,3,8,11,9,16,25
NATN087022,22,120,142,3,15,18,16,19,35
TVMM859018,7,30,37,0,9,9,9,22,31
RCEE80409E,3,74,77,1,16,17,19,16,35
SVEE80305C,2,50,52,0,11,11,5,28,33
TOEE8BT08D,6,81,87,3,29,32,11,32,43
MSEE81203N,0,48,48,0,19,19,2,20,22
UDEE00801T,1,17,18,0,2,2,0,0,0
PIEE829019,3,69,72,1,15,16,7,27,34
PGEE850034,3,52,55,0,18,18,4,18,22
BGTD014015,42,105,147,5,15,20,8,26,34
RCSL02901X,25,63,88,4,11,15,13,20,33
MESD03101R,43,129,172,8,38,46,14,19,33
FERH00801C,41,59,100,9,14,23,10,25,35
TOEE8BS05E,2,71,73,0,15,15,12,27,39
CEEE89504V,3,69,72,1,11,12,14,19,33
FOTD020502,24,63,87,1,4,5,8,19,27
AGRC01601L,76,88,164,7,18,25,24,18,42
SRMM823017,3,17,20,1,4,5,5,17,22
CSEE8AM08D,1,84,85,0,21,21,16,12,28
TVEE86703A,5,104,109,0,21,21,7,23,30
BGMM83101D,23,52,75,8,11,19,7,24,31
TVTF04000T,74,80,154,1,9,10,13,30,43
BGEE819032,4,62,66,1,9,10,8,18,26
PREE020007,4,90,94,1,24,25,1,28,29
CBEE853096,1,36,37,1,9,10,4,18,22
MBEE829023,5,76,81,3,11,14,6,22,28
NAEE8DG029,5,46,51,2,11,13,3,19,22
MOEE82702Q,2,32,34,0,8,8,6,20,26
TSPS03000B,29,61,90,1,1,2,6,23,29
PTMM82101L,8,18,26,2,5,7,4,22,26
FEMM82501V,10,46,56,6,12,18,1,32,33
PDTE02951L,38,109,147,3,4,7,0,0,0
BATD06252X,17,55,72,1,7,8,0,0,0
RCPS007016,23,70,93,5,8,13,13,12,25
LIEE81001E,1,66,67,0,18,18,7,29,36
METD08001B,1,66,67,0,18,18,7,29,36
FGRC05401G,26,38,64,3,13,16,8,7,15
VAEE81901C,3,44,47,1,7,8,6,22,28
MOEE82801E,2,62,64,1,15,16,4,27,31
SAMM832021,8,24,32,2,6,8,5,12,17
AGEE83804G,7,41,48,1,14,15,13,10,23
COEE85601N,3,72,75,0,16,16,2,31,33
CTTF01000G,99,98,197,7,22,29,23,22,45
MBTF10601R,58,83,141,1,10,11,13,29,42
VIRC01601Q,52,112,164,10,35,45,10,29,39
LCEE802046,2,21,23,0,5,5,0,11,11
CNEE835032,4,27,31,1,2,3,4,19,23
RMMM8BC02P,5,20,25,2,3,5,2,16,18
RAEE824016,3,69,72,0,25,25,6,28,34
CNMM80301B,4,12,16,0,3,3,2,18,20
RMEE8BV017,1,60,61,0,21,21,2,15,17
RMMM8EK01N,6,24,30,3,10,13,2,23,25
MIEE8CT01X,15,96,111,5,26,31,8,21,29
RMEE8BK028,15,96,111,5,26,31,8,21,29
PEMM81304E,15,96,111,5,26,31,8,21,29
SREE859013,7,27,34,3,5,8,13,8,21
TOMM80501G,8,15,23,2,8,10,6,20,26
CREE80003V,4,70,74,1,24,25,6,32,38
CLEE031024,4,70,74,1,24,25,6,32,38
VITD09000X,26,58,84,1,4,5,9,17,26
TVMM884011,9,47,56,0,11,11,6,33,39
MOTF00901Q,43,28,71,4,6,10,8,14,22
TSEE814034,5,55,60,2,8,10,7,18,25
PTMM808016,16,53,69,7,19,26,9,33,42
ISMM82606R,10,29,39,2,5,7,6,22,28
SSMM813047,13,32,45,1,10,11,4,31,35
BRMM80203L,19,36,55,5,8,13,12,16,28
ALEE82204L,4,39,43,2,9,11,5,22,27
SAPC011019,34,43,77,4,4,8,11,16,27
MIRI077018,113,144,257,24,49,73,26,29,55
TOEE8AC03N,10,94,104,4,23,27,10,32,42
SAEE8AY01P,2,47,49,1,11,12,10,18,28
RMEE876028,2,66,68,1,21,22,0,25,25
VTMM83602V,0,12,12,0,2,2,2,24,26
CTMM86701R,11,50,61,4,28,32,11,15,26
KREE81203B,11,50,61,4,28,32,11,15,26
VIEE82504L,0,50,50,0,7,7,3,26,29
MIMM86901E,16,36,52,7,8,15,4,27,31
FEEE80701A,7,67,74,1,13,14,6,26,32
SAEE887015,4,34,38,1,6,7,5,16,21
GRMM828016,12,32,44,3,9,12,7,18,25
MOPC006013,47,89,136,11,19,30,9,28,37
CTEE8AN015,4,59,63,1,26,27,7,15,22
PIEE812043,3,62,65,1,17,18,5,28,33
BLMM82001N,13,25,38,2,4,6,10,20,30
FGEE86602T,2,51,53,1,20,21,13,14,27
BSEE816022,4,73,77,1,15,16,5,21,26
CSMM814026,5,10,15,0,1,1,12,2,14
FIEE842022,4,59,63,1,7,8,7,27,34
CAEE8AB022,5,52,57,1,12,13,1,26,27
MNEE83905C,6,62,68,3,19,22,3,30,33
TRMM02201D,4,30,34,0,6,6,2,4,6
VIEE835014,3,29,32,0,11,11,5,10,15
BOEE86601B,6,74,80,2,14,16,6,28,34
SSTD016044,70,84,154,15,22,37,20,31,51
VIEE88803P,3,49,52,0,14,14,6,21,27
TOEE894029,4,61,65,0,13,13,16,31,47
NUMM871018,5,29,34,2,3,5,8,20,28
COEE80205D,4,39,43,1,6,7,4,15,19
RMTF09401B,60,120,180,6,22,28,14,25,39
LCEE82104G,2,73,75,0,18,18,9,22,31
LEEE81901N,0,50,50,0,11,11,11,12,23
SOMM82401X,7,29,36,2,4,6,2,31,33
PGEE82301N,4,24,28,0,3,3,1,17,18
PIMM829029,9,38,47,4,11,15,7,27,34
TOMM8B001N,9,49,58,4,14,18,13,26,39
ALPM01601Q,53,118,171,11,28,39,6,39,45
BNPS012031,53,118,171,11,28,39,6,39,45
CZEE871049,1,45,46,0,3,3,9,17,26
MIEE8C7014,7,83,90,2,24,26,11,22,33
ORMM80603P,8,19,27,1,1,2,5,14,19
MIEE8BR01N,6,58,64,2,12,14,9,19,28
MIEE8EF02E,2,58,60,1,7,8,7,21,28
CZTL06000D,50,45,95,5,7,12,11,16,27
SIEE822014,8,80,88,2,24,26,3,29,32
BSEE878018,4,77,81,2,23,25,12,17,29
PZEE83801Q,0,34,34,0,3,3,8,9,17
NAMM8E0013,18,44,62,2,13,15,11,24,35
VRMM89901A,6,22,28,1,11,12,2,22,24
ALEE829029,1,67,68,0,22,22,12,21,33
APMM817016,11,29,40,1,8,9,1,36,37
ALEE838013,3,24,27,1,4,5,11,25,36
APEE841014,2,64,66,0,19,19,8,29,37
VTEE82301R,1,26,27,0,8,8,4,21,25
PCEE81101G,3,34,37,1,6,7,4,30,34
NAEE14302X,0,62,62,0,21,21,15,12,27
CEEE83403A,0,44,44,0,7,7,9,13,22
RAEE82701N,2,52,54,1,12,13,4,19,23
PARI03401R,57,76,133,6,23,29,29,14,43
BAEE855023,2,72,74,1,21,22,4,27,31
VBEE819057,0,62,62,0,15,15,4,29,33
RMMM8E801L,12,39,51,7,12,19,4,23,27
CTPC047023,12,39,51,7,12,19,4,23,27
CZEE813038,4,46,50,0,11,11,7,15,22
MTMM81701R,8,24,32,2,5,7,9,8,17
CSEE89602Q,4,71,75,2,23,25,4,27,31
LTEE819043,1,42,43,0,10,10,10,18,28
NAMM834015,12,21,33,5,7,12,8,16,24
NAEE11400T,2,59,61,0,16,16,11,8,19
RMMM8EE015,8,35,43,1,10,11,2,23,25
NAEE8DA02A,0,35,35,0,9,9,9,7,16
PZMM857036,10,31,41,1,6,7,6,18,24
ROMM80003N,18,36,54,6,9,15,6,25,31
SAEE8BK01A,5,49,54,2,19,21,13,14,27
NAPS930006,34,105,139,1,3,4,11,22,33
SREE83301V,0,60,60,0,13,13,11,18,29
NAPS06301P,43,80,123,8,10,18,17,18,35
FERH011018,78,123,201,16,46,62,21,42,63
CLTF012017,58,47,105,11,11,22,11,15,26
SVMM80702G,10,36,46,2,10,12,11,27,38
LTRC019011,63,81,144,7,33,40,8,19,27
VAEE809052,3,54,57,1,12,13,5,22,27
PDEE83402X,0,38,38,0,8,8,4,14,18
PVMM813018,15,34,49,4,13,17,10,27,37
FGEE82302X,5,44,49,1,4,5,8,14,22
GEPS01601T,63,101,164,10,23,33,9,26,35
BGEE83203C,3,62,65,1,10,11,2,25,27
AGMM826048,16,28,44,2,5,7,16,16,32
FOEE019005,5,71,76,1,16,17,4,23,27
TEPM010004,21,59,80,4,6,10,5,10,15
VVEE83103C,4,88,92,0,25,25,15,12,27
RNEE018049,4,48,52,0,13,13,1,24,25
MTMM81901C,10,14,24,1,1,2,8,16,24
RMEE8EY02P,3,75,78,1,21,22,6,17,23
PAEE020005,5,92,97,1,25,26,11,19,30
SRTD00702Q,5,92,97,1,25,26,11,19,30
CBEE84802B,0,47,47,0,10,10,6,17,23
VAEE81801L,3,48,51,1,14,15,7,22,29
BATA033024,3,48,51,1,14,15,7,22,29
LIEE819022,4,79,83,2,20,22,8,23,31
BAEE804026,4,79,83,2,20,22,8,23,31
PAEE03104Q,3,71,74,1,28,29,5,17,22
SAEE87203D,0,30,30,0,6,6,7,11,18
GOPS009017,22,47,69,0,1,1,6,19,25
PIEE81801V,4,66,70,0,23,23,4,21,25
CBTA024515,32,48,80,3,14,17,0,0,0
PTMM81401D,12,43,55,3,20,23,3,26,29
SSEE82503D,4,54,58,0,19,19,2,22,24
IMMM805019,9,14,23,4,0,4,4,21,25
MIMM709012,9,14,23,4,0,4,4,21,25
TOEE82705N,1,36,37,0,6,6,10,16,26
ENEE81002A,1,38,39,0,6,6,13,8,21
VITD090509,26,58,84,1,4,5,9,17,26
TPEE83503C,4,55,59,2,22,24,6,18,24
COMM82101N,11,21,32,6,5,11,4,14,18
CETD041515,34,53,87,5,9,14,0,0,0
OREE82902B,4,48,52,2,20,22,5,18,23
CETF02000X,4,48,52,2,20,22,5,18,23
PSEE82503X,3,57,60,1,15,16,5,23,28
PDMM888016,15,23,38,3,10,13,7,17,24
CHMM05902A,7,11,18,0,2,2,0,0,0
UDMM83801G,4,22,26,0,2,2,2,15,17
NAMM0A100C,11,77,88,4,21,25,7,10,17
LUEE82606Q,0,38,38,0,1,1,0,21,21
MIEE8D5024,3,35,38,2,8,10,3,16,19
RCMM84801V,11,33,44,3,7,10,19,8,27
BREE80001X,4,32,36,1,9,10,7,9,16
CLEE81601X,6,45,51,2,15,17,13,14,27
FIEE850021,4,62,66,3,12,15,7,23,30
ISEE815016,2,65,67,1,11,12,11,24,35
PITD04002D,36,65,101,7,21,28,4,19,23
AREE819025,9,52,61,1,15,16,4,25,29
RMTF109519,53,93,146,5,25,30,0,0,0
NAEE8BZ03R,7,43,50,2,18,20,7,10,17
MIPS10101P,38,69,107,2,7,9,9,24,33
ANMM84701B,10,29,39,3,6,9,5,28,33
VRMM860025,8,17,25,1,3,4,5,22,27
FGRI02301L,46,124,170,8,33,41,16,17,33
SAEE8AS02R,2,70,72,2,24,26,11,18,29
VRTL01000T,51,55,106,3,6,9,6,25,31
MEMM830011,6,19,25,1,3,4,9,11,20
BOEE82101T,6,50,56,1,10,11,5,21,26
PAEE103008,3,35,38,1,9,10,8,7,15
BOMM88502R,9,16,25,2,4,6,6,15,21
LERH00101P,54,89,143,11,29,40,22,19,41
MBEE8F4019,7,91,98,2,30,32,11,24,35
FGMM84401V,8,14,22,0,4,4,9,8,17
LEMM85604P,6,18,24,2,2,4,7,16,23
SSRH01802G,45,61,106,13,19,32,21,51,72
RMEE83701L,3,67,70,1,23,24,4,23,27
RMRC097019,31,95,126,7,25,32,20,17,37
PGSD026014,31,95,126,7,25,32,20,17,37
BARI130007,63,146,209,12,57,69,27,25,52
VRMM859021,11,46,57,3,7,10,7,33,40
MTPM00201N,16,25,41,0,0,0,6,9,15
SREE845015,16,25,41,0,0,0,6,9,15
RMPM12000L,46,125,171,2,23,25,11,28,39
AVEE88401C,2,37,39,1,12,13,7,12,19
MIEE81903L,8,76,84,3,18,21,11,22,33
MIEE8AR013,10,56,66,5,13,18,9,22,31
GEMM70601R,10,56,66,5,13,18,9,22,31
LUMM84501V,5,15,20,1,2,3,1,23,24
TAEE81701X,1,36,37,1,9,10,7,17,24
FREE82103A,1,43,44,0,7,7,5,23,28
CSEE837042,7,49,56,3,16,19,16,16,32
CZMM86503X,9,29,38,3,7,10,15,14,29
FGRI01351B,43,38,81,6,9,15,0,0,0
AVEE87402V,0,27,27,0,4,4,5,14,19
RMEE8BA024,2,59,61,0,21,21,5,22,27
FGEE81803D,2,59,61,0,21,21,5,22,27
RMEE8A502R,1,35,36,1,7,8,4,14,18
BNMM83803G,7,28,35,0,8,8,8,17,25
PGEE05805T,1,58,59,0,15,15,5,22,27
TOEE86401C,5,23,28,2,2,4,0,0,0
FRMM454002,3,31,34,0,8,8,0,0,0
RMEE82005B,4,64,68,1,20,21,5,19,24
PZMM83301G,5,25,30,0,5,5,9,11,20
VREE88503G,2,75,77,0,17,17,6,22,28
MIEE8C301R,12,107,119,5,33,38,9,21,30
CNEE84004E,4,44,48,2,8,10,5,18,23
TOEE87702G,11,76,87,5,26,31,10,24,34
RMMM8AG01A,6,17,23,1,5,6,5,15,20
NAMM820017,7,41,48,2,7,9,9,16,25
PCEE81205G,5,107,112,0,28,28,9,37,46
KREE819014,0,24,24,0,4,4,6,6,12
BSEE89703Q,7,60,67,1,8,9,8,22,30
PCEE81801A,3,66,69,1,19,20,13,22,35
AQMM82701B,4,21,25,2,7,9,12,19,31
FRTF00601R,33,65,98,1,3,4,5,24,29
CHEE820046,1,50,51,0,13,13,0,0,0
PAEE73101P,1,50,51,0,13,13,0,0,0
TPMM807015,12,22,34,3,5,8,11,14,25
SAEE823016,2,19,21,1,4,5,6,9,15
BSEE80603C,3,38,41,1,4,5,6,23,29
RMEE8F701C,1,88,89,0,39,39,13,17,30
SPMM80503E,8,29,37,0,3,3,6,21,27
SAEE8B701D,4,66,70,2,17,19,8,11,19
ALEE81802V,1,52,53,0,13,13,8,25,33
CRMM81001A,4,20,24,1,5,6,4,21,25
BGEE87802R,1,47,48,0,10,10,3,20,23
MEMM85201T,1,22,23,0,2,2,6,18,24
SVTL00101B,44,103,147,6,18,24,15,19,34
RMEE8CB02E,5,47,52,2,14,16,7,21,28
FOEE020009,7,80,87,2,16,18,8,25,33
CHMM83001L,7,22,29,3,4,7,5,23,28
RMMM8DD01P,5,20,25,0,6,6,2,19,21
AGMM86101C,18,21,39,2,5,7,15,10,25
AVEE807013,8,49,57,2,8,10,6,24,30
RMEE8F703E,1,88,89,0,39,39,13,17,30
CNEE820038,0,31,31,0,3,3,5,22,27
TEMM82901G,15,20,35,3,7,10,4,16,20
FGEE11002Q,5,91,96,3,30,33,5,22,27
NAMM8FX01C,11,23,34,6,9,15,8,10,18
NAEE187103,2,69,71,0,17,17,13,12,25
TORC01752A,52,54,106,16,20,36,0,0,0
RMMM8CK01C,14,44,58,6,7,13,6,22,28
TVMM85101N,9,26,35,1,4,5,3,21,24
RCMM81002D,4,25,29,2,6,8,13,13,26
PAMM87201R,15,39,54,4,14,18,12,11,23
MCEE82901L,3,56,59,2,16,18,7,15,22
ANMM815021,11,35,46,3,10,13,5,32,37
BGEE820025,0,40,40,0,9,9,1,15,16
BGEE8AG05C,8,51,59,4,8,12,4,28,32
BAMM301007,8,51,59,4,8,12,4,28,32
BSTD02201L,98,97,195,27,32,59,30,50,80
SRPS02301R,63,104,167,22,24,46,23,27,50
BLEE829015,2,38,40,1,6,7,7,17,24
ROEE817012,2,44,46,0,8,8,6,25,31
PNEE82502G,2,41,43,1,7,8,2,19,21
SAEE86203V,1,58,59,0,16,16,11,20,31
CRRI004517,105,100,205,4,16,20,0,0,0
NARI006504,27,70,97,7,21,28,0,0,0
GEMM81504G,4,23,27,1,7,8,5,16,21
CTMM8A5014,13,44,57,7,22,29,6,20,26
MIPS67000C,5,5,10,0,0,0,0,0,0
TOTL06801E,74,110,184,17,22,39,20,29,49
MEEE83506A,3,51,54,0,8,8,10,17,27
MIEE890022,7,65,72,2,19,21,1,29,30
CSMM8AN011,14,47,61,1,12,13,11,8,19
LIEE07607C,14,47,61,1,12,13,11,8,19
TPEE84102P,6,46,52,1,20,21,16,12,28
RCRH100012,40,65,105,9,18,27,19,20,39
CZEE864057,2,66,68,0,21,21,8,25,33
BLPS00101T,41,46,87,4,4,8,10,16,26
VAMM84103P,11,33,44,4,6,10,10,25,35
ROPS001011,31,60,91,0,2,2,5,20,25
MIEE8DZ02B,14,93,107,4,24,28,11,20,31
SAEE84102R,5,44,49,1,10,11,9,16,25
PATL01150D,56,88,144,8,16,24,0,0,0
CHRI003013,36,49,85,7,22,29,7,15,22
NATF24001T,36,49,85,7,22,29,7,15,22
CRRA00203L,67,64,131,15,19,34,34,51,85
SPPM01000D,14,91,105,3,12,15,4,19,23
LUEE831045,4,43,47,0,9,9,1,27,28
FGTD02351L,46,124,170,8,33,41,0,0,0
RMTF11201Q,44,79,123,3,6,9,8,25,33
MITD04401G,61,98,159,4,10,14,11,26,37
RCMM85301A,5,48,53,0,12,12,15,17,32
TOEE810025,12,75,87,7,26,33,13,18,31
VREE86403E,3,56,59,0,13,13,5,18,23
BOTF001017,46,59,105,2,6,8,9,21,30
BOTD00901G,32,31,63,3,8,11,8,10,18
PGEE04002D,2,88,90,0,25,25,8,20,28
PGEE850012,3,52,55,0,18,18,4,18,22
VAEE836016,1,48,49,0,10,10,5,16,21
IMEE80304T,2,58,60,1,15,16,5,18,23
BNMM82303T,5,23,28,0,6,6,6,16,22
TVTN01050E,51,99,150,1,0,1,17,27,44
MEMM819016,5,44,49,1,15,16,2,23,25
PDEE840049,2,66,68,0,13,13,8,19,27
ARMM83001T,7,20,27,1,6,7,1,20,21
PDEE82404B,0,43,43,0,8,8,4,26,30
RNEE813045,2,74,76,1,16,17,9,25,34
LEEE81305V,2,31,33,0,8,8,10,12,22
APPS01201L,40,83,123,3,12,15,11,32,43
RMRH046502,39,61,100,12,16,28,0,0,0
GEEE70201E,39,61,100,12,16,28,0,0,0
TOEE87001Q,4,43,47,1,11,12,14,14,28
RMRH06001X,4,43,47,1,11,12,14,14,28
RMEE8BC01P,3,35,38,0,14,14,2,16,18
CEPS140011,26,89,115,4,12,16,19,13,32
MIMM8AZ01A,7,23,30,2,8,10,7,23,30
BOEE85601R,4,57,61,0,13,13,5,25,30
TREE816049,6,41,47,1,9,10,6,23,29
TOTD054016,38,108,146,9,31,40,11,22,33
CTMM8AZ01B,9,31,40,3,9,12,10,23,33
MIEE853023,12,83,95,9,20,29,7,23,30
FRMM827016,10,27,37,2,8,10,4,18,22
RMTF180009,58,90,148,10,15,25,13,25,38
SRMM852017,4,23,27,2,5,7,3,16,19
TVEE876079,3,102,105,2,21,23,10,31,41
LEEE861036,2,55,57,0,15,15,13,14,27
TOMM8BA01D,8,19,27,2,4,6,8,22,30
RCEE82614N,3,37,40,1,7,8,6,15,21
PZTF00601V,34,51,85,3,5,8,11,17,28
VREE89404B,2,61,63,1,13,14,5,23,28
BSMM81802L,6,14,20,1,3,4,5,24,29
SAPS01102D,34,43,77,4,4,8,11,16,27
NOEE80402A,2,66,68,1,16,17,19,18,37
SARH03101B,2,66,68,1,16,17,19,18,37
TOEE82102G,3,57,60,1,16,17,8,24,32
LTMM841014,3,25,28,1,10,11,7,17,24
BSEE865049,3,25,28,1,10,11,7,17,24
SAEE8AY04T,2,47,49,1,11,12,10,18,28
PAEE85102T,6,55,61,1,21,22,10,16,26
LOEE81601P,3,76,79,1,13,14,3,25,28
NAEE80201P,0,50,50,0,14,14,17,11,28
NAEE34100X,3,60,63,0,18,18,14,8,22
APTD07050R,31,65,96,1,4,5,9,22,31
APEE83702D,1,58,59,0,13,13,6,29,35
LTPS030006,18,51,69,0,1,1,4,16,20
RMMM8CB01C,9,37,46,4,11,15,7,21,28
PGEE051109,2,87,89,0,24,24,5,26,31
NAMM8F501R,5,20,25,2,7,9,10,6,16
NATF137015,102,152,254,21,59,80,22,31,53
RCRI026527,47,72,119,10,27,37,0,0,0
MEPC031017,43,129,172,8,38,46,14,19,33
TOEE8BS02B,2,71,73,0,15,15,12,27,39
RERI004026,89,145,234,18,44,62,8,41,49
AVEE05900Q,2,40,42,0,11,11,8,10,18
TOEE84102R,4,55,59,3,10,13,1,27,28
PVTD009012,4,55,59,3,10,13,1,27,28
PIEE82904C,3,69,72,1,15,16,7,27,34
FGMM823041,14,21,35,5,1,6,8,14,22
RMEE855027,1,68,69,0,21,21,3,23,26
MBEE830016,4,74,78,3,18,21,6,22,28
BAMM30000B,4,74,78,3,18,21,6,22,28
TSSD01000L,18,45,63,6,8,14,5,16,21
MBEE8EV03D,7,67,74,4,20,24,4,27,31
PDMM089002,6,21,27,1,2,3,0,0,0
OREE80602P,3,34,37,1,6,7,5,14,19
BSEE829024,3,62,65,1,13,14,7,22,29
SAEE8BR026,2,38,40,1,12,13,14,10,24
MIMM8BR01L,17,33,50,7,7,14,9,19,28
FGRI054018,26,38,64,3,13,16,8,7,15
SAMM8A801N,2,25,27,0,2,2,9,13,22
RCEE80411N,3,74,77,1,16,17,19,16,35
CLEE831012,0,49,49,0,13,13,13,10,23
LTEE855013,4,59,63,2,18,20,13,15,28
PAMM884013,10,34,44,4,13,17,12,11,23
VAEE81903E,3,44,47,1,7,8,6,22,28
CEEE8BE09T,3,72,75,0,15,15,15,18,33
FIEE87203V,2,90,92,1,22,23,8,34,42
PREE820039,4,66,70,0,20,20,4,30,34
COPS001012,50,56,106,9,9,18,8,24,32
VTMM813015,5,37,42,3,14,17,11,15,26
CHEE839014,5,74,79,2,25,27,5,29,34
SOMM822018,6,42,48,0,4,4,9,18,27
LCMM802012,2,13,15,0,2,2,0,11,11
BAEE89302T,3,55,58,1,25,26,8,11,19
LIEE076005,3,55,58,1,25,26,8,11,19
KRTA004018,37,41,78,0,7,7,19,12,31
BLRI001013,41,46,87,4,4,8,10,16,26
FOTD02000L,24,63,87,1,4,5,8,19,27
NARH04000P,49,89,138,15,32,47,10,13,23
PEEE81304G,49,89,138,15,32,47,10,13,23
CSEE8AM05A,1,84,85,0,21,21,16,12,28
RGRC00250Q,48,89,137,10,13,23,0,0,0
MSMM81601T,12,20,32,0,5,5,2,22,24
NATF24000R,67,73,140,6,14,20,21,16,37
CTEE8AD02A,2,80,82,0,46,46,11,13,24
SREE859024,7,27,34,3,5,8,13,8,21
MEMM83902C,9,28,37,6,2,8,10,25,35
ATEE80601L,0,55,55,0,15,15,2,24,26
TVEE884034,2,90,92,2,31,33,6,33,39
CTSD04701G,25,85,110,2,21,23,7,22,29
BAPS06101T,18,82,100,2,8,10,10,12,22
GOMM81201D,3,25,28,0,4,4,8,24,32
PTEE808017,6,110,116,1,30,31,9,33,42
SSMM82007D,11,31,42,0,4,4,10,25,35
COEE832026,2,38,40,0,7,7,3,16,19
AVMM85403N,5,16,21,0,0,0,7,9,16
SAMM83201X,8,24,32,2,6,8,5,12,17
CTTF030517,57,66,123,7,18,25,18,17,35
CSEE81907G,1,42,43,1,12,13,15,9,24
BORI01402D,92,93,185,6,11,17,22,31,53
REMM84901X,4,27,31,2,10,12,7,20,27
TOEE845024,5,66,71,3,22,25,5,24,29
MIEE86902L,6,58,64,0,13,13,4,27,31
FEMM807019,10,30,40,2,9,11,6,26,32
MOTD00701T,46,103,149,4,10,14,9,37,46
VAEE83503C,4,58,62,2,12,14,9,28,37
MIEE8CT021,15,96,111,5,26,31,8,21,29
FGMM86602R,15,38,53,3,14,17,13,14,27
CSMM81201D,5,33,38,0,10,10,12,18,30
RMEE806011,5,33,38,0,10,10,12,18,30
MORI009529,43,28,71,4,6,10,0,0,0
PDMM84202T,5,35,40,0,9,9,6,23,29
SAEE102002,1,64,65,0,23,23,11,7,18
PRSD01050X,48,81,129,1,16,17,11,19,30
BREE80101Q,0,42,42,0,11,11,12,5,17
LCTD00101G,42,73,115,1,8,9,6,27,33
LEEE887018,2,40,42,1,13,14,9,14,23
LURH021524,55,110,165,14,45,59,0,0,0
VIEE86804E,7,56,63,5,13,18,6,18,24
CAEE82802G,5,42,47,1,9,10,9,19,28
RMRC048014,37,108,145,8,31,39,10,26,36
TOEE8B001P,2,65,67,0,21,21,13,26,39
MIEE853045,12,83,95,9,20,29,7,23,30
RNEE80703R,3,67,70,2,20,22,2,29,31
CTEE887079,5,59,64,2,19,21,9,20,29
CEEE863018,1,24,25,0,3,3,15,9,24
BLMM82003Q,13,25,38,2,4,6,10,20,30
BNTD01201P,19,41,60,1,13,14,11,10,21
MNEE80302E,9,71,80,5,23,28,13,20,33
TVRF017012,20,81,101,5,19,24,7,23,30
VIEE88101T,2,108,110,0,28,28,11,29,40
CZTF010008,86,79,165,8,19,27,16,23,39
UDEE83801L,5,28,33,1,7,8,2,15,17
TOMM326007,5,28,33,1,7,8,2,15,17
SPEE82103D,2,81,83,0,26,26,5,30,35
LEEE81902P,0,50,50,0,11,11,11,12,23
RMEE88201E,3,79,82,1,25,26,4,22,26
APEE817039,2,48,50,1,12,13,1,36,37
PGPC01801G,18,35,53,1,4,5,4,12,16
PVEE827028,8,74,82,5,24,29,8,30,38
MCMM805013,5,10,15,1,0,1,4,7,11
VARC020502,29,64,93,3,12,15,7,13,20
CSEE8AY01D,1,70,71,1,20,21,11,16,27
NAMM8BZ01N,11,28,39,4,10,14,7,10,17
CEEE834018,0,44,44,0,7,7,9,13,22
TOEE81401B,2,33,35,0,6,6,4,16,20
RAEE81402L,9,64,73,3,21,24,6,30,36
ATPS00201T,21,79,100,6,15,21,9,20,29
GEMM82101Q,8,24,32,0,6,6,3,21,24
CEEE819027,2,27,29,1,5,6,8,6,14
NAEE333266,3,79,82,1,25,26,14,10,24
RMEE8CZ03A,2,109,111,0,31,31,8,23,31
COEE803059,3,62,65,2,13,15,3,25,28
ENMM82802E,17,35,52,4,11,15,19,12,31
LCEE82605Q,5,89,94,0,28,28,9,24,33
CNTF029017,81,68,149,12,6,18,21,28,49
BARI13050L,63,146,209,12,57,69,27,25,52
TATD03601N,36,81,117,3,20,23,16,15,31
SAMM8BK019,13,35,48,0,10,10,13,14,27
CEEE07900T,0,15,15,0,6,6,0,0,0
SRMM83301T,18,38,56,9,10,19,11,18,29
APEE841025,2,64,66,0,19,19,8,29,37
CNEE84003D,4,44,48,2,8,10,5,18,23
NARA06201C,50,110,160,15,29,44,22,16,38
PDPS01301A,35,74,109,3,4,7,5,20,25
KRMM80402A,10,18,28,2,1,3,13,10,23
LTRC019509,63,81,144,7,33,40,0,0,0
CEMM89503R,11,35,46,0,10,10,14,19,33
BSMM83901L,8,29,37,3,5,8,5,19,24
PDEE83401V,0,38,38,0,8,8,4,14,18
BGEE877021,5,80,85,4,18,22,4,23,27
CBEE853074,1,36,37,1,9,10,4,18,22
PATH036505,70,68,138,3,10,13,0,0,0
TPEE04906E,5,53,58,1,8,9,7,14,21
RCRC00701P,23,70,93,5,8,13,13,12,25
METD11050A,37,54,91,6,15,21,10,14,24
VEEE81503N,4,80,84,1,16,17,5,25,30
MOEE803016,2,26,28,2,3,5,4,8,12
FRMM821028,6,24,30,1,5,6,5,23,28
UDEE81904A,5,67,72,1,14,15,7,28,35
FGMM81801A,9,17,26,0,5,5,8,10,18
GOMM81101N,3,12,15,0,0,0,2,23,25
BATD029517,51,120,171,11,37,48,0,0,0
BSMM84702L,8,22,30,3,4,7,6,19,25
MIMM8EH014,14,45,59,4,12,16,9,22,31
CBMM848019,12,33,45,1,9,10,6,17,23
AQMM83301P,8,26,34,3,13,16,6,24,30
KRTD00401P,37,41,78,0,7,7,19,12,31
PVEE81304C,8,77,85,6,18,24,10,27,37
FRTD02851R,29,65,94,3,16,19,0,0,0
FOMM80202Q,6,13,19,1,1,2,2,35,37
ROEE80003P,2,61,63,1,16,17,6,25,31
RCEE871055,5,78,83,1,16,17,22,12,34
BARF03301X,43,112,155,11,38,49,12,26,38
PZEE83301L,4,32,36,0,5,5,9,11,20
GORM01101X,41,80,121,6,22,28,10,27,37
RGEE80602P,2,32,34,0,5,5,7,11,18
RMMM8DH012,10,23,33,7,10,17,5,15,20
GEMM804045,10,42,52,1,12,13,5,22,27
CLTE013018,27,77,104,0,8,8,9,17,26
FIEE82904N,3,70,73,1,17,18,3,27,30
TOEE82704L,1,36,37,0,6,6,10,16,26
MOEE06000A,17,142,159,8,42,50,13,41,54
FIEE876058,5,102,107,2,21,23,7,48,55
PEEE81301C,5,102,107,2,21,23,7,48,55
TOEE831037,2,70,72,1,16,17,11,29,40
PVEE81307G,8,77,85,6,18,24,10,27,37
FOTB00901X,42,50,92,3,5,8,8,27,35
FGEE827027,2,56,58,0,18,18,8,17,25
RMEE8BL013,2,44,46,1,6,7,6,17,23
PTEE808028,6,110,116,1,30,31,9,33,42
TEPC05000A,27,75,102,1,9,10,6,14,20
NAPM10050T,23,79,102,6,15,21,10,13,23
PSMM82501R,11,39,50,3,12,15,5,23,28
MTEE81901D,2,42,44,0,13,13,8,16,24
MIRC079017,60,132,192,17,47,64,17,24,41
CARA02201N,46,54,100,12,25,37,14,15,29
MIMM8D5012,7,30,37,3,10,13,3,16,19
SSEE82501B,4,54,58,0,19,19,2,22,24
SRTD00701P,4,54,58,0,19,19,2,22,24
BLEE82501T,2,29,31,0,5,5,5,24,29
CLEE81702R,3,58,61,2,24,26,25,3,28
RNTD006017,51,143,194,9,48,57,11,33,44
CTEE80902V,7,58,65,2,18,20,8,17,25
BAMM804014,9,20,29,2,4,6,2,16,18
MIEE86901G,6,58,64,0,13,13,4,27,31
PTEE81402G,2,80,82,2,26,28,3,26,29
IMEE80504D,5,63,68,2,17,19,4,21,25
PATN010505,37,80,117,2,3,5,12,25,37
ANMM807011,7,18,25,2,2,4,9,18,27
PITD070007,36,64,100,2,5,7,4,22,26
AREE819014,9,52,61,1,15,16,4,25,29
ANTF01401Q,81,103,184,7,10,17,19,40,59
MITF10101R,38,69,107,2,7,9,9,24,33
PSEE80505R,4,42,46,1,6,7,10,12,22
VVMM80701C,10,16,26,0,3,3,12,7,19
UDEE84702C,4,66,70,1,24,25,2,28,30
MEEE8AB01C,1,65,66,0,22,22,10,20,30
TRMM02200C,4,30,34,0,6,6,2,4,6
ORMM82801D,11,34,45,2,5,7,9,27,36
MIEE8DG01P,5,94,99,3,21,24,7,19,26
CSEE83205X,1,36,37,0,5,5,6,6,12
LETA00151Q,54,89,143,11,29,40,0,0,0
VIEE88801L,3,49,52,0,14,14,6,21,27
MIEE882023,4,77,81,2,18,20,7,26,33
CBEE80903T,3,41,44,0,8,8,0,0,0
MOMM173008,3,41,44,0,8,8,0,0,0
FIEE85802G,2,72,74,0,16,16,11,17,28
RMEE84403T,4,98,102,3,29,32,1,27,28
FOMM812019,6,11,17,0,0,0,3,14,17
RCMM848042,11,33,44,3,7,10,19,8,27
AGTL01151L,52,51,103,7,6,13,0,0,0
CTEE8AU04C,4,44,48,0,10,10,5,17,22
GRPS00302C,32,54,86,3,14,17,12,37,49
FGEE857034,1,72,73,1,34,35,15,17,32
RMSL09701N,31,95,126,7,25,32,20,17,37
NUMM880013,4,26,30,0,3,3,3,20,23
NAEE18701L,2,69,71,0,17,17,13,12,25
VREE859022,3,88,91,2,17,19,7,33,40
BOEE87801N,3,88,91,2,17,19,7,33,40
PDEE85004X,4,100,104,4,25,29,2,31,33
MCMM82901G,7,31,38,2,10,12,7,15,22
PGMM84401N,18,50,68,3,15,18,2,24,26
CAMM83901X,14,48,62,2,18,20,4,31,35
LUEE84501X,0,55,55,0,15,15,1,23,24
CSEE836057,0,33,33,0,11,11,10,8,18
SIMM81002T,3,17,20,0,4,4,8,9,17
MIEE8CA015,10,82,92,1,24,25,10,23,33
AVMM87402T,5,19,24,0,1,1,5,14,19
MEEE814036,4,26,30,0,1,1,12,16,28
SSRI018012,45,61,106,13,19,32,21,51,72
ANEE829042,3,55,58,1,12,13,5,30,35
LUMM85001A,4,16,20,0,6,6,0,23,23
TPEE845011,2,56,58,0,16,16,9,16,25
PZMM82108L,13,23,36,2,2,4,7,26,33
VARC02000L,29,64,93,3,12,15,7,13,20
MNEE81004Q,7,102,109,4,34,38,4,39,43
MIEE8C303V,12,107,119,5,33,38,9,21,30
RMPS024013,19,75,94,1,3,4,10,17,27
CEMM880011,6,23,29,5,10,15,13,8,21
RMPM160003,33,114,147,9,29,38,10,22,32
RMEE8AG01B,1,41,42,0,14,14,5,15,20
VAPC040006,28,86,114,2,3,5,10,23,33
CNTF01451V,28,86,114,2,3,5,10,23,33
VATL013018,34,67,101,2,3,5,12,19,31
VEEE869043,3,79,82,0,9,9,2,33,35
BAMM82701R,8,33,41,4,11,15,3,18,21
PAMM720017,8,33,41,4,11,15,3,18,21
TPMM807026,12,22,34,3,5,8,11,14,25
TARA026516,35,54,89,5,12,17,0,0,0
CSEE88701X,2,58,60,0,13,13,18,13,31
PDPM01301B,35,74,109,3,4,7,5,20,25
SITF00801C,58,92,150,5,15,20,12,21,33
BSMM858012,10,34,44,3,4,7,1,25,26
PDEE840027,2,66,68,0,13,13,8,19,27
SRMM84601X,6,28,34,0,10,10,6,22,28
BGEE83202B,3,62,65,1,10,11,2,25,27
CEEE8AD057,2,82,84,0,18,18,16,16,32
BGEE87902L,1,74,75,0,23,23,5,21,26
VREE83401L,6,68,74,2,17,19,5,18,23
TAEE810015,2,46,48,0,10,10,6,14,20
BGEE892056,2,44,46,0,10,10,1,27,28
CEMM8AX02E,4,25,29,1,6,7,8,12,20
NAEE8AJ04L,1,63,64,1,14,15,18,12,30
RCEE87201R,3,50,53,1,18,19,12,11,23
FRTF003019,38,84,122,7,17,24,6,23,29
PAEE02900G,3,84,87,2,23,25,11,17,28
FRRI01102C,3,84,87,2,23,25,11,17,28
CHMM820034,6,27,33,3,5,8,0,0,0
NOEE80704X,5,58,63,2,19,21,6,31,37
FOEE02002B,7,80,87,2,16,18,8,25,33
RCMM86502N,15,25,40,3,6,9,6,20,26
NAEE8B303T,2,77,79,1,31,32,10,17,27
AVMM807078,13,30,43,0,5,5,6,24,30
RMMM8F701B,7,19,26,4,9,13,13,17,30
BNMM834016,4,21,25,1,5,6,9,13,22
CNEE820016,0,31,31,0,3,3,5,22,27
PAMM85001X,8,15,23,2,3,5,8,8,16
RMMM81501P,18,55,73,4,14,18,4,22,26
BOMM85601Q,11,35,46,1,10,11,5,25,30
AGEE83303B,5,49,54,3,12,15,15,16,31
TORI01702N,52,54,106,16,20,36,15,15,30
RMEE8CM026,1,65,66,0,25,25,3,18,21
TVEE85103R,5,61,66,0,11,11,3,21,24
FEEE80706G,7,67,74,1,13,14,6,26,32
CSEE80903R,0,22,22,0,4,4,7,9,16
TEEE84402Q,2,85,87,1,34,35,6,28,34
RMMM8BY01N,4,24,28,0,9,9,6,23,29
SVEE82203Q,3,56,59,1,15,16,7,23,30
SRTD02301L,63,104,167,22,24,46,23,27,50
COEE82203L,4,61,65,2,20,22,5,19,24
CZTF01901Q,77,87,164,4,6,10,22,19,41
NUEE87003G,1,36,37,0,5,5,2,23,25
RGEE81304X,4,58,62,2,17,19,12,22,34
GEMM81502D,4,23,27,1,7,8,5,16,21
NAMM8CP01L,13,51,64,2,10,12,8,17,25
RGEE80102G,1,20,21,0,3,3,3,17,20
MIRC08000A,39,129,168,6,43,49,13,20,33
LUMM82702A,10,40,50,5,5,10,5,27,32
TOTD068014,74,110,184,17,22,39,20,29,49
NOEE822031,2,51,53,1,14,15,8,19,27
MSEE82003L,4,70,74,2,20,22,2,29,31
BRMM805012,16,32,48,2,15,17,12,11,23
CERI02301G,45,111,156,6,25,31,17,19,36
PATL011015,56,88,144,8,16,24,29,9,38
BNEE86102L,0,24,24,0,5,5,5,17,22
SAEE703025,0,24,24,0,5,5,5,17,22
RIRA00150N,46,90,136,8,35,43,0,0,0
SPPS01001D,28,62,90,0,5,5,12,23,35
LIEE00300B,28,62,90,0,5,5,12,23,35
LUEE831034,4,43,47,0,9,9,1,27,28
RCEE85302C,5,79,84,3,26,29,15,17,32
NURA01801E,40,47,87,4,8,12,8,15,23
CTEE816066,3,64,67,0,21,21,8,22,30
TPMM831012,8,24,32,2,8,10,8,15,23
BOPM001016,46,59,105,2,6,8,9,21,30
BOPS00901Q,32,31,63,3,8,11,8,10,18
PDMM85701E,11,23,34,0,3,3,5,21,26
SVMM80203D,9,26,35,3,3,6,5,25,30
CRRI00401T,105,100,205,4,16,20,21,37,58
FGMM843013,10,21,31,2,5,7,12,7,19
MOMM82701N,7,27,34,2,7,9,6,20,26
TOEE8CB022,1,38,39,0,17,17,6,15,21
PGEE05112B,2,87,89,0,24,24,5,26,31
CTEE8A5048,6,76,82,5,38,43,6,20,26
NAEE8EZ01E,4,57,61,1,16,17,13,14,27
AREE82503D,2,40,42,1,13,14,2,18,20
MEMM835047,13,23,36,2,5,7,10,17,27
VTMM812019,4,18,22,1,5,6,2,18,20
FIPS030006,28,65,93,0,8,8,6,20,26
MIMM89001X,9,35,44,2,10,12,1,29,30
PGMM850011,9,20,29,2,5,7,4,18,22
CTTF01701B,46,80,126,4,13,17,20,15,35
RCRH100001,40,65,105,9,18,27,19,20,39
AGEE80801L,6,76,82,2,22,24,21,22,43
METD00101A,24,50,74,3,8,11,18,9,27
TOEE8BS03C,2,71,73,0,15,15,12,27,39
PGEE834047,5,77,82,1,24,25,3,29,32
TOEE84101Q,4,55,59,3,10,13,1,27,28
BAEE85801D,5,55,60,1,22,23,8,20,28
FRMM80401D,6,15,21,2,4,6,4,15,19
MBPS00601T,33,90,123,2,6,8,12,19,31
REEE842027,2,20,22,0,2,2,1,12,13
ARMM83103Q,6,18,24,1,4,5,2,18,20
TOEE80605L,1,47,48,0,12,12,4,23,27
AGTF024015,84,63,147,13,5,18,33,12,45
RNEE813056,2,74,76,1,16,17,9,25,34
COMM811024,12,22,34,3,5,8,5,22,27
RMPS11201N,44,79,123,3,6,9,8,25,33
GOEE81205P,4,37,41,1,1,2,8,24,32
APSD012013,40,83,123,3,12,15,11,32,43
VIMM80801P,13,42,55,4,9,13,6,33,39
FIMM82201P,10,36,46,3,9,12,7,30,37
VIEE85201T,1,36,37,1,6,7,4,23,27
RMRH06000V,56,87,143,18,30,48,12,25,37
MSTD01751C,62,75,137,7,16,23,0,0,0
RMEE8BC03R,3,35,38,0,14,14,2,16,18
CTEE01701T,6,58,64,2,21,23,6,8,14
SAEE165016,6,58,64,2,21,23,6,8,14
CEPS130009,13,72,85,4,3,7,13,11,24
TORC053013,41,129,170,14,51,65,9,24,33
NAEE8FS01A,1,55,56,1,16,17,10,17,27
PSEE70101C,1,55,56,1,16,17,10,17,27
LURF001011,54,123,177,11,35,46,4,38,42
TOEE86306T,1,68,69,0,15,15,11,28,39
LEEE81301P,2,31,33,0,8,8,10,12,22
AVMM86802E,18,18,36,4,3,7,9,12,21
VAPC020001,19,38,57,0,1,1,4,15,19
MEEE81905B,3,48,51,0,13,13,2,23,25
SREE861013,3,50,53,1,21,22,8,15,23
FEEE81203X,5,59,64,3,15,18,9,22,31
ATMM80601G,4,19,23,1,2,3,2,24,26
TVEE884056,2,90,92,2,31,33,6,33,39
ANMM835026,6,17,23,2,2,4,3,19,22
CAEE891012,0,53,53,0,18,18,7,13,20
TOMM8B9014,9,43,52,1,6,7,15,23,38
NAEE8CK02G,1,53,54,0,17,17,4,18,22
BSEE81802N,1,43,44,0,2,2,5,24,29
TOEE86905Q,3,45,48,0,13,13,2,28,30
NOEE80407G,2,66,68,1,16,17,19,18,37
LTEE842044,2,63,65,0,25,25,5,21,26
KRMM812018,5,27,32,0,10,10,8,13,21
BSMM851017,12,27,39,4,5,9,4,22,26
CSMM887031,12,34,46,1,7,8,18,13,31
MOPC00701V,46,103,149,4,10,14,9,37,46
TVMM875016,5,55,60,1,13,14,6,32,38
RMEE82302Q,1,64,65,0,20,20,4,17,21
BSMM807026,4,23,27,0,3,3,5,20,25
APTF010013,85,96,181,4,8,12,38,53,91
NAEE23101D,3,54,57,0,14,14,10,12,22
BSEE86403C,5,65,70,3,11,14,5,24,29
AQTF014011,71,107,178,6,32,38,16,23,39
SAEE81301G,0,24,24,0,9,9,2,13,15
RMEE8CC019,9,97,106,4,26,30,9,22,31
UDEE83303G,4,40,44,2,13,15,1,25,26
PZTF06000E,4,13,17,0,1,1,2,1,3
RAEE80702D,1,39,40,1,5,6,4,15,19
RMMM8CM014,5,22,27,1,7,8,3,18,21
PNMM80903N,11,29,40,2,4,6,9,29,38
PVTF009018,44,103,147,2,18,20,10,24,34
MEEE86105T,2,98,100,1,45,46,8,22,30
PRMM81504T,4,20,24,0,3,3,5,21,26
RMEE8CP01L,0,66,66,0,13,13,3,23,26
PZPS02701T,23,66,89,2,10,12,13,10,23
PZEE86301C,2,44,46,0,8,8,3,19,22
LCEE82105L,2,73,75,0,18,18,9,22,31
VCMM804031,2,24,26,1,5,6,3,21,24
NATD08750B,22,120,142,3,15,18,0,0,0
LTPS04000R,24,77,101,3,5,8,10,17,27
TVEE85904C,1,37,38,0,9,9,9,22,31
MBMM8EZ01N,10,45,55,2,14,16,3,29,32
SAMM8A701T,21,50,71,4,13,17,10,12,22
CZTE01051X,29,78,107,8,22,30,5,20,25
BGMM86901X,8,11,19,1,6,7,1,19,20
NARI137018,102,152,254,21,59,80,22,31,53
MEEE87901V,2,34,36,1,8,9,7,12,19
AGEE819046,4,55,59,0,14,14,27,15,42
LIEE076027,4,55,59,0,14,14,27,15,42
FOTE020004,34,66,100,3,12,15,8,22,30
RORC00250N,33,63,96,6,13,19,0,0,0
FGEE823031,5,44,49,1,4,5,8,14,22
NAMM8GL01Q,8,32,40,2,15,17,15,10,25
FIEE86704C,1,46,47,0,10,10,6,24,30
NUEE87603E,1,46,47,0,10,10,6,24,30
NAMM8GU01G,18,50,68,9,12,21,14,18,32
MSEE816064,3,31,34,1,6,7,2,22,24
SOEE81203R,1,31,32,0,5,5,2,16,18
CETF02101R,69,118,187,17,40,57,22,17,39
MEEE83901C,9,53,62,3,6,9,10,25,35
CTSD04702L,9,53,62,3,6,9,10,25,35
CHEE833015,8,52,60,5,16,21,6,21,27
BOTD00950X,32,31,63,3,8,11,0,0,0
FGRI03701E,50,61,111,5,14,19,37,23,60
AVMM85402L,5,16,21,0,0,0,7,9,16
FIEE872051,2,90,92,1,22,23,8,34,42
AVMM848029,8,23,31,0,4,4,9,20,29
CSEE81902A,1,42,43,1,12,13,15,9,24
BOTF01450N,92,93,185,6,11,17,0,0,0
TOMM84301A,11,21,32,4,7,11,6,19,25
PGEE04112R,3,58,61,0,16,16,0,23,23
LEMM83501E,4,21,25,1,8,9,9,8,17
NARH040504,49,89,138,15,32,47,10,13,23
TPRH04050C,56,68,124,17,23,40,25,15,40
POEE012005,1,8,9,0,1,1,0,0,0
MBMM8AH01E,7,35,42,6,13,19,8,17,25
VIMM85901G,8,39,47,2,10,12,3,24,27
TOEE8AJ021,4,62,66,1,17,18,7,23,30
MBMM86801G,12,38,50,3,10,13,8,24,32
NAEE8EQ02Q,3,62,65,2,15,17,9,15,24
TOEE80608Q,1,47,48,0,12,12,4,23,27
COSD02001T,28,72,100,3,9,12,11,25,36
RMMM80601X,8,26,34,0,7,7,9,12,21
PGMM85801G,8,27,35,3,12,15,0,20,20
CTEE081004,2,113,115,1,33,34,7,26,33
RNEE813023,2,74,76,1,16,17,9,25,34
PRTD02000E,20,71,91,2,3,5,10,23,33
LURH02101N,55,110,165,14,45,59,16,24,40
ANEE849025,1,52,53,0,12,12,6,19,25
UDEE849035,3,108,111,1,20,21,7,41,48
RGTA017012,65,65,130,2,10,12,15,22,37
VIEE86803D,7,56,63,5,13,18,6,18,24
TOEE8AC02L,10,94,104,4,23,27,10,32,42
REEE849011,0,54,54,0,15,15,7,20,27
RMTD04850Q,37,108,145,8,31,39,0,0,0
NOTF03050R,84,84,168,8,12,20,22,28,50
TRMM82202D,3,36,39,0,10,10,4,21,25
RMTF040002,70,88,158,4,24,28,9,31,40
BAEE805011,3,63,66,2,31,33,5,19,24
PIEE818042,4,66,70,0,23,23,4,21,25
CTEE8AZ07P,2,82,84,1,24,25,10,23,33
MIEE853034,12,83,95,9,20,29,7,23,30
VAEE83501A,4,58,62,2,12,14,9,28,37
CBMM82502N,11,29,40,1,12,13,10,13,23
CTMM8AN014,7,33,40,4,18,22,7,15,22
RMTF18050P,58,90,148,10,15,25,13,25,38
PIEE81301Q,1,40,41,0,12,12,2,22,24
PGEE869035,0,47,47,0,15,15,1,21,22
VTTF01301R,0,47,47,0,15,15,1,21,22
RMMM8BM01T,15,60,75,6,15,21,0,18,18
CTEE06701V,5,62,67,2,19,21,4,15,19
SAEE102035,1,64,65,0,23,23,11,7,18
FIPM00901V,68,126,194,3,7,10,13,28,41
CETD04101Q,34,53,87,5,9,14,12,9,21
FEMM81405L,7,29,36,1,11,12,6,25,31
RMMM8G401E,4,7,11,1,1,2,6,11,17
ATEE80102E,4,7,11,1,1,2,6,11,17
UDEE83903E,3,34,37,0,7,7,2,19,21
FIEE809019,2,37,39,1,5,6,1,18,19
PGEE83102N,6,49,55,4,15,19,2,26,28
VREE8AC01G,4,58,62,2,16,18,4,22,26
BSMM851028,12,27,39,4,5,9,4,22,26
NAMM80201N,11,38,49,3,8,11,17,11,28
MCEE826026,2,35,37,0,5,5,2,19,21
LTEE85202L,1,57,58,0,24,24,8,21,29
CTEE045012,3,47,50,0,12,12,7,14,21
RNEE80702Q,3,67,70,2,20,22,2,29,31
CSMM8AY02D,10,34,44,1,9,10,11,16,27
BGEE85104V,1,35,36,0,4,4,2,24,26
NAMM8BY01T,11,59,70,2,19,21,7,18,25
ARMM812018,5,17,22,1,4,5,4,17,21
PRTA00201G,80,112,192,10,29,39,21,38,59
BGMM8AG028,15,28,43,7,5,12,4,28,32
TOEE81302L,6,29,35,2,7,9,4,16,20
VVMM80703E,10,16,26,0,3,3,12,7,19
BNPS01202X,19,41,60,1,13,14,11,10,21
MEEE8AB03E,1,65,66,0,22,22,10,20,30
CZEE871038,1,45,46,0,3,3,9,17,26
RCEE84901Q,2,31,33,0,8,8,14,4,18
ALMM80702B,8,31,39,1,11,12,4,22,26
PAEE81704C,2,45,47,0,7,7,20,8,28
PAEE10305D,3,35,38,1,9,10,8,7,15
NAEE333001,3,79,82,1,25,26,14,10,24
BGRC01101A,34,109,143,5,21,26,13,18,31
SSRH01701P,23,51,74,4,15,19,6,16,22
BIMM80002G,8,27,35,1,7,8,6,31,37
RMMM8DZ01T,20,48,68,11,16,27,11,24,35
CNMM841016,7,22,29,1,3,4,4,23,27
COEE803015,3,62,65,2,13,15,3,25,28
PVEE80803X,10,68,78,6,16,22,12,28,40
CNRH02850B,58,77,135,17,26,43,0,0,0
BARI130018,63,146,209,12,57,69,27,25,52
SREE824014,1,51,52,1,24,25,7,17,24
BSMM87103E,6,29,35,1,4,5,8,21,29
LTEE820036,3,47,50,1,21,22,9,15,24
CEEE07901V,0,15,15,0,6,6,0,0,0
BSEE8AK07X,5,105,110,1,22,23,8,26,34
UDEE81205L,3,60,63,1,10,11,5,29,34
MCTF01050E,46,62,108,2,12,14,9,21,30
TPEE814019,3,57,60,0,15,15,8,15,23
ALEE81202X,3,39,42,1,13,14,11,16,27
CHTD006015,16,48,64,4,10,14,0,0,0
RMEE8CP02N,0,66,66,0,13,13,3,23,26
CEMM834017,12,18,30,3,3,6,9,13,22
SAEE8A901E,3,63,66,0,17,17,19,10,29
PZTD02451G,25,86,111,0,17,17,0,0,0
RAEE81403N,9,64,73,3,21,24,6,30,36
SAEE8AJ01X,1,18,19,0,4,4,6,9,15
VEEE81502L,4,80,84,1,16,17,5,25,30
LUMM84601P,6,22,28,1,2,3,5,24,29
TVEE82202Q,4,76,80,3,20,23,7,25,32
AVMM87401R,5,19,24,0,1,1,5,14,19
SIEE82601B,4,66,70,0,14,14,3,26,29
MEMM81602Q,10,22,32,2,4,6,8,23,31
FGEE81802C,2,39,41,0,9,9,8,10,18
CTEE82102D,0,38,38,0,5,5,6,17,23
BATD02903X,0,38,38,0,5,5,6,17,23
LTTD040502,37,77,114,6,25,31,11,20,31
SAEE8BE052,2,33,35,0,6,6,7,17,24
LTTF01801P,62,68,130,4,14,18,8,28,36
SAEE8A204V,5,28,33,0,8,8,6,15,21
CEEE8BE07Q,3,72,75,0,15,15,15,18,33
PZEE85504L,0,39,39,0,5,5,7,17,24
FRRH029015,23,82,105,1,22,23,8,17,25
ROEE80006T,2,61,63,1,16,17,6,25,31
CSTD046012,41,96,137,4,19,23,19,13,32
PZMM83302L,5,25,30,0,5,5,9,11,20
PREE83003X,3,53,56,0,6,6,5,32,37
TASL03601P,36,81,117,3,20,23,16,15,31
GEEE804057,1,65,66,0,16,16,5,22,27
FETA01101X,78,123,201,16,46,62,21,42,63
CLPC01301T,27,77,104,0,8,8,9,17,26
NAMM8D301X,11,36,47,4,7,11,12,12,24
LTPC021019,20,99,119,2,7,9,11,18,29
MBEE8GC014,7,42,49,4,10,14,1,18,19
NAMM8BE01A,7,23,30,4,7,11,9,17,26
AVMM81702N,12,25,37,3,2,5,11,11,22
FIEE876036,5,102,107,2,21,23,7,48,55
PEMM81301B,5,102,107,2,21,23,7,48,55
PVMM81303A,15,34,49,4,13,17,10,27,37
BGEE87701X,5,80,85,4,18,22,4,23,27
FOTB009519,42,50,92,3,5,8,0,0,0
FGEE822013,4,39,43,2,14,16,6,11,17
BSEE886039,3,46,49,1,7,8,6,18,24
PAEE842023,2,35,37,0,14,14,14,6,20
GERI01301G,34,75,109,5,9,14,12,17,29
MIRC02950E,41,98,139,8,16,24,0,0,0
AGEE82606B,4,48,52,0,6,6,16,16,32
LIEE81101A,5,74,79,2,28,30,16,17,33
GREE82104G,3,42,45,0,10,10,6,29,35
MOMM803015,3,8,11,0,1,1,4,8,12
TEPC030005,25,93,118,1,6,7,2,22,24
SSEE82007E,4,54,58,1,10,11,10,25,35
NAPM10000C,23,79,102,6,15,21,10,13,23
GEEE81501D,2,27,29,1,7,8,5,16,21
VCEE811024,2,51,53,0,12,12,4,28,32
AQEE82705L,4,48,52,3,10,13,12,19,31
COEE832015,2,38,40,0,7,7,3,16,19
NAMM8AP01X,6,18,24,2,3,5,7,15,22
MITF07901R,60,132,192,17,47,64,17,24,41
BLEE810014,5,30,35,2,2,4,3,13,16
FRMM85401E,13,42,55,2,17,19,8,19,27
LOEE814013,5,102,107,2,36,38,9,26,35
RMEE8DC01X,1,64,65,0,19,19,4,22,26
BOTF014019,92,93,185,6,11,17,22,31,53
SRRA00701C,92,93,185,6,11,17,22,31,53
SOEE80403T,3,45,48,2,4,6,5,21,26
NAMM8EE016,8,23,31,3,2,5,11,13,24
FGEE88102X,8,23,31,3,2,5,11,13,24
SAEE888022,3,57,60,1,16,17,11,12,23
AQEE83303T,0,69,69,0,26,26,6,24,30
RMEE8DQ035,2,58,60,1,16,17,6,13,19
CBTF02401C,2,58,60,1,16,17,6,13,19
RGEE80701D,5,29,34,2,5,7,12,10,22
ISEE832021,5,41,46,0,7,7,0,20,20
SSTD090507,24,45,69,5,11,16,4,18,22
PSEE80504Q,4,42,46,1,6,7,10,12,22
ALEE817056,1,72,73,0,23,23,8,26,34
BAEE174008,2,44,46,1,14,15,5,10,15
TRMM045005,15,81,96,3,18,21,1,19,20
OREE82805P,3,67,70,2,18,20,9,27,36
BRRF010008,40,115,155,14,37,51,8,21,29
GEEE85904A,7,94,101,4,25,29,5,33,38
PAEE8BA022,5,52,57,2,22,24,13,15,28
VIMM88801G,8,46,54,3,9,12,6,21,27
MIMM882022,13,42,55,4,11,15,7,26,33
MIEE8FV018,9,77,86,5,23,28,5,28,33
CBEE80905X,3,41,44,0,8,8,0,0,0
ANEE849014,1,52,53,0,12,12,6,19,25
TOEE866025,3,51,54,1,18,19,8,19,27
REEE821015,3,58,61,2,14,16,4,22,26
CARI02202A,46,54,100,12,25,37,14,15,29
PCEE00200R,4,99,103,4,30,34,11,21,32
RMEE84405X,4,98,102,3,29,32,1,27,28
ANEE84204C,1,69,70,0,16,16,7,36,43
TOEE8BD023,18,115,133,12,34,46,10,27,37
RCEE848043,4,46,50,0,14,14,19,8,27
BRMM80001V,12,14,26,3,2,5,7,9,16
BOEE87803Q,15,58,73,2,9,11,9,17,26
TORC017021,52,54,106,16,20,36,15,15,30
PDEE850051,4,100,104,4,25,29,2,31,33
ANEE807012,0,47,47,0,11,11,9,18,27
LEMM875011,4,20,24,0,4,4,11,8,19
ANTF014515,81,103,184,7,10,17,0,0,0
PGEE84401P,1,23,24,0,5,5,2,24,26
FGTD010026,1,23,24,0,5,5,2,24,26
ANEE84703E,2,68,70,0,23,23,5,28,33
FIEE81602D,2,25,27,1,5,6,1,12,13
LERF00250B,31,73,104,7,18,25,0,0,0
PZEE89003V,2,19,21,0,3,3,10,11,21
AVTF013011,27,56,83,1,9,10,14,12,26
PGTD01801E,18,35,53,1,4,5,4,12,16
VAPS120001,29,77,106,1,5,6,8,22,30
CAMM83503P,12,23,35,1,8,9,5,13,18
ISEE81203R,2,41,43,0,8,8,7,18,25
RMPM180019,2,41,43,0,8,8,7,18,25
FEEE82001R,3,29,32,0,7,7,5,15,20
PSEE83404Q,2,72,74,0,16,16,7,31,38
PNEE82401P,1,40,41,0,10,10,1,19,20
RIRA001019,46,90,136,8,35,43,14,26,40
TOTD04901P,35,84,119,3,11,14,11,20,31
CRTD003512,20,55,75,2,3,5,0,0,0
PGMM84001A,8,22,30,4,9,13,5,23,28
VATL01351N,34,67,101,2,3,5,0,0,0
GEMM82301B,7,34,41,2,10,12,5,25,30
CZMM86502V,9,29,38,3,7,10,15,14,29
VIEE842028,4,69,73,2,20,22,6,22,28
TREE81202X,2,27,29,1,8,9,2,18,20
ATMM811013,8,20,28,1,6,7,10,27,37
BGPS01301D,50,66,116,6,2,8,9,23,32
RAEE82302B,2,59,61,0,11,11,3,28,31
CNTA02801P,58,77,135,17,26,43,13,26,39
APTE01301Q,38,80,118,3,11,14,12,28,40
ATSD003014,56,91,147,7,26,33,12,24,36
BAMM85801C,10,31,41,5,4,9,8,20,28
LIPS030007,56,142,198,6,29,35,7,46,53
TATD026013,35,54,89,5,12,17,15,16,31
CNEE84002C,4,44,48,2,8,10,5,18,23
BNMM82502C,8,18,26,0,1,1,3,19,22
PDMM840026,15,42,57,5,8,13,8,19,27
PCEE81203D,5,107,112,0,28,28,9,37,46
VEMM85201D,7,15,22,1,3,4,2,20,22
COEE811025,3,53,56,0,14,14,5,22,27
CEEE8AD013,2,82,84,0,18,18,16,16,32
GOEE81202G,4,37,41,1,1,2,8,24,32
VREE83403P,6,68,74,2,17,19,5,18,23
TAMM86801Q,9,39,48,2,20,22,8,18,26
LEMM823029,10,30,40,1,6,7,10,16,26
AREE842026,5,56,61,2,15,17,2,28,30
CEEE8AX01E,1,43,44,0,6,6,8,12,20
UDEE819039,5,67,72,1,14,15,7,28,35
FRTD00350B,38,84,122,7,17,24,0,0,0
PAEE02901L,3,84,87,2,23,25,11,17,28
NOMM80703T,8,27,35,1,8,9,6,31,37
GOEE81103R,2,40,42,0,4,4,2,23,25
MSTD017013,62,75,137,7,16,23,13,26,39
RMPC40000T,26,95,121,3,20,23,3,26,29
BSMM84701G,8,22,30,3,4,7,6,19,25
SAEE8BE063,2,33,35,0,6,6,7,17,24
VAMM81701Q,12,26,38,8,8,16,5,13,18
BNEE83404A,2,43,45,0,9,9,9,13,22
SAMM8AC01E,10,24,34,0,8,8,10,10,20
SAEE165005,10,24,34,0,8,8,10,10,20
CTEE01700R,6,58,64,2,21,23,6,8,14
PVEE81303B,8,77,85,6,18,24,10,27,37
TPMM807037,12,22,34,3,5,8,11,14,25
BOEE85701L,6,70,76,3,18,21,8,19,27
PDEE82405C,0,43,43,0,8,8,4,26,30
AGEE83304C,5,49,54,3,12,15,15,16,31
VREE84702Q,3,87,90,1,15,16,4,24,28
TAEE01300L,3,87,90,1,15,16,4,24,28
LEMM81301N,6,17,23,1,1,2,10,12,22
SIRH00901X,6,17,23,1,1,2,10,12,22
SPMM80504G,8,29,37,0,3,3,6,21,27
FORI01151N,8,29,37,0,3,3,6,21,27
AREE83903B,3,78,81,0,29,29,8,28,36
PEEE810033,0,52,52,0,17,17,7,28,35
SVEE82205T,3,56,59,1,15,16,7,23,30
SAMM8B701C,3,56,59,1,15,16,7,23,30
MITD02901D,41,98,139,8,16,24,10,18,28
FEEE81201T,5,59,64,3,15,18,9,22,31
RCEE86602E,9,59,68,3,19,22,13,16,29
COEE82201E,4,61,65,2,20,22,5,19,24
FIPM001018,34,129,163,1,1,2,11,18,29
BGEE87901G,1,74,75,0,23,23,5,21,26
CAEE874018,4,44,48,0,14,14,7,15,22
PAEE84901R,1,62,63,0,25,25,5,14,19
CZTD018513,31,72,103,1,4,5,0,0,0
SVPS001015,44,103,147,6,18,24,15,19,34
FOEE02004D,7,80,87,2,16,18,8,25,33
TOEE82104N,3,57,60,1,16,17,8,24,32
SSEE82506L,4,54,58,0,19,19,2,22,24
PAEE850022,2,28,30,2,3,5,8,8,16
RNRC006519,51,143,194,9,48,57,0,0,0
BAEE891015,1,60,61,0,20,20,11,13,24
CBPC024017,32,48,80,3,14,17,6,5,11
CETD023027,32,48,80,3,14,17,6,5,11
TEMM84401N,9,36,45,2,8,10,6,28,34
POEE821021,3,83,86,3,15,18,5,29,34
CNEE849074,2,44,46,0,9,9,7,20,27
RMMM8DJ017,9,18,27,1,6,7,8,16,24
SRTD02401C,43,67,110,0,9,9,17,28,45
RMMM8AS01A,4,18,22,2,5,7,6,13,19
TAMM84101Q,6,31,37,2,6,8,12,13,25
APTF010002,85,96,181,4,8,12,38,53,91
RORI01201L,99,91,190,7,10,17,28,29,57
ROMM817022,13,35,48,3,10,13,6,25,31
TPEE831024,3,72,75,1,33,34,8,15,23
PNMM82501D,8,20,28,1,4,5,2,19,21
NATF004011,50,112,162,8,26,34,24,11,35
MSEE81104V,1,22,23,0,4,4,4,19,23
MIEE8FM01C,4,46,50,1,14,15,6,24,30
GEMM81501C,4,23,27,1,7,8,5,16,21
BGEE867019,2,28,30,0,4,4,8,11,19
MIEE8DL03T,1,77,78,1,16,17,4,22,26
BRRC00801G,26,50,76,6,8,14,14,6,20
MEMM835036,13,23,36,2,5,7,10,17,27
FIPS04000R,33,73,106,3,0,3,6,27,33
MIEE890033,7,65,72,2,19,21,1,29,30
CTTL017511,46,80,126,4,13,17,0,0,0
UDRI004017,46,80,126,4,13,17,0,0,0
RMSL097524,31,95,126,7,25,32,0,0,0
RCRH080012,31,95,126,7,25,32,0,0,0
MEPS00201A,15,43,58,0,1,1,13,12,25
NUMM880024,4,26,30,0,3,3,3,20,23
VREE859011,3,88,91,2,17,19,7,33,40
MSMM816041,12,20,32,0,5,5,2,22,24
CAEE039045,3,69,72,2,27,29,5,16,21
PAMM825028,9,17,26,2,1,3,10,12,22
MOEE820021,6,65,71,1,15,16,6,23,29
CLEE81701Q,3,58,61,2,24,26,25,3,28
FREE80402G,1,39,40,1,11,12,4,15,19
NOPS010004,28,50,78,1,2,3,4,25,29
SAMM84101P,7,27,34,4,6,10,9,16,25
VRRC009509,35,120,155,4,29,33,0,0,0
PARI00950C,53,73,126,7,19,26,0,0,0
MIEE89303E,14,70,84,8,9,17,4,29,33
VAEE830039,2,41,43,1,12,13,5,16,21
BREE82201R,1,48,49,1,13,14,9,13,22
RMEE855016,1,68,69,0,21,21,3,23,26
AGRI02403A,84,63,147,13,5,18,33,12,45
PZEE86302D,2,44,46,0,8,8,3,19,22
FREE850018,2,59,61,1,18,19,5,21,26
BORF00101B,46,59,105,2,6,8,9,21,30
APEE813032,1,34,35,0,8,8,3,24,27
PDEE85703N,1,36,37,0,7,7,5,21,26
FGTN058014,9,26,35,3,6,9,6,2,8
VIEE80802R,7,79,86,3,17,20,6,33,39
VIEE85202V,1,36,37,1,6,7,4,23,27
SAMM832043,8,24,32,2,6,8,5,12,17
CHMM839013,5,28,33,2,13,15,5,29,34
VTEE81201A,2,39,41,0,16,16,2,18,20
PGEE851041,3,59,62,0,25,25,2,28,30
NUEE830013,3,41,44,0,10,10,9,12,21
TOMM845012,13,34,47,5,8,13,5,24,29
SSEE800068,0,48,48,0,11,11,6,25,31
LURH00350C,55,98,153,11,28,39,0,0,0
AVMM86801D,18,18,36,4,3,7,9,12,21
VAMM702015,18,18,36,4,3,7,9,12,21
REEE84101A,3,55,58,0,20,20,4,31,35
ATEE80603P,0,55,55,0,15,15,2,24,26
TVEE884023,2,90,92,2,31,33,6,33,39
MIMM84002X,11,32,43,5,8,13,5,26,31
RMEE8DB036,1,68,69,0,16,16,5,26,31
VAPS012016,36,105,141,4,12,16,11,26,37
MIEE8AY01G,3,62,65,1,18,19,9,19,28
CSEE87002G,3,49,52,2,15,17,6,15,21
RMRH07000D,60,128,188,16,48,64,26,28,54
TOTD05301A,41,129,170,14,51,65,9,24,33
VIMM87301T,13,28,41,2,4,6,6,25,31
UDEE828045,0,52,52,0,9,9,2,18,20
RMEE82301P,1,64,65,0,20,20,4,17,21
BAEE17200L,3,69,72,2,17,19,6,16,22
TPEE817051,3,58,61,1,18,19,12,15,27
SAEE87801A,1,27,28,0,7,7,5,10,15
PVEE82402R,6,67,73,4,13,17,7,26,33
NAEE23103G,3,54,57,0,14,14,10,12,22
PDEE84201T,1,66,67,0,17,17,6,23,29
PRTD040505,23,56,79,2,6,8,8,17,25
KRMM81702C,10,10,20,1,0,1,12,14,26
LCTF00101T,42,73,115,1,8,9,6,27,33
UDEE83301D,4,40,44,2,13,15,1,25,26
FRTD01301N,25,47,72,1,10,11,5,12,17
CHEE820024,1,50,51,0,13,13,0,0,0
VEMM82201N,7,23,30,3,6,9,3,15,18
UDMM849023,20,44,64,3,4,7,7,41,48
RGTD01701C,65,65,130,2,10,12,15,22,37
UDMM842017,9,35,44,2,8,10,6,24,30
PAMM8AT011,12,40,52,7,13,20,15,20,35
NAEE8FW01N,1,68,69,0,19,19,12,14,26
PNMM81101G,7,38,45,0,7,7,7,23,30
BGEE820014,0,40,40,0,9,9,1,15,16
VETL01901N,60,59,119,7,8,15,19,15,34
IMMM81001R,4,24,28,1,7,8,3,22,25
AGMM83601Q,16,29,45,2,9,11,15,12,27
PREE83601R,1,59,60,0,17,17,7,21,28
SPMM806018,6,22,28,2,5,7,2,20,22
AVTA028023,41,48,89,3,11,14,25,25,50
REEE83101Q,1,69,70,1,15,16,6,28,34
SVEE82201N,3,56,59,1,15,16,7,23,30
PVMM80403G,10,35,45,4,9,13,6,31,37
BNMM81204C,9,32,41,1,4,5,10,12,22
VCEE804032,1,45,46,0,17,17,3,21,24
ALEE808039,4,53,57,0,10,10,5,25,30
SIMM050007,4,53,57,0,10,10,5,25,30
CNEE813068,3,44,47,1,13,14,6,21,27
FITD009513,68,126,194,3,7,10,0,0,0
LTPS05000B,30,100,130,1,10,11,7,26,33
VREE85402V,2,89,91,2,21,23,6,24,30
MEEE894011,2,38,40,1,16,17,7,16,23
LERC04801P,2,38,40,1,16,17,7,16,23
PZTD15050X,10,12,22,2,0,2,1,1,2
LEMM81901L,5,22,27,2,2,4,11,12,23
NAEE8E0025,4,81,85,1,27,28,11,24,35
APEE817028,2,48,50,1,12,13,1,36,37
CEEE89601G,3,57,60,0,24,24,14,8,22
TVEE81705B,2,65,67,1,14,15,4,31,35
PEMM835018,10,50,60,0,6,6,6,24,30
AVEE05903V,2,40,42,0,11,11,8,10,18
PVRI00801G,38,61,99,13,24,37,11,21,32
MSRI00652C,38,61,99,13,24,37,11,21,32
NUMM877017,10,25,35,3,9,12,2,15,17
MEMM84601E,6,14,20,3,0,3,4,13,17
CNTD01901A,57,57,114,3,9,12,7,20,27
CESD021015,69,118,187,17,40,57,22,17,39
TOMM81301E,5,20,25,3,7,10,4,16,20
PDEE862024,2,62,64,1,14,15,3,24,27
TAEE84101R,3,59,62,0,12,12,12,13,25
SOMM822029,6,42,48,0,4,4,9,18,27
LIRC004018,32,81,113,10,29,39,3,26,29
MIMM8EG018,5,34,39,1,10,11,10,18,28
CHEE80701L,2,55,57,0,21,21,4,23,27
SVEE80203E,4,41,45,2,9,11,5,25,30
SAMM8AG02V,9,15,24,3,1,4,12,6,18
BNEE85201R,1,47,48,0,7,7,8,16,24
PNEE83101T,6,58,64,1,16,17,2,25,27
SSTD017505,23,51,74,4,15,19,0,0,0
PAEE8A2016,2,18,20,1,3,4,6,12,18
TOTL03451R,60,155,215,4,18,22,0,0,0
VTMM81602N,8,23,31,3,7,10,3,24,27
MIEE890011,7,65,72,2,19,21,1,29,30
VVEE826042,2,61,63,0,18,18,12,18,30
PDEE876022,7,92,99,4,19,23,10,24,34
LCMM80401N,2,30,32,0,7,7,1,18,19
MEEE88304N,1,43,44,0,12,12,9,16,25
CZEE10302E,2,40,42,0,11,11,0,0,0
BGTF029015,48,77,125,4,19,23,11,24,35
MIEE8A302L,6,80,86,2,15,17,4,29,33
NAMM649004,15,85,100,6,29,35,6,12,18
VREE816046,4,58,62,3,13,16,7,15,22
SAMM8BL015,21,50,71,3,10,13,7,17,24
NARH01000V,70,164,234,15,70,85,34,21,55
IMSD00901L,38,104,142,6,16,22,10,24,34
RETL017018,22,25,47,2,6,8,8,11,19
FOEE826018,3,45,48,0,11,11,9,20,29
LTEE81901X,1,42,43,0,10,10,10,18,28
MIEE8C1026,8,80,88,5,20,25,14,16,30
VCMM817011,11,17,28,2,4,6,3,22,25
VAEE85902X,3,48,51,3,16,19,3,23,26
RORI002012,33,63,96,6,13,19,4,25,29
TPRH040014,33,63,96,6,13,19,4,25,29
MCTF010005,46,62,108,2,12,14,9,21,30
BGEE83002Q,3,36,39,1,10,11,3,20,23
SSPS00401V,66,110,176,13,42,55,13,21,34
MBEE8AH01G,8,57,65,4,22,26,8,17,25
SOEE81201P,1,31,32,0,5,5,2,16,18
NAMM8EQ01N,15,33,48,2,10,12,9,15,24
TOEE80502N,6,84,90,3,27,30,6,20,26
GREE81905L,3,47,50,0,6,6,4,24,28
MEEE83905L,9,53,62,3,6,9,10,25,35
CTTD04901L,34,92,126,2,18,20,15,17,32
BOEE05601T,7,72,79,3,17,20,2,20,22
SAMM29100D,24,72,96,5,12,17,9,10,19
LIEE81004N,1,66,67,0,18,18,7,29,36
VREE84201G,1,80,81,0,14,14,8,21,29
TEMM821011,8,15,23,3,1,4,6,20,26
PZMM86202L,10,19,29,1,3,4,3,18,21
SIMM82601A,9,35,44,2,7,9,3,26,29
MIPS05401A,56,78,134,6,8,14,16,16,32
TREE810039,4,39,43,1,8,9,2,21,23
CSEE819019,1,42,43,1,12,13,15,9,24
LTTL01801V,62,68,130,4,14,18,8,28,36
NOTF03005L,84,84,168,8,12,20,22,28,50
PZMM829032,10,16,26,1,2,3,11,12,23
VAMM83502A,11,34,45,2,11,13,9,28,37
BSPS01601D,53,103,156,9,18,27,15,16,31
POMM804015,12,35,47,3,8,11,5,24,29
REEE81002Q,4,82,86,1,29,30,2,35,37
RMTF190509,52,53,105,2,8,10,8,26,34
ROEE81405P,2,41,43,0,11,11,4,18,22
PGRC033019,70,104,174,22,44,66,16,27,43
COTD010501,36,86,122,1,10,11,15,23,38
TPMM83401D,12,33,45,2,7,9,6,15,21
RMEE806044,6,37,43,0,6,6,9,12,21
CTEE06700T,5,62,67,2,19,21,4,15,19
SAEE102024,1,64,65,0,23,23,11,7,18
TOEE89407E,4,61,65,0,13,13,16,31,47
LEMM88601B,9,36,45,2,11,13,16,9,25
NOEE82502B,1,92,93,1,24,25,9,29,38
LUTD02351R,44,79,123,12,28,40,0,0,0
RMEE8DP017,2,67,69,0,19,19,4,21,25
LEEE80002N,1,49,50,0,16,16,9,20,29
AGMM84501E,15,35,50,6,7,13,13,10,23
RMMM8DC01V,9,35,44,4,10,14,4,22,26
CAEE82804N,5,42,47,1,9,10,9,19,28
RMPS04801G,37,108,145,8,31,39,10,26,36
RMTF090003,71,119,190,7,24,31,17,25,42
TOEE8B002Q,2,65,67,0,21,21,13,26,39
RMEE8GS01X,3,73,76,1,20,21,8,19,27
MIEE8B701D,9,70,79,5,14,19,14,9,23
RNEE80701P,3,67,70,2,20,22,2,29,31
SAEE8AS01Q,2,70,72,2,24,26,11,18,29
VVEE80703G,0,33,33,0,3,3,12,7,19
PGMM869012,6,19,25,3,6,9,1,21,22
MEEE8AB05L,1,65,66,0,22,22,10,20,30
VTPS01301P,51,109,160,5,25,30,8,24,32
BSMM86402A,8,35,43,6,5,11,5,24,29
VIEE83407E,0,55,55,0,14,14,4,20,24
KREE81706N,1,37,38,0,3,3,12,14,26
BGTD01101N,34,109,143,5,21,26,13,18,31
CBMM80901P,10,30,40,4,6,10,0,0,0
PCEE002108,4,99,103,4,30,34,11,21,32
RCEE848076,4,46,50,0,14,14,19,8,27
BIMM80003L,8,27,35,1,7,8,6,31,37
RMMM88201D,9,32,41,2,7,9,4,22,26
LCRF006015,35,109,144,4,17,21,13,24,37
ALEE83002D,1,53,54,0,17,17,6,28,34
NAEE8C002X,1,54,55,1,18,19,13,9,22
PVEE80905T,2,47,49,0,14,14,6,15,21
RGTL02101E,45,55,100,3,5,8,14,15,29
BSMM87102D,6,29,35,1,4,5,8,21,29
PDMM85001Q,7,40,47,1,5,6,2,31,33
NAEE515027,3,48,51,0,14,14,7,12,19
BSMM8AK02N,16,63,79,3,12,15,8,26,34
AQEE84101P,1,34,35,0,5,5,5,18,23
VBMM01700A,28,67,95,6,21,27,2,17,19
CSEE8AX01N,0,38,38,0,10,10,5,13,18
BGEE85105X,1,35,36,0,4,4,2,24,26
BGMM8AG039,15,28,43,7,5,12,4,28,32
ATEE81801V,6,68,74,2,15,17,7,27,34
CBMM82501L,11,29,40,1,12,13,10,13,23
ALMM824025,9,36,45,4,10,14,7,26,33
PAEE10701L,3,30,33,0,12,12,5,12,17
LUEE84603T,1,62,63,1,13,14,5,24,29
BNEE84502P,1,62,63,1,13,14,5,24,29
MEEE816083,4,51,55,0,14,14,8,23,31
IMEE81604X,2,74,76,0,18,18,6,28,34
LTTD04000L,37,77,114,6,25,31,11,20,31
RMEE8D001C,1,46,47,0,8,8,3,22,25
AVRH01201R,38,43,81,3,9,12,15,22,37
TPEE81302E,3,50,53,2,12,14,7,11,18
ENEE82301B,4,31,35,1,9,10,12,6,18
LCEE82601G,5,89,94,0,28,28,9,24,33
BARI13051N,5,89,94,0,28,28,9,24,33
BAMM87101V,7,12,19,2,2,4,4,18,22
TATF03450L,27,74,101,5,29,34,0,0,0
CEEE078013,0,30,30,0,9,9,0,0,0
MBMM85901R,12,34,46,4,8,12,6,19,25
RIEE808045,3,47,50,1,14,15,4,20,24
MIEE8EQ015,3,70,73,1,18,19,12,23,35
RMPM180008,19,63,82,0,8,8,4,23,27
NAEE8D3022,2,40,42,0,14,14,12,12,24
TPEE81402A,3,57,60,0,15,15,8,15,23
BSEE84003X,6,73,79,2,12,14,11,22,33
PDMM83401T,8,33,41,2,6,8,4,14,18
CAEE890016,3,48,51,0,21,21,3,19,22
SAMM8A901D,10,30,40,2,5,7,19,10,29
FGEE822024,10,30,40,2,5,7,19,10,29
SAMM8AJ01V,6,13,19,1,1,2,6,9,15
RGEE82601V,1,32,33,0,5,5,5,17,22
CSRI078507,22,53,75,1,7,8,0,0,0
CEEE88704X,0,63,63,0,16,16,15,11,26
GEEE81503G,2,27,29,1,7,8,5,16,21
PCMM81702E,16,37,53,5,6,11,7,33,40
BGEE83603Q,5,70,75,1,12,13,5,19,24
BLMM810013,7,23,30,1,4,5,3,13,16
VIMM842016,6,41,47,2,12,14,6,22,28
BAPS029012,51,120,171,11,37,48,5,26,31
BORC01651R,45,81,126,8,32,40,0,0,0
VAEE81803P,3,48,51,1,14,15,7,22,29
SAEE888033,3,48,51,1,14,15,7,22,29
PDEE870067,0,75,75,0,15,15,5,29,34
CTEE860013,2,32,34,1,7,8,6,15,21
ROMM80001G,18,36,54,6,9,15,6,25,31
LITD03050C,32,46,78,7,13,20,5,13,18
TPTD020509,63,78,141,5,28,33,18,16,34
RNEE805013,4,64,68,4,22,26,4,24,28
FESD009011,31,68,99,2,12,14,8,30,38
CLRH009013,55,84,139,12,31,43,43,19,62
FREE82605G,2,55,57,0,19,19,7,23,30
RMEE8F704G,1,88,89,0,39,39,13,17,30
VAEE81203Q,0,60,60,0,14,14,9,19,28
PAEE8AP019,3,36,39,0,5,5,10,14,24
PIEE83602D,0,72,72,0,23,23,4,28,32
VAMM857016,8,33,41,3,7,10,9,18,27
PEMM810043,6,21,27,1,2,3,7,28,35
SSTD09000T,24,45,69,5,11,16,4,18,22
NOEE83002V,2,99,101,0,25,25,4,31,35
GETF014018,58,72,130,6,20,26,8,28,36
MEEE88902E,0,31,31,0,8,8,4,15,19
BAEE174019,2,44,46,1,14,15,5,10,15
AQEE052181,1,40,41,0,9,9,3,9,12
NAPM07000T,17,62,79,4,5,9,12,6,18
NARH04101G,27,67,94,5,22,27,17,14,31
ANEE850018,2,62,64,1,24,25,0,29,29
CZEE86003T,4,69,73,2,22,24,6,22,28
REEE822011,2,57,59,0,15,15,5,16,21
NAEE8EE028,1,51,52,0,15,15,11,13,24
FGMM88101T,5,25,30,1,11,12,5,9,14
NOTF03000B,84,84,168,8,12,20,22,28,50
RMEE8AB018,4,49,53,1,16,17,5,15,20
BNEE834017,2,43,45,0,9,9,9,13,22
SIMM828012,14,38,52,5,8,13,7,28,35
LEEE89702X,1,41,42,0,11,11,7,15,22
RMMM81601E,8,19,27,2,6,8,5,14,19
VVEE81501C,2,26,28,0,5,5,9,14,23
CTEE80901T,7,58,65,2,18,20,8,17,25
MEMM898017,1,4,5,0,0,0,5,24,29
BAMM80501X,2,17,19,1,5,6,5,19,24
PZMM828014,5,17,22,0,4,4,5,13,18
PIEE818031,4,66,70,0,23,23,4,21,25
BSTD016019,53,103,156,9,18,27,15,16,31
ANPS01401N,81,103,184,7,10,17,19,40,59
FITN02301T,62,84,146,13,23,36,11,26,37
UDEE85403L,5,70,75,0,6,6,6,36,42
TPEE83401E,2,41,43,0,10,10,6,15,21
UDMM84701A,9,40,49,2,13,15,2,28,30
OREE82809V,9,40,49,2,13,15,2,28,30
MCMM83701E,9,40,49,2,13,15,2,28,30
SAMM86302L,17,36,53,2,9,11,9,11,20
GEMM859016,7,43,50,1,14,15,5,33,38
PSEE829037,3,54,57,1,18,19,5,28,33
CTEE832031,2,47,49,0,4,4,6,17,23
TOEE8BD012,18,115,133,12,34,46,10,27,37
RMEE8GK01X,2,58,60,0,19,19,5,19,24
LUEE82603L,0,38,38,0,1,1,0,21,21
PZEE89002T,2,19,21,0,3,3,10,11,21
CTEE8AU019,4,44,48,0,10,10,5,17,22
LUEE835019,0,61,61,0,14,14,0,25,25
PGRH01002V,0,61,61,0,14,14,0,25,25
PGSD02401C,28,77,105,3,13,16,8,21,29
TOEE8BS04D,2,71,73,0,15,15,12,27,39
MNTA013023,49,51,100,5,23,28,12,21,33
MIEE809021,5,39,44,2,13,15,2,17,19
RAMM824015,6,31,37,0,11,11,6,28,34
CAEE83501N,2,31,33,0,11,11,5,13,18
CTEE845022,3,48,51,0,15,15,13,22,35
VRTD00101N,27,54,81,3,12,15,5,14,19
TOMM88901Q,10,33,43,5,10,15,8,30,38
RMEE00701T,10,33,43,5,10,15,8,30,38
FEEE82002T,3,29,32,0,7,7,5,15,20
PNEE82402Q,1,40,41,0,10,10,1,19,20
RIRA00650R,40,94,134,3,27,30,0,0,0
TORI048018,44,51,95,10,10,20,13,18,31
FGTD010004,30,51,81,6,12,18,12,19,31
RMEE8GT04V,3,89,92,1,20,21,7,18,25
VRMM85901X,11,46,57,3,7,10,7,33,40
VERA02801Q,54,108,162,4,17,21,15,37,52
CAEE839033,4,65,69,1,16,17,4,31,35
VETD03050A,33,77,110,2,8,10,10,24,34
BOEE83204B,2,39,41,0,6,6,8,28,36
TREE009014,2,61,63,0,21,21,4,19,23
RMTD11102P,2,61,63,0,21,21,4,19,23
ROEE817023,2,44,46,0,8,8,6,25,31
REEE834028,6,103,109,2,31,33,8,25,33
PNEE82501E,2,41,43,1,7,8,2,19,21
CZEE865031,2,57,59,1,12,13,15,14,29
SIMM81001R,3,17,20,0,4,4,8,9,17
PGEE051053,2,87,89,0,24,24,5,26,31
NAEE8EY02Q,2,87,89,0,24,24,5,26,31
VEEE841036,4,60,64,1,12,13,7,24,31
CSEE8AS06Q,0,48,48,0,12,12,9,17,26
ATEE811014,1,73,74,1,19,20,10,27,37
BGRI01301P,1,73,74,1,19,20,10,27,37
RCRH080001,34,48,82,5,9,14,36,26,62
UDEE84006T,2,25,27,0,1,1,4,21,25
RCEE84401L,3,41,44,3,5,8,8,14,22
ATPC00301E,56,91,147,7,26,33,12,24,36
PAMM825039,9,17,26,2,1,3,10,12,22
CEEE8BD02P,0,43,43,0,9,9,10,14,24
BGMM825027,15,18,33,2,4,6,6,16,22
VIMM141007,15,18,33,2,4,6,6,16,22
RMEE86101D,2,75,77,1,22,23,4,24,28
VEEE85201E,2,39,41,0,6,6,2,20,22
ATMM81801T,13,52,65,5,17,22,7,27,34
RMEE8E801N,5,85,90,4,22,26,4,23,27
ALEE824037,3,73,76,2,22,24,7,26,33
VEEE81501G,4,80,84,1,16,17,5,25,30
GEEE82301C,10,57,67,2,13,15,5,25,30
FRRC02751N,30,50,80,9,17,26,0,0,0
BNTF010008,73,73,146,3,10,13,19,18,37
VIEE852041,1,36,37,1,6,7,4,23,27
COEE85602P,3,72,75,0,16,16,2,31,33
BSEE84803E,2,47,49,0,7,7,4,23,27
SAMM8BE02T,12,23,35,5,3,8,7,17,24
CNMM83502X,9,13,22,3,2,5,4,19,23
RMEE8BC04T,3,35,38,0,14,14,2,16,18
RAMM823019,8,33,41,2,9,11,3,28,31
CTEE028007,0,10,10,0,3,3,0,0,0
PVEE81308L,8,77,85,6,18,24,10,27,37
APTD013018,38,80,118,3,11,14,12,28,40
CSTE04601D,41,96,137,4,19,23,19,13,32
TARF03401C,27,74,101,5,29,34,9,22,31
TATD02651C,35,54,89,5,12,17,0,0,0
PTEE70001Q,35,54,89,5,12,17,0,0,0
MOEE06003D,17,142,159,8,42,50,13,41,54
RMEE8BJ01N,0,70,70,0,20,20,6,20,26
SITA00901G,47,72,119,14,20,34,21,15,36
PVEE81305D,47,72,119,14,20,34,21,15,36
PAEE03709X,8,62,70,4,18,22,6,13,19
MIRC029016,41,98,139,8,16,24,10,18,28
FEEE81303Q,4,76,80,2,25,27,4,24,28
SAEE89801G,1,38,39,1,6,7,11,12,23
CZMM843022,11,27,38,3,3,6,10,15,25
PVMM823042,7,37,44,2,14,16,5,34,39
VEMM83001L,10,24,34,2,4,6,5,18,23
GREE82103E,3,42,45,0,10,10,6,29,35
MIEE840032,3,69,72,2,17,19,5,26,31
TSMM814011,6,24,30,1,3,4,7,18,25
VEEE87301G,1,60,61,0,17,17,2,21,23
CBEE830037,3,53,56,1,17,18,6,20,26
TSMM80301E,9,23,32,1,7,8,4,16,20
GREE83202X,3,75,78,1,21,22,2,27,29
AQEE82703E,4,48,52,3,10,13,12,19,31
FRTD003013,38,84,122,7,17,24,6,23,29
BSEE81807V,1,43,44,0,2,2,5,24,29
SAPM012019,39,60,99,1,13,14,10,13,23
SATH032013,28,49,77,3,9,12,14,14,28
LOEE814024,5,102,107,2,36,38,9,26,35
NAMM8B301P,12,38,50,5,14,19,10,17,27
RCEE81401R,0,29,29,0,2,2,9,10,19
PAEE85802L,5,53,58,1,14,15,14,14,28
BAEE82201P,3,61,64,1,23,24,9,18,27
RCEE825039,2,70,72,0,23,23,19,8,27
RNRC00601X,51,143,194,9,48,57,11,33,44
FEEE80703C,7,67,74,1,13,14,6,26,32
SAEE888044,7,67,74,1,13,14,6,26,32
CSEE88401C,3,28,31,1,4,5,11,10,21
RNEE805035,4,64,68,4,22,26,4,24,28
AQMM823025,4,25,29,1,8,9,3,22,25
COMM840013,3,18,21,0,4,4,4,16,20
POMM82101V,7,26,33,4,10,14,5,29,34
BLEE81902G,2,51,53,0,9,9,2,29,31
CNEE84901T,2,44,46,0,9,9,7,20,27
RMEE8DK025,4,57,61,3,13,16,4,21,25
SAEE87802B,1,27,28,0,7,7,5,10,15
CARA01151L,48,48,96,9,16,25,0,0,0
VAEE80901T,3,54,57,1,12,13,5,22,27
TOTF10000X,73,78,151,4,14,18,18,34,52
CNEE81603L,2,37,39,0,11,11,5,23,28
ROTL01201N,99,91,190,7,10,17,28,29,57
FIPC001014,34,129,163,1,1,2,11,18,29
SAEE10403R,0,69,69,0,24,24,9,11,20
SSTD01652B,70,84,154,15,22,37,0,0,0
CZTD01801N,31,72,103,1,4,5,14,20,34
MIMM8FV017,14,49,63,3,19,22,5,28,33
NUMM87002D,5,32,37,1,10,11,2,23,25
RGEE81303V,4,58,62,2,17,19,12,22,34
LEEE887029,2,40,42,1,13,14,9,14,23
IMMM801023,10,32,42,4,7,11,7,25,32
TOEE82001P,8,64,72,3,15,18,12,23,35
AGTA012016,47,57,104,1,9,10,41,20,61
NOEE82202X,2,51,53,1,14,15,8,19,27
ANMM851013,2,51,53,1,14,15,8,19,27
NAEE8FX03G,2,41,43,1,14,15,8,10,18
MSEE82005P,4,70,74,2,20,22,2,29,31
BAEE098033,0,79,79,0,31,31,7,15,22
PIEE82903B,3,69,72,1,15,16,7,27,34
NARI113515,53,80,133,12,21,33,0,0,0
MOEE82001X,6,65,71,1,15,16,6,23,29
PARI009014,53,73,126,7,19,26,22,10,32
MIPS00301D,31,86,117,2,6,8,6,23,29
SAMM33800D,31,86,117,2,6,8,6,23,29
NAEE139028,5,95,100,4,33,37,8,17,25
CTMM81801G,4,36,40,1,7,8,9,13,22
LTPS060002,33,106,139,3,14,17,8,25,33
MOMM83401R,4,19,23,3,1,4,4,21,25
APEE81301X,1,34,35,0,8,8,3,24,27
CEPS00101D,27,71,98,4,10,14,12,22,34
CTEE83201V,2,47,49,0,4,4,6,17,23
CRMM80203D,5,23,28,1,6,7,1,22,23
BSEE87702D,8,105,113,4,23,27,8,31,39
FIPS100007,25,47,72,2,7,9,8,12,20
VREE89805Q,5,96,101,1,20,21,6,32,38
UDTN00401Q,39,57,96,4,9,13,5,19,24
CTMM835019,9,22,31,1,13,14,9,21,30
SSMM800012,12,32,44,3,8,11,6,25,31
NOPM01050E,17,54,71,1,6,7,5,21,26
LEMM8AH01R,4,23,27,0,7,7,9,15,24
PSMM83401G,11,31,42,1,6,7,7,31,38
SSEE855028,2,78,80,1,26,27,10,29,39
VAEE830017,2,41,43,1,12,13,5,16,21
REEE84102B,3,55,58,0,20,20,4,31,35
CETD01801P,58,72,130,12,19,31,14,14,28
RMRC11101A,22,100,122,3,30,33,12,21,33
SOMM82203A,6,42,48,0,4,4,9,18,27
LEEE8AB01V,3,47,50,1,14,15,11,13,24
LTEE818036,2,43,45,0,13,13,7,18,25
RMRH080004,33,82,115,13,32,45,7,25,32
PSMM84001V,5,18,23,2,2,4,4,31,35
PNEE83102V,6,58,64,1,16,17,2,25,27
BOEE868046,2,67,69,0,16,16,4,33,37
REEE848026,3,75,78,1,15,16,6,29,35
BGRA03101L,57,71,128,9,18,27,16,20,36
RMRC013015,26,45,71,3,7,10,11,11,22
MIMM8FA01X,9,40,49,2,6,8,7,25,32
MIEE8AZ01B,6,75,81,1,27,28,7,23,30
VAMM835019,11,34,45,2,11,13,9,28,37
TVEE870047,8,53,61,4,15,19,9,16,25
GEEE83101B,2,67,69,1,22,23,4,22,26
MBEE8AH02L,8,57,65,4,22,26,8,17,25
RARC00351G,78,148,226,13,32,45,0,0,0
NAEE8EQ01P,3,62,65,2,15,17,9,15,24
SAEE86902L,1,15,16,0,3,3,8,4,12
ATEE80605R,0,55,55,0,15,15,2,24,26
CNEE82801R,2,65,67,1,18,19,8,26,34
PRTD04000Q,23,56,79,2,6,8,8,17,25
MITF05401C,56,78,134,6,8,14,16,16,32
FRTD01302P,56,78,134,6,8,14,16,16,32
CEMM87001A,19,26,45,5,8,13,10,16,26
SRRI006018,24,75,99,1,29,30,12,22,34
VCEE809024,6,80,86,4,27,31,9,36,45
RMMM869013,10,40,50,2,12,14,7,18,25
RMRH04601N,39,61,100,12,16,28,14,19,33
CZEE835035,5,34,39,0,7,7,10,9,19
PDMM87901B,12,30,42,1,3,4,3,19,22
GEEE847011,0,51,51,0,13,13,3,22,25
TAEE01301N,0,51,51,0,13,13,3,22,25
LTEE80001V,2,87,89,1,39,40,8,26,34
BGMM88601N,14,21,35,4,6,10,1,24,25
PVMM80402E,10,35,45,4,9,13,6,31,37
NAEE23102E,3,54,57,0,14,14,10,12,22
AVEE815023,2,20,22,0,4,4,8,6,14
PDEE84202V,1,66,67,0,17,17,6,23,29
MEEE85501A,2,19,21,1,3,4,3,11,14
RCEE826013,3,37,40,1,7,8,6,15,21
TVEE83703E,6,64,70,1,17,18,3,27,30
VVMM817035,14,14,28,0,3,3,13,8,21
PDEE88701B,8,92,100,2,18,20,12,16,28
FEEE81406P,7,57,64,2,19,21,6,25,31
TSEE80301G,4,48,52,1,9,10,4,16,20
CHPS01000X,19,44,63,1,1,2,2,17,19
MOMM15100B,16,56,72,4,13,17,4,13,17
RMMM8CC018,10,34,44,4,11,15,9,22,31
LETD048012,10,34,44,4,11,15,9,22,31
VEEE82202Q,3,41,44,2,13,15,3,15,18
PZTD15000E,10,12,22,2,0,2,1,1,2
FIMM809018,4,24,28,1,5,6,1,18,19
BRMM80101P,8,12,20,3,2,5,12,5,17
CAMM82806P,11,22,33,3,4,7,9,19,28
PCTF004013,55,76,131,9,19,28,11,26,37
GRRI001509,29,106,135,10,21,31,0,0,0
UDEE821028,0,41,41,0,9,9,3,23,26
FIMM85001V,11,30,41,1,4,5,7,23,30
NAEE8AG01C,1,28,29,1,7,8,8,8,16
PNEE81101L,3,76,79,1,14,15,7,23,30
BRMM80201E,19,36,55,5,8,13,12,16,28
PVRC00801V,38,61,99,13,24,37,11,21,32
MEEE86102P,2,98,100,1,45,46,8,22,30
NAEE80303L,5,43,48,1,17,18,11,9,20
MTPM004019,18,49,67,3,7,10,11,12,23
BGEE804027,1,28,29,0,5,5,4,20,24
AGEE83602T,6,55,61,1,16,17,15,12,27
AVTA02850A,41,48,89,3,11,14,0,0,0
VVEE812088,2,43,45,0,11,11,14,11,25
CNEE813057,3,44,47,1,13,14,6,21,27
SVMM80202C,9,26,35,3,3,6,5,25,30
MBEE8EZ03R,3,64,67,0,14,14,3,29,32
SSRH017514,23,51,74,4,15,19,0,0,0
COMM803014,9,30,39,0,11,11,3,25,28
RGMM81501B,9,20,29,1,4,5,6,15,21
BATD02050Q,24,78,102,3,11,14,8,18,26
NAMM63900D,8,14,22,1,2,3,0,0,0
MIMM8CG013,11,31,42,4,9,13,5,18,23
AGRI016019,76,88,164,7,18,25,24,18,42
RETL01751N,22,25,47,2,6,8,0,0,0
LTMM81902X,7,23,30,1,6,7,10,18,28
MIEE8C1048,8,80,88,5,20,25,14,16,30
VCEE817012,3,33,36,1,4,5,3,22,25
FOMM826017,10,22,32,4,2,6,9,20,29
MOEE84202T,5,94,99,4,20,24,6,27,33
NAEE8GL01R,0,59,59,0,21,21,15,10,25
BGEE83001P,3,36,39,1,10,11,3,20,23
ALMM81201T,9,30,39,3,16,19,11,16,27
BGEE818036,4,86,90,1,24,25,8,27,35
RMEE72003C,4,86,90,1,24,25,8,27,35
VTMM82901P,9,37,46,0,9,9,8,17,25
GRMM81901B,5,24,29,0,9,9,4,24,28
PDMM862012,7,33,40,1,7,8,3,24,27
MEMM83901B,9,28,37,6,2,8,10,25,35
AGRI026508,58,55,113,6,8,14,0,0,0
NUEE86301A,5,30,35,0,9,9,6,17,23
SAMM28700T,7,60,67,1,8,9,9,9,18
FREE860031,1,65,66,0,29,29,2,25,27
SIEE80402G,1,43,44,0,10,10,5,22,27
PZEE86201L,3,50,53,0,11,11,3,18,21
FGTD02101G,44,44,88,7,9,16,21,8,29
VIEE80804V,7,79,86,3,17,20,6,33,39
SAEE832033,2,20,22,0,4,4,5,12,17
MIMM8C0018,6,16,22,1,1,2,4,19,23
TREE81005B,4,39,43,1,8,9,2,21,23
LTTD10050C,6,29,35,3,5,8,2,7,9
VTMM81701C,13,50,63,5,15,20,5,24,29
BREE81502P,0,46,46,0,16,16,9,13,22
CTEE83501A,3,34,37,1,14,15,9,21,30
GRMM82401V,9,13,22,0,3,3,3,14,17
BAEE862015,0,61,61,0,28,28,8,16,24
FOEE80202R,9,38,47,0,8,8,2,35,37
CAMM846024,6,23,29,4,6,10,2,16,18
UDRI00701P,57,70,127,8,19,27,25,29,54
TEEE82404L,5,79,84,1,26,27,11,28,39
SSRI011028,59,54,113,10,32,42,6,21,27
FIEE827031,7,85,92,1,18,19,15,26,41
POEE804016,5,52,57,2,10,12,5,24,29
VIEE86004X,4,74,78,1,19,20,6,28,34
CRMM80601P,14,25,39,1,7,8,5,25,30
MBEE843018,2,43,45,1,6,7,2,21,23
COTD01000G,36,86,122,1,10,11,15,23,38
BSEE886028,3,46,49,1,7,8,6,18,24
RMMM806021,3,46,49,1,7,8,6,18,24
LCEE810012,7,76,83,1,8,9,8,16,24
VREE84205Q,1,80,81,0,14,14,8,21,29
RMEE8GH031,4,82,86,2,24,26,5,23,28
BSTF004019,71,82,153,13,16,29,15,21,36
NOEE82501A,1,92,93,1,24,25,9,29,38
NAEE8AP03E,2,32,34,1,6,7,7,15,22
MITF07401N,42,67,109,6,23,29,11,13,24
CTEE8AZ05L,2,82,84,1,24,25,10,23,33
REEE848015,3,75,78,1,15,16,6,29,35
VBEE805048,0,24,24,0,7,7,3,19,22
RMTF09050C,71,119,190,7,24,31,17,25,42
RMMM8DR01T,14,49,63,3,8,11,3,16,19
CTEE8BA01C,2,53,55,1,23,24,5,17,22
VAEE83502B,4,58,62,2,12,14,9,28,37
MEEE865011,3,41,44,1,13,14,6,14,20
MIMM8B8018,5,26,31,3,10,13,3,22,25
RMTF19000X,52,53,105,2,8,10,8,26,34
PGRI033012,70,104,174,22,44,66,16,27,43
CSEE814016,3,28,31,2,8,10,12,2,14
PGEE869013,0,47,47,0,15,15,1,21,22
VTMM700016,0,47,47,0,15,15,1,21,22
BSEE86406G,5,65,70,3,11,14,5,24,29
CSEE87602E,2,44,46,2,16,18,5,16,21
VIEE83403A,0,55,55,0,14,14,4,20,24
VTEE80801P,5,58,63,3,13,16,6,32,38
ATMM80102D,15,21,36,4,5,9,10,26,36
KRMM81704E,10,10,20,1,0,1,12,14,26
RIEE82401X,2,30,32,0,8,8,5,25,30
RAMM80701B,2,18,20,0,5,5,4,15,19
RMEE88203L,3,79,82,1,25,26,4,22,26
CSMM8AP01L,11,30,41,1,11,12,11,10,21
CTMM80901R,13,34,47,2,14,16,8,17,25
RGTD021014,45,55,100,3,5,8,14,15,29
AQMM84101N,9,24,33,2,6,8,5,18,23
VBTF00701B,116,125,241,5,14,19,21,45,66
BGEE8AG018,8,51,59,4,8,12,4,28,32
LCEE82103E,2,73,75,0,18,18,9,22,31
SRTE022018,53,90,143,7,35,42,15,27,42
VCMM80402X,2,24,26,1,5,6,3,21,24
RCEE84902R,2,31,33,0,8,8,14,4,18
MNMM80205R,7,29,36,2,8,10,4,25,29
PAMM817029,13,24,37,2,5,7,20,8,28
SAMM86301G,17,36,53,2,9,11,9,11,20
BGPS01101T,34,109,143,5,21,26,13,18,31
BGEE813011,6,64,70,2,19,21,7,23,30
LETD048023,6,64,70,2,19,21,7,23,30
NATD13401B,55,87,142,7,21,28,16,15,31
VVTF01101Q,53,48,101,3,10,13,20,15,35
AVRI012018,38,43,81,3,9,12,15,22,37
REEE83803L,4,53,57,2,13,15,5,25,30
ALMM83001B,10,42,52,2,11,13,6,28,34
LCRF00651E,35,109,144,4,17,21,0,0,0
ENMM82301A,11,25,36,3,6,9,12,6,18
UDEE821017,0,41,41,0,9,9,3,23,26
RCRI010006,40,56,96,4,11,15,17,15,32
ALEE838035,3,24,27,1,4,5,11,25,36
LCEE82703D,3,81,84,1,21,22,3,32,35
BAEE871021,3,69,72,2,18,20,4,18,22
CAMM83501L,12,23,35,1,8,9,5,13,18
MBEE85901T,4,54,58,3,7,10,6,19,25
UDEE813029,1,25,26,1,8,9,1,15,16
RIEE808023,3,47,50,1,14,15,4,20,24
MBRC060013,3,47,50,1,14,15,4,20,24
ISMM81201N,8,18,26,0,5,5,7,18,25
FEMM82001Q,8,21,29,1,5,6,5,15,20
RMEE8AF01G,2,82,84,1,26,27,7,27,34
BSEE840041,6,73,79,2,12,14,11,22,33
CHRC00602V,16,48,64,4,10,14,0,0,0
CNTD017503,114,105,219,6,13,19,0,0,0
COEE809036,3,54,57,0,12,12,6,20,26
CEEE87601A,1,56,57,0,10,10,9,14,23
VAMM866011,17,24,41,3,5,8,10,17,27
BATF028018,34,79,113,7,16,23,8,19,27
SAEE8BF01N,1,21,22,0,4,4,7,10,17
PAEE8A3012,2,53,55,0,17,17,13,16,29
VITF02201L,87,93,180,10,17,27,17,27,44
CHEE034034,3,43,46,0,11,11,0,0,0
CNMM86502Q,10,31,41,4,8,12,4,35,39
PDMM876021,10,48,58,2,8,10,10,24,34
PDEE870056,0,75,75,0,15,15,5,29,34
IMMM80201T,10,18,28,3,5,8,7,22,29
LUEE81701Q,5,40,45,0,12,12,3,22,25
NARH010508,70,164,234,15,70,85,34,21,55
LITD030014,70,164,234,15,70,85,34,21,55
TPTD02000X,63,78,141,5,28,33,18,16,34
NASD063015,43,80,123,8,10,18,17,18,35
LUEE85002C,3,47,50,0,10,10,0,23,23
VIMM706016,3,47,50,0,10,10,0,23,23
FETA011508,78,123,201,16,46,62,0,0,0
VAEE81202P,0,60,60,0,14,14,9,19,28
MEEE81810T,2,42,44,0,11,11,6,20,26
ISPM01401X,34,74,108,3,24,27,13,22,35
VCEE81503C,3,42,45,0,11,11,4,22,26
PIEE83604G,0,72,72,0,23,23,4,28,32
CAEE87102T,0,69,69,0,18,18,5,21,26
VVMM82002X,12,32,44,1,6,7,14,10,24
PDMM883013,16,51,67,2,12,14,12,22,34
MEMM88902D,9,53,62,1,13,14,4,15,19
FOEE01910L,5,71,76,1,16,17,4,23,27
MIMM83802X,11,21,32,5,3,8,8,15,23
AGRI02701Q,53,89,142,13,17,30,27,16,43
NAPM05000L,24,87,111,5,9,14,11,16,27
FGEE86202E,4,83,87,3,35,38,11,12,23
BLEE82202B,2,46,48,0,6,6,4,18,22
NARC04101A,27,67,94,5,22,27,17,14,31
BGEE83702E,3,52,55,0,7,7,5,24,29
BLEE810025,5,30,35,2,2,4,3,13,16
AVEE87502P,9,43,52,0,10,10,13,15,28
NAEE8EE04A,1,51,52,0,15,15,11,13,24
VAMM81801G,6,24,30,1,8,9,7,22,29
NOTF02000R,65,116,181,12,25,37,14,28,42
SAMM888021,65,116,181,12,25,37,14,28,42
SIEE828035,0,78,78,0,26,26,7,28,35
SAEE178018,1,44,45,0,9,9,7,12,19
FREE84205D,3,76,79,0,34,34,7,25,32
RCEE87202T,3,50,53,1,18,19,12,11,23
PAEE02902N,3,84,87,2,23,25,11,17,28
VREE84703R,3,87,90,1,15,16,4,24,28
PZMM828036,5,17,22,0,4,4,5,13,18
PIEE81802X,4,66,70,0,23,23,4,21,25
VIEE87302X,3,51,54,2,13,15,6,25,31
BAEE19801T,1,78,79,0,29,29,6,16,22
BOPS02000D,42,78,120,1,3,4,8,26,34
BSTD01602A,53,103,156,9,18,27,15,16,31
PZEE852056,2,42,44,0,5,5,9,16,25
SIRC00901P,47,72,119,14,20,34,21,15,36
PEMM810032,6,21,27,1,2,3,7,28,35
SSTE01000C,31,67,98,2,23,25,4,21,25
PSMM80501G,10,17,27,1,4,5,10,12,22
CAMM8AC072,9,25,34,2,5,7,13,19,32
SSTD016033,70,84,154,15,22,37,20,31,51
BAEE17406E,2,44,46,1,14,15,5,10,15
FOEE80702X,2,44,46,0,10,10,7,23,30
OREE82901A,4,48,52,2,20,22,5,18,23
GEEE81403Q,0,43,43,0,8,8,4,28,32
ANMM850017,9,34,43,4,13,17,0,29,29
PIEE817013,1,71,72,1,19,20,4,22,26
REEE822022,2,57,59,0,15,15,5,16,21
RMMM8GK01V,5,47,52,0,11,11,5,19,24
TOEE82105P,3,57,60,1,16,17,8,24,32
VIEE869028,10,47,57,6,13,19,5,16,21
TPRI00201R,41,65,106,17,11,28,20,12,32
LUEE83506E,0,61,61,0,14,14,0,25,25
PGRH010506,37,102,139,9,32,41,25,54,79
RMEE81601G,1,41,42,1,13,14,5,14,19
MNRC014011,46,98,144,12,34,46,15,25,40
MCMM826014,9,15,24,2,1,3,2,19,21
CBRI00301E,17,41,58,2,11,13,5,16,21
RMEE8GS032,3,73,76,1,20,21,8,19,27
CSEE88404G,3,28,31,1,4,5,11,10,21
VREE859033,3,88,91,2,17,19,7,33,40
CAEE839044,4,65,69,1,16,17,4,31,35
GRRC012503,52,113,165,6,24,30,0,0,0
BOMM832017,14,18,32,3,0,3,8,28,36
TOTF100509,73,78,151,4,14,18,18,34,52
ROTF01250T,99,91,190,7,10,17,0,0,0
BOEE820012,2,62,64,0,10,10,4,23,27
MCEE83702L,2,62,64,0,10,10,4,23,27
VTMM80801N,11,35,46,4,5,9,6,32,38
LETD00201L,31,73,104,7,18,25,14,10,24
PSEE829015,3,54,57,1,18,19,5,28,33
TOMM8BT026,12,26,38,4,7,11,11,32,43
PGEE051097,2,87,89,0,24,24,5,26,31
AREE82402L,1,23,24,0,3,3,2,2,4
VEEE841014,4,60,64,1,12,13,7,24,31
RMSD09601B,41,118,159,9,35,44,12,23,35
UDEE84001L,2,25,27,0,1,1,4,21,25
TOMM8BS019,10,35,45,2,12,14,12,27,39
RCMM84402L,9,18,27,1,4,5,8,14,22
RAMM825011,6,42,48,1,8,9,5,27,32
BGMM825016,15,18,33,2,4,6,6,16,22
SAMM8AM03C,3,16,19,0,1,1,6,12,18
PNEE82403R,1,40,41,0,10,10,1,19,20
RIRA00602D,40,94,134,3,27,30,16,38,54
TOTF048015,44,51,95,10,10,20,13,18,31
ATEE818031,44,51,95,10,10,20,13,18,31
RMEE8FJ01D,2,75,77,1,14,15,9,18,27
LOEE80202T,5,68,73,4,17,21,1,22,23
CEPC00101A,27,71,98,4,10,14,12,22,34
VBEE81608V,27,71,98,4,10,14,12,22,34
NAMM8EY01N,27,71,98,4,10,14,12,22,34
COEE85604R,3,72,75,0,16,16,2,31,33
CHEE839025,5,74,79,2,25,27,5,29,34
MIEE858015,3,82,85,3,14,17,2,29,31
CNEE83501X,4,27,31,1,2,3,4,19,23
BGTF01301G,50,66,116,6,2,8,9,23,32
RAEE82301A,2,59,61,0,11,11,3,28,31
FRPS02901B,23,82,105,1,22,23,8,17,25
PNEE81201C,4,46,50,0,11,11,3,29,32
TSEE806013,8,43,51,1,10,11,5,37,42
MNMM81401V,3,18,21,1,5,6,4,15,19
BAEE87101X,3,69,72,2,18,20,4,18,22
BAMM85701L,15,56,71,3,16,19,6,21,27
SSMM800023,12,32,44,3,8,11,6,25,31
CNMM84001A,3,27,30,0,5,5,5,18,23
ALMM82801B,15,32,47,5,15,20,10,25,35
RMMM8EJ01T,5,41,46,1,3,4,6,26,32
PTMM04700R,5,41,46,1,3,4,6,26,32
MOEE06001B,17,142,159,8,42,50,13,41,54
BIMM81701X,3,21,24,1,6,7,3,16,19
PAMM842011,18,36,54,7,7,14,14,6,20
VEEE83001N,6,55,61,3,8,11,5,18,23
TAMM808014,6,29,35,2,12,14,9,10,19
PCEE81702G,2,82,84,0,16,16,7,33,40
GREE83302Q,0,51,51,0,12,12,3,29,32
FRRI00301C,38,84,122,7,17,24,6,23,29
MITD047013,52,68,120,6,9,15,12,16,28
SAPC012015,39,60,99,1,13,14,10,13,23
CSMM87001D,11,30,41,1,6,7,6,15,21
RCEE86502P,1,43,44,0,11,11,6,20,26
LOEE815031,7,83,90,2,23,25,3,29,32
BSMM8AC01C,7,26,33,1,5,6,6,19,25
PAMM15700G,7,26,33,1,5,6,6,19,25
CTEE028018,0,10,10,0,3,3,0,0,0
PVEE81302A,8,77,85,6,18,24,10,27,37
CSTE04651V,41,96,137,4,19,23,0,0,0
NAMM8FR014,6,33,39,2,12,14,12,10,22
FEEE80704D,7,67,74,1,13,14,6,26,32
PNTN007017,57,62,119,3,10,13,7,26,33
PDEE87102V,1,43,44,0,12,12,4,23,27
RNEE806053,3,104,107,1,35,36,13,33,46
LEMM81305T,6,17,23,1,1,2,10,12,22
COEE840036,4,42,46,1,12,13,4,16,20
ISEE829047,0,34,34,0,13,13,10,17,27
BLEE81901E,2,51,53,0,9,9,2,29,31
SSEE842037,2,61,63,0,21,21,6,23,29
AVMM87503P,16,33,49,1,3,4,13,15,28
CARA011017,48,48,96,9,16,25,18,22,40
VAEE808012,5,55,60,3,14,17,2,21,23
AQEE05210L,1,40,41,0,9,9,3,9,12
MORI008013,67,88,155,7,16,23,17,31,48
PEPM004017,13,52,65,0,13,13,5,13,18
PIEE825023,2,69,71,1,25,26,8,25,33
CZPS01801T,31,72,103,1,4,5,14,20,34
BOEE80702L,5,47,52,2,6,8,7,19,26
LURH02102P,55,110,165,14,45,59,16,24,40
FOEE02011T,7,80,87,2,16,18,8,25,33
AVEE87504R,9,43,52,0,10,10,13,15,28
SSMM82501A,8,20,28,2,8,10,2,22,24
RMTN04601N,39,61,100,12,16,28,14,19,33
VVEE81301R,5,42,47,0,13,13,16,10,26
TEEE82903P,1,34,35,0,8,8,4,16,20
BGEE83802A,3,60,63,0,14,14,4,21,25
RNTD00651L,51,143,194,9,48,57,0,0,0
LERC03901X,31,56,87,6,15,21,7,16,23
SAEE888055,31,56,87,6,15,21,7,16,23
PATL02601V,39,87,126,5,25,30,15,17,32
ARMM812029,5,17,22,1,4,5,4,17,21
REEE83102R,1,69,70,1,15,16,6,28,34
TOMM81402B,5,12,17,0,1,1,4,16,20
MIMM8C7013,20,62,82,7,23,30,11,22,33
SIEE70001A,20,62,82,7,23,30,11,22,33
FOEE81802A,2,52,54,0,17,17,6,19,25
CTEE81801L,3,34,37,0,13,13,9,13,22
MOEE83401T,2,58,60,1,16,17,4,21,25
GEEE81401N,0,43,43,0,8,8,4,28,32
MIPS37001V,33,59,92,1,3,4,6,19,25
GREE815015,3,50,53,0,8,8,13,16,29
PASD00801D,69,84,153,14,36,50,25,16,41
VREE89801G,5,96,101,1,20,21,6,32,38
LIEE075009,5,96,101,1,20,21,6,32,38
PDEE8AA038,5,49,54,2,14,16,3,24,27
ANEE84602N,4,47,51,2,17,19,3,24,27
MCEE805014,2,13,15,0,5,5,4,7,11
BLEE833073,7,67,74,1,15,16,10,31,41
MIEE80901X,5,39,44,2,13,15,2,17,19
CSEE84601N,1,21,22,0,2,2,12,5,17
LUEE836015,5,89,94,2,33,35,2,35,37
MIEE8DY03L,1,54,55,0,17,17,5,13,18
NOPM010005,17,54,71,1,6,7,5,21,26
SAEE84101Q,5,44,49,1,10,11,9,16,25
PAPS00901V,53,73,126,7,19,26,22,10,32
MIEE89301C,14,70,84,8,9,17,4,29,33
ENRC00201B,52,68,120,7,23,30,24,9,33
MIEE82202B,3,56,59,0,14,14,5,22,27
CTEE8AD019,2,80,82,0,46,46,11,13,24
AGEE80802N,6,76,82,2,22,24,21,22,43
RMEE8GT01Q,3,89,92,1,20,21,7,18,25
RMRC11150P,22,100,122,3,30,33,0,0,0
VREE86401C,3,56,59,0,13,13,5,18,23
TOEE8BT05A,6,81,87,3,29,32,11,32,43
CSMM86101P,5,17,22,0,2,2,9,11,20
TOMM8CC01Q,8,20,28,3,3,6,7,20,27
LTEE818025,2,43,45,0,13,13,7,18,25
BGTA03101C,57,71,128,9,18,27,16,20,36
TPTD00251R,41,65,106,17,11,28,0,0,0
BOEE84005B,2,52,54,0,10,10,4,29,33
SREE823029,0,35,35,0,6,6,5,17,22
REMM06500T,3,8,11,2,2,4,0,0,0
SAMM8BL037,21,50,71,3,10,13,7,17,24
LTEE819032,1,42,43,0,10,10,10,18,28
BGEE83005V,3,36,39,1,10,11,3,20,23
LEMM85001L,9,29,38,1,11,12,8,15,23
PZRH016015,41,62,103,1,9,10,19,17,36
PGEE856055,4,52,56,2,19,21,1,32,33
SAMM222003,4,52,56,2,19,21,1,32,33
METD05050X,46,79,125,1,7,8,17,21,38
SIMM80402E,4,28,32,0,9,9,5,22,27
ALEE82308L,3,39,42,2,7,9,8,23,31
CEEE87002C,2,54,56,0,20,20,10,16,26
RMEE8EG01T,2,72,74,0,21,21,3,27,30
RMMM870017,11,23,34,5,6,11,4,24,28
RMEE8BC05V,3,35,38,0,14,14,2,16,18
MNEE827078,4,51,55,1,17,18,1,29,30
TOTD05450E,38,108,146,9,31,40,0,0,0
CNEE80301C,1,25,26,0,4,4,2,18,20
RMEE8BU01N,4,81,85,1,30,31,3,26,29
CTMM886016,12,51,63,5,24,29,9,19,28
BARF033508,43,112,155,11,38,49,0,0,0
CTEE8AZ08Q,2,82,84,1,24,25,10,23,33
MIMM852015,5,35,40,3,5,8,10,19,29
RMTF11050C,28,71,99,1,14,15,5,19,24
COTF01000T,78,73,151,3,5,8,17,27,44
LCEE810034,7,76,83,1,8,9,8,16,24
LEEE861014,2,55,57,0,15,15,13,14,27
TVEE83704G,6,64,70,1,17,18,3,27,30
TSEE814023,5,55,60,2,8,10,7,18,25
MNEE82004A,2,52,54,0,11,11,10,25,35
PDEE888017,8,60,68,2,18,20,7,17,24
BSMM81801G,6,14,20,1,3,4,5,24,29
SARH01150E,34,43,77,4,4,8,0,0,0
UDMM849012,20,44,64,3,4,7,7,41,48
RGTA01750A,65,65,130,2,10,12,0,0,0
BREE80103T,0,42,42,0,11,11,12,5,17
RCEE813055,5,62,67,1,18,19,12,16,28
CLEE82004P,0,52,52,0,9,9,14,14,28
SRRC00650X,24,75,99,1,29,30,0,0,0
GRPS00101Q,29,106,135,10,21,31,8,21,29
RCEE825028,2,70,72,0,23,23,19,8,27
NAEE17200T,2,72,74,1,18,19,14,9,23
RCEE813044,5,62,67,1,18,19,12,16,28
NAMM80301D,10,19,29,3,3,6,11,9,20
VETF01951V,60,59,119,7,8,15,0,0,0
TAEE01302P,60,59,119,7,8,15,0,0,0
AQEE823059,5,32,37,2,10,12,3,22,25
AGEE83603V,6,55,61,1,16,17,15,12,27
CHEE817017,1,39,40,1,11,12,2,22,24
AVTD02701L,28,47,75,0,7,7,14,11,25
SVEE82204R,3,56,59,1,15,16,7,23,30
VVEE812044,2,43,45,0,11,11,14,11,25
BAEE81502L,1,44,45,0,12,12,7,13,20
SAMM8AT01E,33,60,93,10,9,19,7,15,22
BSMM80602A,16,19,35,3,1,4,6,23,29
MEEE8AB02D,1,65,66,0,22,22,10,20,30
VIEE88703V,4,27,31,0,5,5,5,25,30
SAMM87702E,19,38,57,2,14,16,11,19,30
MOMM152007,19,64,83,4,18,22,3,17,20
IMMM801012,10,32,42,4,7,11,7,25,32
RCTF05000D,79,129,208,4,36,40,27,19,46
PIMM82903A,9,38,47,4,11,15,7,27,34
MNEE805037,9,60,69,6,20,26,2,29,31
CREE820023,5,48,53,0,13,13,7,18,25
CHMM812024,3,20,23,0,7,7,2,22,24
PCRI004016,55,76,131,9,19,28,11,26,37
COEE803026,3,62,65,2,13,15,3,25,28
NAPS01302P,47,132,179,6,28,34,22,18,40
LOMM700028,47,132,179,6,28,34,22,18,40
SOMM824021,7,29,36,2,4,6,2,31,33
LTEE83105P,4,64,68,1,23,24,5,20,25
PEEE83402E,5,82,87,1,20,21,10,23,33
AVMM807023,13,30,43,0,5,5,6,24,30
BAMM820012,6,23,29,0,5,5,8,18,26
CEEE808072,2,78,80,0,15,15,14,23,37
MEEE86101N,2,98,100,1,45,46,8,22,30
MTRA004506,18,49,67,3,7,10,0,0,0
MIPM00301E,31,86,117,2,6,8,6,23,29
RMEE8CN022,1,50,51,1,14,15,4,18,22
MEMM84703C,6,25,31,3,3,6,12,13,25
AGTF02601R,58,55,113,6,8,14,25,17,42
PDPS02901X,38,109,147,3,4,7,16,23,39
GEMM02000X,5,14,19,2,5,7,0,0,0
FREE860053,1,65,66,0,29,29,2,25,27
AVEE86104V,2,53,55,0,8,8,15,18,33
BRTF020504,78,72,150,2,12,14,12,24,36
LITD00401G,32,81,113,10,29,39,3,26,29
MIEE8BP012,6,43,49,4,6,10,2,17,19
FIEE83201A,6,43,49,4,6,10,2,17,19
FGTF05701L,17,15,32,6,0,6,10,4,14
NARI09751C,35,82,117,5,25,30,0,0,0
CLEE830027,4,66,70,2,17,19,17,11,28
FIEE82203T,4,68,72,2,15,17,7,30,37
VAEE81904G,3,44,47,1,7,8,6,22,28
MIEE8C002A,11,77,88,3,17,20,4,19,23
VTMM822032,16,49,65,4,14,18,13,33,46
BLRH02000X,21,30,51,3,7,10,22,25,47
LTTD100003,6,29,35,3,5,8,2,7,9
VREE89803N,5,96,101,1,20,21,6,32,38
CTEE83502B,3,34,37,1,14,15,9,21,30
KRRA006025,3,34,37,1,14,15,9,21,30
TOEE865029,4,67,71,0,21,21,6,31,37
AGTD01601X,76,88,164,7,18,25,24,18,42
LEEE832025,0,35,35,0,8,8,8,11,19
MIEE8C1015,8,80,88,5,20,25,14,16,30
UDTA00701V,57,70,127,8,19,27,25,29,54
FGMM87001B,13,37,50,3,10,13,11,14,25
MOMM84201Q,6,39,45,3,9,12,6,27,33
FIEE83803B,6,67,73,1,12,13,10,23,33
SSRA01102L,59,54,113,10,32,42,6,21,27
BRMM82201Q,6,22,28,2,6,8,9,13,22
BSMM89601R,15,31,46,5,5,10,5,32,37
MBMM843017,5,23,28,1,5,6,2,21,23
GREE81901C,3,47,50,0,6,6,4,24,28
VAEE828039,1,46,47,0,12,12,9,16,25
NUEE86306G,5,30,35,0,9,9,6,17,23
LIMM81001D,15,34,49,5,8,13,7,29,36
VREE84202L,1,80,81,0,14,14,8,21,29
SAEE81804T,0,37,37,0,9,9,11,10,21
PDRA02101V,49,95,144,9,20,29,12,21,33
BSRC00401Q,71,82,153,13,16,29,15,21,36
NAEE8AP05L,2,32,34,1,6,7,7,15,22
PSEE840054,2,87,89,1,19,20,4,31,35
TRMM810049,6,29,35,1,8,9,2,21,23
REMM848014,8,42,50,2,11,13,6,29,35
ATEE80604Q,0,55,55,0,15,15,2,24,26
RMEE8DR02X,1,24,25,1,9,10,3,16,19
MIEE8FB01R,5,73,78,4,11,15,2,29,31
MCEE81102C,7,47,54,1,13,14,8,19,27
ALEE809035,3,40,43,1,10,11,3,20,23
LTEE826057,1,23,24,0,6,6,4,9,13
VCMM815019,8,27,35,2,7,9,4,22,26
BGEE83102G,7,95,102,3,26,29,7,24,31
MNEE839029,6,62,68,3,19,22,3,30,33
VAEE878029,3,93,96,2,21,23,5,26,31
VVEE83101A,4,88,92,0,25,25,15,12,27
ATEE00501T,1,85,86,0,23,23,3,25,28
PAEE020027,5,92,97,1,25,26,11,19,30
RMEE8DC021,1,64,65,0,19,19,4,22,26
RMEE8F602N,1,54,55,0,14,14,3,19,22
VBEE805037,0,24,24,0,7,7,3,19,22
PREE826016,2,59,61,0,13,13,3,20,23
TOTF01701D,52,54,106,16,20,36,15,15,30
TOEE8B103L,9,109,118,3,32,35,6,29,35
BAEE175015,0,59,59,0,17,17,8,11,19
CTEE887046,5,59,64,2,19,21,9,20,29
MSMM807013,4,17,21,0,6,6,2,13,15
PVEE80401E,3,64,67,1,19,20,6,31,37
SRTD023501,63,104,167,22,24,46,0,0,0
RCMM84901P,8,15,23,3,4,7,14,4,18
MNEE80205T,4,46,50,2,11,13,4,25,29
PAMM817018,13,24,37,2,5,7,20,8,28
PAMM8BB01Q,20,57,77,7,15,22,8,22,30
TVPC01101N,60,70,130,5,7,12,7,21,28
PCEE00201T,4,99,103,4,30,34,11,21,32
LUMM82602E,6,21,27,1,5,6,0,21,21
SAEE8BN01T,1,44,45,0,11,11,10,10,20
VVTL01101X,53,48,101,3,10,13,20,15,35
SRMM816014,11,19,30,1,8,9,7,13,20
CEMM84601D,6,20,26,4,3,7,6,16,22
LCPC00701G,41,76,117,2,5,7,16,17,33
AGEE84706C,7,50,57,1,14,15,20,7,27
RGTL02151X,45,55,100,3,5,8,0,0,0
TOEE8BZ015,4,96,100,1,27,28,5,33,38
RCMM812014,10,31,41,2,7,9,12,16,28
PAMM86501N,20,49,69,10,18,28,10,12,22
CBPS00201D,27,63,90,3,9,12,5,18,23
CESL024013,39,57,96,8,20,28,22,9,31
CLEE81704V,3,58,61,2,24,26,25,3,28
ISMM81206V,8,18,26,0,5,5,7,18,25
IMEE81003X,2,51,53,1,18,19,3,22,25
FEEE82101L,2,50,52,0,17,17,4,19,23
RNEE81103C,6,55,61,2,14,16,5,34,39
NAMM8C001T,6,36,42,1,8,9,13,9,22
CNTF017509,114,105,219,6,13,19,0,0,0
GRSL01251C,52,113,165,6,24,30,0,0,0
FOMM81701C,10,26,36,2,4,6,10,30,40
CSEE829054,6,16,22,1,2,3,12,13,25
BAMM81301V,7,60,67,0,11,11,10,15,25
CRPS00401L,105,100,205,4,16,20,21,37,58
PAEE88002T,2,53,55,0,17,17,15,12,27
MBMM8F4018,12,56,68,4,17,21,11,24,35
AQEE83501B,2,43,45,0,10,10,6,26,32
RMMM8B801R,4,9,13,0,3,3,5,22,27
PAEE8AF01D,3,40,43,0,6,6,15,9,24
ARMM82402G,1,13,14,0,0,0,2,2,4
VEEE840018,5,72,77,1,11,12,6,29,35
PDEE876011,7,92,99,4,19,23,10,24,34
AVRH01202T,7,92,99,4,19,23,10,24,34
BAMM003008,7,53,60,1,12,13,1,14,15
TVEE87201Q,3,74,77,1,18,19,6,31,37
RCRI010017,40,56,96,4,11,15,17,15,32
CNRI02901A,81,68,149,12,6,18,21,28,49
BATD02000A,24,78,102,3,11,14,8,18,26
PVEE83201P,4,99,103,2,28,30,7,25,32
BNEE810093,1,55,56,0,16,16,8,24,32
SSEE800057,0,48,48,0,11,11,6,25,31
SREE844019,1,57,58,0,15,15,13,22,35
MBRC060002,49,98,147,6,34,40,13,19,32
KREE80401A,3,51,54,1,5,6,13,10,23
TAEE87003V,3,51,54,1,5,6,13,10,23
CRMM82601X,20,50,70,5,14,19,1,29,30
BATF060003,55,63,118,5,10,15,11,21,32
COEE809025,3,54,57,0,12,12,6,20,26
GEMM14100T,4,26,30,1,5,6,0,1,1
MIEE838021,2,55,57,2,10,12,8,15,23
SAEE8B103L,1,49,50,0,17,17,11,8,19
NAEE8ED03D,4,43,47,0,16,16,14,8,22
AGRA027014,53,89,142,13,17,30,27,16,43
RNEE01601E,6,74,80,4,19,23,8,27,35
GEEE824029,3,55,58,1,10,11,3,25,28
FREE82104B,1,43,44,0,7,7,5,23,28
APTF011507,94,90,184,5,15,20,0,0,0
RMTD03901L,20,65,85,4,7,11,9,14,23
UDEE819028,5,67,72,1,14,15,7,28,35
BLMM82202A,9,23,32,1,1,2,4,18,22
BLEE810058,5,30,35,2,2,4,3,13,16
VAEE866012,3,66,69,2,18,20,10,17,27
VIEE843024,1,64,65,0,15,15,3,24,27
BSEE84702N,1,41,42,1,7,8,6,19,25
VIRI02201Q,87,93,180,10,17,27,17,27,44
VAEE81802N,3,48,51,1,14,15,7,22,29
MIMM849019,3,16,19,2,1,3,6,16,22
CTEE860024,2,32,34,1,7,8,6,15,21
SAEE178007,1,44,45,0,9,9,7,12,19
CTEE008013,1,88,89,1,29,30,9,20,29
IMEE802031,1,63,64,0,12,12,7,22,29
FOEE80201Q,9,38,47,0,8,8,2,35,37
PZEE82003L,1,56,57,0,13,13,9,18,27
ROMM80002L,18,36,54,6,9,15,6,25,31
ORMM82104T,8,15,23,1,4,5,10,20,30
LITD030003,32,46,78,7,13,20,5,13,18
SATD06401R,49,58,107,3,10,13,12,19,31
LUPC00101G,54,123,177,11,35,46,4,38,42
FETA011021,78,123,201,16,46,62,21,42,63
PGEE86601G,3,36,39,0,6,6,4,23,27
PZEE852012,2,42,44,0,5,5,9,16,25
CLPS012015,58,47,105,11,11,22,11,15,26
FIEE82701V,7,85,92,1,18,19,15,26,41
VAEE809041,3,54,57,1,12,13,5,22,27
TOEE82703G,1,36,37,0,6,6,10,16,26
MIEE8CJ01Q,2,47,49,0,10,10,5,17,22
NOMM81702B,6,41,47,2,9,11,10,21,31
TRPM001012,27,79,106,3,10,13,4,20,24
FIEE876069,5,102,107,2,21,23,7,48,55
PVEE813019,8,77,85,6,18,24,10,27,37
PDEE82701Q,1,53,54,0,12,12,5,15,20
FIMM839025,10,54,64,3,8,11,8,25,33
CAEE8AC051,2,49,51,0,4,4,13,19,32
SSTA01601E,70,84,154,15,22,37,20,31,51
CZMM843044,11,27,38,3,3,6,10,15,25
PGEE80901B,1,40,41,0,8,8,2,19,21
FOEE807031,2,44,46,0,10,10,7,23,30
NAPM390503,36,82,118,2,9,11,4,16,20
ORMM82101P,8,15,23,1,4,5,10,20,30
TOEE866014,3,51,54,1,18,19,8,19,27
TEMM819011,8,16,24,3,2,5,10,16,26
TOEE82103L,3,57,60,1,16,17,8,24,32
TPPM004018,9,22,31,3,5,8,8,13,21
RNRI00350D,58,72,130,7,10,17,0,0,0
LCMM81703T,16,62,78,5,15,20,3,31,34
TRMM815019,6,37,43,2,9,11,6,22,28
PIMM81801T,8,36,44,3,16,19,4,21,25
ANMM81601Q,10,34,44,0,11,11,4,24,28
PTMM81301N,5,24,29,2,7,9,2,14,16
GEEE80701E,6,58,64,1,12,13,5,21,26
CTEE89705T,4,77,81,2,26,28,11,25,36
SSEE82507N,4,54,58,0,19,19,2,22,24
BSRC016023,53,103,156,9,18,27,15,16,31
TOEE858026,2,69,71,2,14,16,6,19,25
ANEE806016,3,50,53,2,15,17,1,23,24
PITD03000R,53,107,160,5,31,36,5,23,28
COMM83901V,9,21,30,3,4,7,3,23,26
RMMM87302Q,12,32,44,3,11,14,2,27,29
RMMM8DK013,8,36,44,3,7,10,4,21,25
CLEE82701A,0,43,43,0,14,14,17,9,26
TOTF04050V,128,111,239,13,21,34,23,31,54
LETD002501,128,111,239,13,21,34,23,31,54
FGEE84503T,5,60,65,1,21,22,13,10,23
RMEE843021,2,55,57,1,13,14,4,15,19
RMMM8GL01P,2,55,57,1,13,14,4,15,19
ANMM805019,5,25,30,0,5,5,2,25,27
PGRH01003X,37,102,139,9,32,41,25,54,79
RMTD09602T,41,118,159,9,35,44,12,23,35
NAEE8FX02E,2,41,43,1,14,15,8,10,18
TOEE8BS01A,2,71,73,0,15,15,12,27,39
RMMM41900D,2,16,18,0,3,3,0,0,0
VRMM857029,9,33,42,3,7,10,6,24,30
RAEE825012,2,81,83,1,27,28,5,27,32
CESD001021,27,71,98,4,10,14,12,22,34
VBEE81212R,3,78,81,2,24,26,8,38,46
CREE80201C,5,52,57,3,11,14,1,22,23
VBMM81601E,7,14,21,1,1,2,15,18,33
CTMM89601R,10,39,49,5,18,23,7,16,23
TOTD03601L,53,82,135,15,27,42,6,26,32
PARA008501,69,84,153,14,36,50,0,0,0
BGTD013019,50,66,116,6,2,8,9,23,32
LCTD00701E,41,76,117,2,5,7,16,17,33
TPEE845022,2,56,58,0,16,16,9,16,25
TOMM8BY018,7,27,34,1,12,13,5,25,30
BGEE825039,1,43,44,0,7,7,6,16,22
NAEE8GG014,2,38,40,0,8,8,5,14,19
RMEE8EJ01V,8,80,88,1,22,23,6,26,32
VAEE830028,2,41,43,1,12,13,5,16,21
TVPM02000G,27,72,99,8,12,20,4,24,28
CERC022013,38,87,125,6,19,25,12,17,29
VEEE85103R,1,33,34,0,10,10,6,9,15
ALMM824014,9,36,45,4,10,14,7,26,33
GOEE807013,0,38,38,0,8,8,2,21,23
CNTD014028,0,38,38,0,8,8,2,21,23
FRTD02701G,30,50,80,9,17,26,4,19,23
SVEE805021,1,37,38,0,6,6,5,22,27
CSEE858054,1,36,37,0,8,8,21,7,28
TAPS03000T,24,71,95,0,2,2,7,23,30
VEEE80701L,2,51,53,1,9,10,5,19,24
AVEE84806E,2,34,36,0,8,8,9,20,29
CSMM819018,5,22,27,0,4,4,15,9,24
PAEE73201E,5,22,27,0,4,4,15,9,24
PNEE81206N,4,46,50,0,11,11,3,29,32
TOEE845035,5,66,71,3,22,25,5,24,29
CSRH03401N,17,42,59,2,9,11,12,16,28
TSMM80702V,11,30,41,3,4,7,2,25,27
RMEE820039,4,64,68,1,20,21,5,19,24
CSEE81906E,1,42,43,1,12,13,15,9,24
PTMM70001P,1,42,43,1,12,13,15,9,24
COMM817023,6,29,35,3,6,9,3,23,26
PAEE039017,3,63,66,1,27,28,9,9,18
SAEE8B8019,0,38,38,0,8,8,18,8,26
RMEE8D7028,3,79,82,1,18,19,8,15,23
SAMM866024,5,18,23,1,2,3,10,11,21
AQEE026081,2,41,43,0,14,14,0,16,16
MOTF00801X,67,88,155,7,16,23,17,31,48
PDMM840015,15,42,57,5,8,13,8,19,27
LUEE82401V,4,44,48,0,12,12,4,15,19
MIMM8AY01E,10,30,40,4,7,11,9,19,28
VIEE81201B,1,44,45,0,8,8,3,16,19
AQEE82702D,4,48,52,3,10,13,12,19,31
LURI02151E,55,110,165,14,45,59,0,0,0
MISL047014,52,68,120,6,9,15,12,16,28
BLEE810047,5,30,35,2,2,4,3,13,16
BAEE82101V,3,45,48,1,9,10,7,21,28
RMTD04601Q,39,61,100,12,16,28,14,19,33
BLEE823016,1,55,56,1,16,17,1,21,22
SRMM85601E,15,18,33,4,6,10,15,7,22
BGEE838019,3,60,63,0,14,14,4,21,25
VVEE81304X,5,42,47,0,13,13,16,10,26
BLMM81904L,12,39,51,2,8,10,2,29,31
CTEE886039,2,70,72,2,35,37,9,19,28
LEPS03801G,62,58,120,3,9,12,12,15,27
RNEE806075,3,104,107,1,35,36,13,33,46
CBMM82703A,8,23,31,3,10,13,6,15,21
OREE82701P,1,48,49,1,14,15,3,21,24
CZEE85302N,1,30,31,0,7,7,5,16,21
SPEE80506P,2,47,49,0,7,7,6,21,27
RMTF110003,28,71,99,1,14,15,5,19,24
BLEE81904N,2,51,53,0,9,9,2,29,31
MIMM8F201Q,11,72,83,4,13,17,14,17,31
AVMM87505R,16,33,49,1,3,4,13,15,28
VAEE808045,5,55,60,3,14,17,2,21,23
SAEE10406X,0,69,69,0,24,24,9,11,20
CTEE04801D,6,73,79,0,18,18,11,10,21
CAMM89901G,11,28,39,2,9,11,8,22,30
MEEE852031,4,63,67,2,22,24,6,18,24
BOMM86601A,7,40,47,1,12,13,6,28,34
PAMM89001A,11,41,52,1,14,15,9,17,26
MIEE8FW014,13,107,120,6,40,46,12,21,33
BSTD150502,33,93,126,0,4,4,16,21,37
GEEE81404R,0,43,43,0,8,8,4,28,32
MIPS37000T,33,59,92,1,3,4,6,19,25
NAEE8CQ02E,3,41,44,1,12,13,10,15,25
TOMM82101D,12,25,37,2,6,8,8,24,32
RMEE88102Q,1,50,51,0,15,15,5,20,25
LUEE83502A,0,61,61,0,14,14,0,25,25
VREE8AC02L,4,58,62,2,16,18,4,22,26
NAEE8AG02D,1,28,29,1,7,8,8,8,16
NARI11301Q,53,80,133,12,21,33,17,18,35
CATH02350T,68,56,124,5,12,17,0,0,0
VTEE822066,3,79,82,1,27,28,13,33,46
CSMM84601L,12,10,22,2,2,4,12,5,17
NAMM80302E,10,19,29,3,3,6,11,9,20
PAPS02601L,39,87,126,5,25,30,15,17,32
MIMM8DY01D,8,24,32,3,8,11,5,13,18
CTMM84701G,15,23,38,3,4,7,5,12,17
PATD01102Q,56,88,144,8,16,24,29,9,38
MIMM89301B,6,34,40,1,12,13,4,29,33
BSRA02201A,98,97,195,27,32,59,30,50,80
ANEE81101N,2,56,58,1,16,17,7,20,27
FREE850029,2,59,61,1,18,19,5,21,26
CBEE852034,4,35,39,1,9,10,0,0,0
TOMM8BT015,12,26,38,4,7,11,11,32,43
VAEE82102D,1,93,94,0,24,24,9,28,37
TOEE8CC02T,3,45,48,2,12,14,7,20,27
PGMM850022,9,20,29,2,5,7,4,18,22
FETD001504,46,57,103,8,17,25,0,0,0
CEEE895061,3,69,72,1,11,12,14,19,33
BOEE840017,2,52,54,0,10,10,4,29,33
REEE700017,2,52,54,0,10,10,4,29,33
LTMM81901V,7,23,30,1,6,7,10,18,28
CEMM806013,7,16,23,0,5,5,11,8,19
FOEE82503E,1,67,68,1,16,17,9,26,35
LEEE8AH02V,3,36,39,0,8,8,9,15,24
BGEE83004T,3,36,39,1,10,11,3,20,23
PSEE83402N,2,72,74,0,16,16,7,31,38
FGMM83301C,11,14,25,0,4,4,8,6,14
RMMM701021,11,14,25,0,4,4,8,6,14
BSEE83802V,0,46,46,0,9,9,5,27,32
PGEE80601X,2,16,18,1,5,6,1,11,12
AGMM80801G,22,51,73,3,11,14,21,22,43
REMM841019,20,49,69,8,17,25,4,31,35
AREE83002X,3,28,31,1,8,9,1,20,21
PZPM01601C,41,62,103,1,9,10,19,17,36
PDTE029017,38,109,147,3,4,7,16,23,39
SAMM18900L,3,8,11,0,0,0,0,0,0
RMTD111513,22,100,122,3,30,33,0,0,0
NUTD090013,19,51,70,3,8,11,9,12,21
CZEE81308D,4,46,50,0,11,11,7,15,22
PREE820017,4,66,70,0,20,20,4,30,34
NAMM85801N,4,33,37,0,3,3,13,15,28
VVEE826031,2,61,63,0,18,18,12,18,30
CNEE835043,4,27,31,1,2,3,4,19,23
MEEE885049,2,41,43,1,13,14,14,10,24
KRTD00601A,28,48,76,4,8,12,20,8,28
TORC05402X,28,48,76,4,8,12,20,8,28
RMMM8BU01L,9,49,58,4,18,22,3,26,29
RMMM8DQ012,2,8,10,2,1,3,6,13,19
TEEE82405N,5,79,84,1,26,27,11,28,39
RMEE8EJ02X,8,80,88,1,22,23,6,26,32
BIEE817033,2,39,41,2,8,10,3,16,19
PEMM81303D,2,39,41,2,8,10,3,16,19
NAEE827013,1,20,21,0,6,6,6,12,18
CNMM82802R,10,36,46,1,12,13,8,26,34
MNEE820028,2,52,54,0,11,11,10,25,35
BSRH004011,71,82,153,13,16,29,15,21,36
ALEE82307G,3,39,42,2,7,9,8,23,31
COMM831018,7,30,37,1,6,7,4,17,21
BSEE81804Q,1,43,44,0,2,2,5,24,29
MITF077015,113,144,257,24,49,73,26,29,55
NAEE8G0019,3,75,78,1,22,23,7,16,23
RCMM813021,17,24,41,3,11,14,12,16,28
CLEE82003N,0,52,52,0,9,9,14,14,28
NAMM8EF012,13,32,45,6,10,16,13,8,21
NAEE172042,2,72,74,1,18,19,14,9,23
CZMM835012,6,17,23,1,3,4,10,9,19
CEEE8AL039,3,69,72,1,22,23,10,19,29
VETF01901D,60,59,119,7,8,15,19,15,34
MEMM86501X,4,29,33,1,8,9,6,14,20
AQEE823015,5,32,37,2,10,12,3,22,25
SREE80601E,3,43,46,1,17,18,6,15,21
RMEE82202X,4,87,91,0,27,27,1,28,29
MERI01103C,4,87,91,0,27,27,1,28,29
TORC01201R,62,80,142,4,10,14,19,24,43
BSEE80601A,3,38,41,1,4,5,6,23,29
NAEE341011,3,60,63,0,18,18,14,8,22
PDEE840016,2,66,68,0,13,13,8,19,27
CERH03050G,83,121,204,25,54,79,34,14,48
LIEE00906L,83,121,204,25,54,79,34,14,48
IMEE801046,8,63,71,3,12,15,7,25,32
FOEE81101E,4,39,43,0,7,7,6,22,28
SPEE82206C,1,100,101,1,28,29,6,39,45
BSMM864019,8,35,43,6,5,11,5,24,29
PCTD00401R,55,76,131,9,19,28,11,26,37
GRTD00101G,29,106,135,10,21,31,8,21,29
BOMM824029,11,24,35,0,3,3,10,28,38
CLMM81601V,8,21,29,1,5,6,13,14,27
BLEE81905P,2,51,53,0,9,9,2,29,31
CTEE808034,2,45,47,0,14,14,9,15,24
SOEE824033,0,55,55,0,6,6,2,31,33
PNEE80905R,1,45,46,0,3,3,9,29,38
BAEE820013,1,61,62,0,27,27,8,18,26
MITD003019,31,86,117,2,6,8,6,23,29
LEEE87702P,1,58,59,0,13,13,8,16,24
MSEE808021,1,46,47,0,10,10,8,23,31
FGTD060005,30,34,64,4,1,5,9,14,23
TEEE843053,1,69,70,0,19,19,3,25,28
TPEE83803X,1,54,55,0,14,14,14,8,22
MIEE8C7047,7,83,90,2,24,26,11,22,33
AVEE86302C,1,45,46,0,12,12,5,17,22
BLEE82702E,1,18,19,0,4,4,5,13,18
ORMM803026,7,15,22,0,2,2,7,16,23
MEMM82602A,10,24,34,3,1,4,16,7,23
BRTF02000P,78,72,150,2,12,14,12,24,36
ORPS01201D,46,83,129,5,17,22,11,22,33
NARI08950C,64,55,119,5,11,16,0,0,0
SVEE81003D,3,39,42,2,8,10,3,22,25
SAMM8BF03P,5,12,17,0,2,2,7,10,17
CATD021014,37,63,100,7,23,30,10,19,29
SAEE87704N,1,53,54,0,9,9,11,19,30
VTEE822033,3,79,82,1,27,28,13,33,46
AGTD016519,76,88,164,7,18,25,0,0,0
IMTF00802D,43,34,77,2,7,9,6,22,28
PAMM8AF01C,11,23,34,2,5,7,15,9,24
LUEE836037,5,89,94,2,33,35,2,35,37
NOPC07000L,20,64,84,0,4,4,4,22,26
TOMM88501C,11,25,36,6,10,16,9,19,28
ENRI00401Q,41,56,97,10,12,22,17,17,34
BREE821022,1,38,39,0,11,11,8,10,18
BSEE89601T,2,84,86,2,20,22,5,32,37
NUEE86302B,5,30,35,0,9,9,6,17,23
LIMM81002E,15,34,49,5,8,13,7,29,36
CHEE834011,2,65,67,1,20,21,3,31,34
FIEE83202B,2,65,67,1,20,21,3,31,34
GEEE82201L,1,38,39,0,3,3,3,15,18
CATF04002R,80,98,178,11,23,34,19,26,45
LUEE84303A,2,59,61,0,10,10,1,32,33
TRMM811012,14,42,56,2,10,12,4,18,22
BLTD020002,24,35,59,0,1,1,5,20,25
SSPS024036,21,63,84,2,17,19,4,20,24
CSEE8AS07R,0,48,48,0,12,12,9,17,26
CEEE81805E,1,39,40,0,14,14,9,11,20
PGEE06002P,2,81,83,0,19,19,0,29,29
LEEE83502L,3,27,30,1,1,2,9,8,17
AREE83601T,4,70,74,3,20,23,9,22,31
VAEE860024,2,50,52,1,16,17,4,28,32
CEEE895072,3,69,72,1,11,12,14,19,33
BOEE84305V,4,56,60,1,14,15,3,22,25
LTMM826012,4,9,13,0,2,2,4,9,13
CEEE043025,1,79,80,0,32,32,7,12,19
BGMM83104L,23,52,75,8,11,19,7,24,31
PGEE85802N,3,60,63,1,29,30,0,20,20
BSMM84601Q,6,24,30,1,6,7,5,19,24
BGEE87801Q,1,47,48,0,10,10,3,20,23
UDMM819038,17,54,71,4,13,17,7,28,35
BGMM83702D,12,22,34,3,2,5,5,24,29
GOMM81001T,4,16,20,1,4,5,1,26,27
COEE824049,4,78,82,1,12,13,4,28,32
RMPC29000G,19,73,92,2,5,7,7,18,25
BSEE84703P,1,41,42,1,7,8,6,19,25
REEE848048,3,75,78,1,15,16,6,29,35
RMEE87003A,2,48,50,0,10,10,4,24,28
VBEE80410Q,1,43,44,1,10,11,5,26,31
CNEE820027,0,31,31,0,3,3,5,22,27
NAMM8CX01L,19,77,96,3,22,25,12,18,30
ALMM809012,5,26,31,1,9,10,3,20,23
CEEE864014,3,38,41,2,14,16,12,9,21
TOEE83403P,5,66,71,4,20,24,7,28,35
PEEE810055,0,52,52,0,17,17,7,28,35
RIMM81101R,1,10,11,0,0,0,4,20,24
SSTD016011,70,84,154,15,22,37,20,31,51
CSMM87601C,6,30,36,0,7,7,5,16,21
TVEE83705L,6,64,70,1,17,18,3,27,30
PIEE817024,1,71,72,1,19,20,4,22,26
PGEE83108X,6,49,55,4,15,19,2,26,28
BSEE824021,5,69,74,1,11,12,2,28,30
RNRI003015,58,72,130,7,10,17,19,14,33
PREE826038,2,59,61,0,13,13,3,20,23
RGTD02150C,45,55,100,3,5,8,0,0,0
BIEE80605P,4,63,67,2,21,23,9,29,38
PAEE86501P,2,22,24,1,8,9,10,12,22
CLEE82501P,4,61,65,0,19,19,11,16,27
PATF018504,41,34,75,2,4,6,0,0,0
CBPC00201A,27,63,90,3,9,12,5,18,23
CETD023016,45,111,156,6,25,31,17,19,36
BGEE804049,1,28,29,0,5,5,4,20,24
VBPS007019,116,125,241,5,14,19,21,45,66
PREE81203A,3,42,45,0,8,8,8,21,29
BGMM85001V,4,25,29,1,8,9,6,13,19
PGEE02303R,4,74,78,2,15,17,6,28,34
RMRC10301B,25,102,127,9,33,42,4,25,29
TOTF051011,73,90,163,4,11,15,29,29,58
SAMM8BV01R,5,27,32,2,5,7,10,13,23
MERA01102Q,64,78,142,9,30,39,19,23,42
VVMM81201X,12,22,34,3,7,10,14,11,25
CLEE82704D,0,43,43,0,14,14,17,9,26
SRRA02301A,63,104,167,22,24,46,23,27,50
GRPC012013,52,113,165,6,24,30,6,26,32
MNEE80204R,4,46,50,2,11,13,4,25,29
TOMM8CG013,14,45,59,6,12,18,1,50,51
TVRC01601C,48,99,147,12,34,46,9,26,35
LTSD003019,31,90,121,3,21,24,12,19,31
FGEE844021,2,50,52,1,16,17,9,8,17
FIEE85702Q,2,50,52,1,16,17,9,8,17
VEMM840017,16,47,63,6,10,16,6,29,35
GREE81506A,3,50,53,0,8,8,13,16,29
VVTL011519,53,48,101,3,10,13,0,0,0
CREE82103X,8,88,96,1,23,24,10,24,34
SAMM8BM066,12,17,29,1,3,4,10,11,21
CHEE812025,2,42,44,0,17,17,2,22,24
NAEE8E0036,4,81,85,1,27,28,11,24,35
NAMM8C103Q,5,15,20,1,4,5,5,10,15
RCRI01050G,40,56,96,4,11,15,17,15,32
CNTD029011,81,68,149,12,6,18,21,28,49
BASL060507,47,154,201,15,60,75,10,26,36
MERA001014,24,50,74,3,8,11,18,9,27
CAEE039067,3,69,72,2,27,29,5,16,21
CLMM81701P,15,30,45,7,5,12,25,3,28
TPMM814029,15,30,45,7,5,12,25,3,28
PORI010006,85,69,154,16,38,54,11,22,33
CNTF017022,114,105,219,6,13,19,16,32,48
TAEE87001R,3,45,48,0,21,21,7,16,23
MBEE8EX024,6,70,76,0,10,10,6,29,35
ATTD00202P,21,79,100,6,15,21,9,20,29
CRMM82701Q,6,35,41,1,12,13,3,23,26
COMM809024,3,33,36,1,8,9,6,20,26
BASD053019,52,74,126,8,21,29,8,20,28
CEMM87401N,6,36,42,3,10,13,19,9,28
CEEE88703V,0,63,63,0,16,16,15,11,26
BOTF003518,51,109,160,7,28,35,0,0,0
FREE821029,1,43,44,0,7,7,5,23,28
CEEE01205L,5,95,100,2,37,39,11,11,22
MIMM8C801V,8,18,26,1,5,6,5,18,23
AQEE83502C,2,43,45,0,10,10,6,26,32
MIEE8C1037,8,80,88,5,20,25,14,16,30
CNMM80703R,9,42,51,0,12,12,6,25,31
SAMM8BE01R,12,23,35,5,3,8,7,17,24
RMEE8CZ029,2,109,111,0,31,31,8,23,31
MIMM858036,12,49,61,3,11,14,2,29,31
RMEE8A4021,3,63,66,2,18,20,3,24,27
MIEE8F302N,18,70,88,7,16,23,5,28,33
TVEE87202R,3,74,77,1,18,19,6,31,37
FOMM80203R,6,13,19,1,1,2,2,35,37
CSMM858031,7,20,27,0,5,5,21,7,28
LUEE81702R,5,40,45,0,12,12,3,22,25
CSPS04901N,36,83,119,1,9,10,9,20,29
SSEE80001X,0,48,48,0,11,11,6,25,31
ALEE82806N,4,94,98,3,39,42,10,25,35
NARA063018,43,80,123,8,10,18,17,18,35
LURF00151A,54,123,177,11,35,46,0,0,0
RMPS06301N,30,105,135,4,11,15,7,30,37
SAEE81802Q,0,37,37,0,9,9,11,10,21
FERH011029,0,37,37,0,9,9,11,10,21
PVEE82104B,3,64,67,1,18,19,7,27,34
NOEE81705G,0,55,55,0,17,17,10,21,31
TRPS001011,27,79,106,3,10,13,4,20,24
MEEE81807N,2,42,44,0,11,11,6,20,26
PDEE82703T,1,53,54,0,12,12,5,15,20
VVEE81812C,1,53,54,0,12,12,5,15,20
SAMM81801N,3,20,23,1,5,6,11,10,21
UDEE830056,2,83,85,1,17,18,5,30,35
MIEE85601D,4,93,97,1,20,21,8,26,34
MOEE06005G,17,142,159,8,42,50,13,41,54
ARRC019015,47,100,147,10,23,33,10,23,33
AGMM054009,47,100,147,10,23,33,10,23,33
NAPM39000N,36,82,118,2,9,11,4,16,20
FRTA028011,29,65,94,3,16,19,5,21,26
RMRH04001P,29,65,94,3,16,19,5,21,26
CHMM82701R,8,22,30,3,5,8,5,21,26
LIMM818014,7,42,49,1,17,18,4,26,30
ORMM82105V,8,15,23,1,4,5,10,20,30
PZMM828025,5,17,22,0,4,4,5,13,18
UDMM84501P,9,26,35,0,4,4,6,24,30
SSMM82502B,8,20,28,2,8,10,2,22,24
GEEE83001G,4,77,81,1,29,30,8,15,23
TOMM82702D,5,14,19,0,0,0,10,16,26
COEE839032,1,49,50,0,10,10,3,23,26
SSSL03051N,38,68,106,14,28,42,0,0,0
LESD02701G,38,68,106,14,28,42,0,0,0
MIEE8DF02X,38,68,106,14,28,42,0,0,0
MIMM881026,20,19,39,8,2,10,6,19,25
RMEE8CB01D,5,47,52,2,14,16,7,21,28
RMEE84301X,2,55,57,1,13,14,4,15,19
VBEE80403B,1,43,44,1,10,11,5,26,31
NAMM8FX02D,11,23,34,6,9,15,8,10,18
BGMM838018,16,27,43,2,5,7,4,21,25
RMMM81401V,7,18,25,0,4,4,7,14,21
ALMM81303Q,9,31,40,2,8,10,9,20,29
MNRI01401N,46,98,144,12,34,46,15,25,40
TOPS01701B,52,54,106,16,20,36,15,15,30
RMEE8CK03G,7,90,97,3,24,27,6,22,28
VETN01601N,40,91,131,1,3,4,14,22,36
KRMM82401E,11,23,34,4,7,11,8,18,26
ANMM806026,8,24,32,0,8,8,1,23,24
REEE830021,5,73,78,0,32,32,4,19,23
TOTF04000D,128,111,239,13,21,34,23,31,54
CNMM81601D,11,24,35,2,6,8,5,23,28
APEE83803A,1,61,62,1,14,15,8,27,35
CEEE828033,1,51,52,1,10,11,11,14,25
RMEE8C701L,2,92,94,2,27,29,5,23,28
CTEE89603X,4,67,71,3,37,40,7,16,23
PAPS008024,69,84,153,14,36,50,25,16,41
CEEE84601E,2,34,36,0,8,8,6,16,22
TVEE817017,2,65,67,1,14,15,4,31,35
BREE805024,0,58,58,0,20,20,12,11,23
CSMM8AM015,8,25,33,2,11,13,16,12,28
ROEE823019,1,29,30,1,8,9,4,15,19
NATF11301L,53,80,133,12,21,33,17,18,35
BGEE825028,1,43,44,0,7,7,6,16,22
LEEE8AK01V,3,49,52,2,8,10,12,14,26
VBTN006017,46,58,104,10,9,19,16,18,34
NAEE150034,1,50,51,0,16,16,11,7,18
TVPS01000X,37,72,109,0,2,2,12,29,41
SIMM814014,7,17,24,2,3,5,4,26,30
TOTF05151A,73,90,163,4,11,15,0,0,0
CESL02201B,38,87,125,6,19,25,12,17,29
TSTD00151N,46,126,172,3,23,26,0,0,0
NAEE8BP013,2,50,52,1,18,19,7,15,22
SVEE80501X,1,37,38,0,6,6,5,22,27
NAEE8EZ03L,4,57,61,1,16,17,13,14,27
AVEE848019,2,34,36,0,8,8,9,20,29
RNMM81601C,7,32,39,1,9,10,7,36,43
TOPM03450E,60,155,215,4,18,22,0,0,0
LCEE802024,2,21,23,0,5,5,0,11,11
MEMM88301D,2,26,28,1,6,7,9,16,25
AGMM805036,15,26,41,1,4,5,12,13,25
TSMM80701T,11,30,41,3,4,7,2,25,27
MNEE814021,0,40,40,0,9,9,4,15,19
FOEE82501C,1,67,68,1,16,17,9,26,35
GOEE806039,1,33,34,0,6,6,4,17,21
COEE817013,4,51,55,0,8,8,3,23,26
TOMM8AJ01V,8,41,49,3,15,18,7,23,30
NAEE8ER03L,3,53,56,1,16,17,5,21,26
BGEE87304Q,6,55,61,2,11,13,1,27,28
PCMM807053,6,31,37,1,4,5,0,29,29
VEEE85101P,1,33,34,0,10,10,6,9,15
RMMM8D8012,9,24,33,0,4,4,11,13,24
COMM809013,3,33,36,1,8,9,6,20,26
TEMM821022,8,15,23,3,1,4,6,20,26
CNTD014017,71,91,162,9,29,38,9,27,36
RCMM839047,18,32,50,4,6,10,19,15,34
PAEE83601P,6,52,58,1,21,22,7,12,19
PITD004019,26,74,100,1,13,14,7,16,23
CBMM830047,7,11,18,2,1,3,6,20,26
NAPM03901V,37,84,121,1,9,10,15,9,24
MITN05101L,23,84,107,3,5,8,8,17,25
CHEE82203R,3,39,42,1,10,11,4,14,18
RCEE86604L,9,59,68,3,19,22,13,16,29
CEEE886011,1,40,41,1,11,12,15,9,24
CTMM151004,1,40,41,1,11,12,15,9,24
CZEE873052,2,41,43,0,5,5,14,13,27
CTEE008002,1,88,89,1,29,30,9,20,29
BOEE85602T,4,57,61,0,13,13,5,25,30
AGEE83204L,0,34,34,0,6,6,13,6,19
MIEE873017,1,44,45,0,7,7,4,18,22
PDEE87101T,1,43,44,0,12,12,4,23,27
RNEE806031,3,104,107,1,35,36,13,33,46
SPEE815014,7,115,122,2,35,37,3,44,47
AVMM864027,10,35,45,3,9,12,9,20,29
SPEE80502E,2,47,49,0,7,7,6,21,27
RMTF15000D,40,80,120,3,14,17,9,20,29
NAEE8A502T,0,46,46,0,16,16,8,14,22
ROMM81401D,7,27,34,1,2,3,4,18,22
FGMM869017,12,58,70,2,22,24,13,9,22
SAEE8B803B,0,38,38,0,8,8,18,8,26
SAEE89901B,2,58,60,0,21,21,18,12,30
RCMM86601C,6,30,36,0,12,12,13,16,29
VAMM808011,11,34,45,4,8,12,2,21,23
SAEE10404T,0,69,69,0,24,24,9,11,20
NARI01250B,41,56,97,6,13,19,0,0,0
AVEE816041,41,56,97,6,13,19,0,0,0
TRSD002017,51,94,145,5,30,35,9,24,33
FRMM83301D,3,16,19,1,3,4,1,18,19
GORI00301D,41,50,91,6,15,21,8,14,22
FIEE87608B,5,102,107,2,21,23,7,48,55
CTEE04807Q,6,73,79,0,18,18,11,10,21
TAMM86301L,9,45,54,2,3,5,9,9,18
PAEE89002C,8,66,74,2,26,28,9,17,26
BRMM07900G,8,66,74,2,26,28,9,17,26
FITD031518,44,125,169,4,26,30,0,0,0
BGEE892012,2,44,46,0,10,10,1,27,28
BSTD15000L,33,93,126,0,4,4,16,21,37
LEMM887017,4,28,32,0,3,3,9,14,23
RMTF088014,35,59,94,4,8,12,10,21,31
LURI021015,55,110,165,14,45,59,16,24,40
BAEE06912D,4,68,72,1,19,20,8,20,28
CTEE8AZ06N,2,82,84,1,24,25,10,23,33
AGEE84403T,2,82,84,1,24,25,10,23,33
FIMM80801C,7,10,17,0,2,2,3,9,12
FGEE11202B,0,66,66,0,16,16,7,13,20
MSMM819019,8,20,28,2,6,8,2,27,29
NAEE80301E,5,43,48,1,17,18,11,9,20
TOEE81404E,2,33,35,0,6,6,4,16,20
BOEE88202A,7,78,85,2,17,19,5,28,33
BSMM807037,4,23,27,0,3,3,5,20,25
APRI02000Q,51,70,121,8,25,33,17,19,36
GEMM81403P,8,24,32,0,7,7,4,28,32
CAMM84401B,11,42,53,6,12,18,8,16,24
TARI04101E,74,107,181,12,27,39,21,24,45
RMEE88101P,1,50,51,0,15,15,5,20,25
MIEE8A305Q,6,80,86,2,15,17,4,29,33
FETD00101Q,46,57,103,8,17,25,7,26,33
LTMM83101D,2,8,10,1,4,5,5,20,25
RMMM535008,6,68,74,3,21,24,3,12,15
ALEE00701C,3,62,65,1,19,20,2,18,20
TOMM84202G,10,26,36,3,4,7,7,23,30
MIMM8DZ019,22,62,84,5,22,27,11,20,31
RMMM8AZ01V,2,14,16,0,3,3,4,18,22
RMEE00700R,2,14,16,0,3,3,4,18,22
MIEE89302D,14,70,84,8,9,17,4,29,33
FREE849014,2,44,46,1,13,14,4,18,22
AGEE821024,3,49,52,0,16,16,11,13,24
FIEE863045,2,67,69,0,13,13,6,24,30
RMMM8CN01X,7,20,27,2,4,6,4,18,22
AGMM80802L,22,51,73,3,11,14,21,22,43
GREE81805R,3,54,57,0,14,14,5,25,30
RMMM8GT01P,11,17,28,2,4,6,7,18,25
MIMM83201X,16,64,80,8,17,25,7,31,38
ANEE81701L,4,67,71,1,17,18,2,36,38
UDTN01701T,57,96,153,5,21,26,15,22,37
RMTD11101N,22,100,122,3,30,33,12,21,33
FRMM850017,9,26,35,5,7,12,5,21,26
VRMM86401B,5,27,32,0,6,6,5,18,23
KRPC00401Q,37,41,78,0,7,7,19,12,31
AGRH01601T,37,41,78,0,7,7,19,12,31
NOEE833019,0,100,100,0,35,35,8,24,32
RIEE808056,3,47,50,1,14,15,4,20,24
TEMM82402D,14,46,60,3,17,20,11,28,39
NAMM827012,13,61,74,4,18,22,6,12,18
RMEE86103G,2,75,77,1,22,23,4,24,28
VAEE88004B,5,65,70,1,12,13,8,20,28
PZSL016018,41,62,103,1,9,10,19,17,36
NAMM84301X,13,37,50,6,7,13,7,12,19
VAMM828016,12,30,42,4,9,13,9,16,25
RGEE825024,3,86,89,0,30,30,17,18,35
PDRC02101T,49,95,144,9,20,29,12,21,33
CHMM83401X,17,66,83,7,26,33,3,31,34
PTEE808039,6,110,116,1,30,31,9,33,42
COEE832037,2,38,40,0,7,7,3,16,19
VAEE86703X,3,58,61,2,11,13,4,21,25
BGEE88201B,1,38,39,0,11,11,8,12,20
TORC05401V,38,108,146,9,31,40,11,22,33
CNEE80305L,1,25,26,0,4,4,2,18,20
RMEE8DQ013,2,58,60,1,16,17,6,13,19
MORC00601P,47,89,136,11,19,30,9,28,37
MBMM8BS019,16,35,51,2,10,12,7,24,31
SRMM80601D,2,35,37,1,16,17,6,15,21
RMEE82201V,4,87,91,0,27,27,1,28,29
BGEE88601P,7,48,55,1,14,15,1,24,25
PEEE81303E,7,48,55,1,14,15,1,24,25
BSEE81703V,2,19,21,0,3,3,2,16,18
CSMM814015,5,10,15,0,1,1,12,2,14
GERI01350X,34,75,109,5,9,14,0,0,0
VVEE820021,4,41,45,1,8,9,14,10,24
LCEE810045,4,41,45,1,8,9,14,10,24
MEEE88903G,0,31,31,0,8,8,4,15,19
PDEE84005A,2,66,68,0,13,13,8,19,27
CERH030006,83,121,204,25,54,79,34,14,48
MIRC07701G,113,144,257,24,49,73,26,29,55
COEE826041,4,71,75,1,22,23,3,24,27
BSEE865038,4,71,75,1,22,23,3,24,27
NAEE8EE039,1,51,52,0,15,15,11,13,24
GRRI003501,1,51,52,0,15,15,11,13,24
BLEE823027,1,55,56,1,16,17,1,21,22
SRMM858016,10,28,38,4,14,18,6,13,19
KREE81202A,4,50,54,1,13,14,8,13,21
CTEE808023,2,45,47,0,14,14,9,15,24
RCEE85902B,3,56,59,2,12,14,20,9,29
NAEE8DM03V,4,52,56,2,17,19,17,5,22
PDEE85802C,3,58,61,1,17,18,5,24,29
CBEE82703B,1,36,37,0,10,10,6,15,21
VIEE819016,5,38,43,1,9,10,1,21,22
CTMM887012,11,40,51,2,17,19,9,20,29
MBEE89101N,3,55,58,1,16,17,0,24,24
CTTH007018,68,74,142,7,18,25,17,21,38
AGMM85201N,8,18,26,1,4,5,14,5,19
CZEE86905A,1,66,67,0,12,12,17,17,34
MIEE8C7025,7,83,90,2,24,26,11,22,33
AVMM86301A,5,17,22,1,5,6,5,17,22
MEEE82602B,1,38,39,0,6,6,16,7,23
SSEE80302G,4,32,36,1,8,9,3,15,18
TVEE84303T,0,51,51,0,10,10,4,16,20
GEMM86301T,11,45,56,2,11,13,8,23,31
SAEE87702G,1,53,54,0,9,9,11,19,30
SPEE822017,1,100,101,1,28,29,6,39,45
PGEE83101L,6,49,55,4,15,19,2,26,28
FREE83802P,1,52,53,0,17,17,6,22,28
AVMM807045,13,30,43,0,5,5,6,24,30
MEEE86106V,2,98,100,1,45,46,8,22,30
TOEE808058,16,108,124,9,38,47,9,36,45
LUEE837044,5,45,50,1,9,10,1,26,27
MSPM00201E,22,97,119,3,15,18,7,25,32
ENRH00450L,41,56,97,10,12,22,0,0,0
LEMM87701L,3,20,23,0,7,7,8,16,24
FGTD020504,31,56,87,8,8,16,17,14,31
PARI02802E,31,56,87,8,8,16,17,14,31
TEMM84301T,12,46,58,3,19,22,3,25,28
CEEE8AZ08D,0,57,57,0,9,9,13,12,25
BRTF010004,63,67,130,2,8,10,13,18,31
MIEE8A202R,3,84,87,2,19,21,2,30,32
CSEE83701V,7,49,56,3,16,19,16,16,32
FIEE871011,3,85,88,0,21,21,8,30,38
VIEE842039,4,69,73,2,20,22,6,22,28
PDEE87408L,4,96,100,1,20,21,6,45,51
MIMM8A301E,13,39,52,3,10,13,4,29,33
CNTD02951A,81,68,149,12,6,18,0,0,0
NAPC09001X,81,68,149,12,6,18,0,0,0
PVEE83202Q,4,99,103,2,28,30,7,25,32
LEMM83502G,4,21,25,1,8,9,9,8,17
NARH06000X,60,157,217,12,79,91,26,21,47
ATTA00401V,28,59,87,5,15,20,17,17,34
PSTD006538,30,55,85,6,19,25,0,0,0
IMRI00802L,43,34,77,2,7,9,6,22,28
PAEE8AF02E,3,40,43,0,6,6,15,9,24
VRMM882011,7,27,34,0,6,6,4,17,21
AREE83603X,4,70,74,3,20,23,9,22,31
CNMM841027,7,22,29,1,3,4,4,23,27
CEMM89501P,11,35,46,0,10,10,14,19,33
LTMM832019,18,55,73,9,18,27,2,23,25
MSMM81603X,12,20,32,0,5,5,2,22,24
AVEE81802E,4,68,72,2,15,17,16,20,36
PGMM80602X,4,9,13,0,1,1,1,11,12
CEEE043014,1,79,80,0,32,32,7,12,19
MEEE849057,1,39,40,1,6,7,13,12,25
PGEE85801L,3,60,63,1,29,30,0,20,20
FIEE86501N,4,72,76,1,13,14,4,30,34
CZEE81307C,4,46,50,0,11,11,7,15,22
PZMM86201G,10,19,29,1,3,4,3,18,21
GEMM82201G,5,24,29,0,6,6,3,15,18
CEEE01101L,0,45,45,0,6,6,7,8,15
UDEE81905B,5,67,72,1,14,15,7,28,35
SSPS024025,21,63,84,2,17,19,4,20,24
RMPC31000G,23,77,100,0,7,7,7,19,26
TOMM8AC01E,14,46,60,2,11,13,10,32,42
SAEE8BE01T,2,33,35,0,6,6,7,17,24
RMMM870028,11,23,34,5,6,11,4,24,28
GRMM822039,7,13,20,2,1,3,5,11,16
KREE83001V,3,47,50,1,17,18,12,16,28
PVMM813029,15,34,49,4,13,17,10,27,37
CSTD04951V,36,83,119,1,9,10,0,0,0
PGEE041018,3,58,61,0,16,16,0,23,23
MNEE813036,5,89,94,1,29,30,4,36,40
RMMM8FX01B,2,22,24,1,5,6,11,18,29
VAEE83504D,4,58,62,2,12,14,9,28,37
PZEE85501D,0,39,39,0,5,5,7,17,24
REEE03801G,2,22,24,1,6,7,0,0,0
LTEE82701V,0,50,50,0,19,19,4,27,31
TOMM83401G,16,25,41,3,5,8,7,28,35
BGMM83102E,23,52,75,8,11,19,7,24,31
KRMM821046,15,15,30,3,2,5,12,12,24
BSEE84601R,4,40,44,2,8,10,5,19,24
BIEE81303Q,9,59,68,7,19,26,7,29,36
BGEE87803T,1,47,48,0,10,10,3,20,23
TEPS010003,31,66,97,3,3,6,5,21,26
NOEE826038,8,72,80,3,20,23,4,26,30
PAEE020016,5,92,97,1,25,26,11,19,30
RMEE8DN01G,0,65,65,0,22,22,3,22,25
RMMM8AU034,4,10,14,1,2,3,2,16,18
SRTD007514,4,10,14,1,2,3,2,16,18
VBMM805036,6,9,15,0,2,2,3,19,22
RNPS00301X,58,72,130,7,10,17,19,14,33
PRMM826015,7,25,32,1,7,8,3,20,23
LCEE81701R,8,85,93,4,19,23,3,31,34
TOEE8AR04N,4,67,71,2,10,12,9,29,38
LTMM85101P,10,19,29,6,5,11,4,23,27
TOEE8B101E,9,109,118,3,32,35,6,29,35
PTEE81403L,2,80,82,2,26,28,3,26,29
CSEE88405L,3,28,31,1,4,5,11,10,21
CNEE850012,1,53,54,0,14,14,5,24,29
VVEE80702E,0,33,33,0,3,3,12,7,19
VBEE70301L,0,33,33,0,3,3,12,7,19
TOEE8CG014,6,87,93,2,15,17,1,50,51
MIMM8DG01N,4,21,25,3,6,9,7,19,26
NATD01901C,27,82,109,3,11,14,14,15,29
RGEE81302T,4,58,62,2,17,19,12,22,34
MOEE70201D,4,58,62,2,17,19,12,22,34
FIEE85701P,2,64,66,0,21,21,6,22,28
CEMM8A8019,8,15,23,1,3,4,12,10,22
GREE815059,3,50,53,0,8,8,13,16,29
TOMM32400G,3,50,53,0,8,8,13,16,29
MBEE8DM02D,3,91,94,1,30,31,6,28,34
PAEE81705D,2,45,47,0,7,7,20,8,28
CHEE81103A,3,95,98,1,35,36,7,28,35
RCTD02251D,58,79,137,7,34,41,0,0,0
UDPC002017,21,52,73,1,8,9,0,0,0
LCRI00301L,37,26,63,4,4,8,10,17,27
PZEE88303Q,1,69,70,0,11,11,10,24,34
FRMM84401X,6,20,26,2,4,6,7,22,29
RCEE81209D,6,45,51,1,6,7,12,16,28
PDEE850062,4,100,104,4,25,29,2,31,33
CBSL00201A,27,63,90,3,9,12,5,18,23
VEMM84901N,6,24,30,2,5,7,6,15,21
PREE812029,3,42,45,0,8,8,8,21,29
AVEE85404Q,2,29,31,0,4,4,7,9,16
SAPC040008,15,58,73,0,1,1,9,13,22
BGEE85001X,0,32,32,0,5,5,6,13,19
POTD01000R,0,32,32,0,5,5,6,13,19
NAEE8FE01T,2,55,57,0,25,25,7,21,28
ATTD00201N,21,79,100,6,15,21,9,20,29
GRTD01301T,40,71,111,10,6,16,4,25,29
FOEE81701D,1,64,65,0,15,15,10,30,40
CTEE816022,3,64,67,0,21,21,8,22,30
ORPS01202E,46,83,129,5,17,22,11,22,33
PAMM897015,4,21,25,1,9,10,10,10,20
BAEE125003,3,49,52,1,18,19,2,14,16
CHEE80602T,2,55,57,1,18,19,6,19,25
BOPS00302T,51,109,160,7,28,35,11,28,39
AQEE83503D,2,43,45,0,10,10,6,26,32
CNEE80702R,2,58,60,1,13,14,6,25,31
RMEE8CZ018,2,109,111,0,31,31,8,23,31
SOMM82001L,6,41,47,0,9,9,10,25,35
TPMM81301C,11,21,32,3,8,11,7,11,18
TPPS03201B,38,92,130,4,10,14,20,17,37
BAPS079013,50,68,118,2,3,5,13,22,35
TVEE87204V,3,74,77,1,18,19,6,31,37
BASL06000T,47,154,201,15,60,75,10,26,36
LUEE81703T,5,40,45,0,12,12,3,22,25
MIEE8EP02A,3,40,43,3,10,13,8,19,27
GERC00452E,51,86,137,7,26,33,0,0,0
PVEE822036,2,67,69,1,18,19,8,26,34
PDEE83702B,2,32,34,1,7,8,6,13,19
TAEE87002T,2,32,34,1,7,8,6,13,19
RNEE81501N,7,60,67,5,17,22,6,21,27
UDEE830012,2,83,85,1,17,18,5,30,35
LUEE84304B,2,59,61,0,10,10,1,32,33
RMRH060508,56,87,143,18,30,48,12,25,37
MIEE860026,6,73,79,2,13,15,6,26,32
CAMM888026,11,25,36,1,5,6,8,22,30
GEMM84302N,6,23,29,3,4,7,3,26,29
MIEE8AZ02G,6,75,81,1,27,28,7,23,30
FOMM80204T,6,13,19,1,1,2,2,35,37
PDEE05903A,4,81,85,0,18,18,2,25,27
BSTF033019,86,76,162,4,6,10,11,23,34
RMPC06301E,30,105,135,4,11,15,7,30,37
SAMM81802P,3,20,23,1,5,6,11,10,21
MCEE81101B,7,47,54,1,13,14,8,19,27
ISEE832032,5,41,46,0,7,7,0,20,20
CTEE8AQ02N,3,40,43,0,14,14,10,11,21
AREE84103B,6,46,52,2,13,15,4,23,27
PDEE82802L,4,65,69,0,12,12,6,20,26
SSSL03050L,38,68,106,14,28,42,4,23,27
SAMM86901E,2,12,14,1,1,2,8,4,12
AQEE81205V,1,26,27,1,5,6,7,11,18
LEEE824037,1,26,27,1,5,6,7,11,18
PZMM89601P,7,35,42,1,6,7,5,25,30
NAPM230005,18,81,99,2,12,14,11,12,23
AREE84105D,6,46,52,2,13,15,4,23,27
AVEE810031,2,30,32,1,7,8,6,16,22
MEMM857033,11,33,44,4,7,11,11,22,33
BNMM834027,4,21,25,1,5,6,9,13,22
SIMM827016,3,28,31,1,10,11,5,25,30
NAMM8AH017,14,33,47,6,10,16,12,9,21
VVMM81502C,13,16,29,0,2,2,9,14,23
ALEE81304T,1,63,64,0,14,14,9,20,29
VREE84602X,8,50,58,4,9,13,5,26,31
VETN018019,26,62,88,2,12,14,11,15,26
TAEE040001,1,53,54,0,16,16,6,13,19
SPEE81508B,7,115,122,2,35,37,3,44,47
ANRI013013,7,115,122,2,35,37,3,44,47
BGMM88503X,8,13,21,2,3,5,3,19,22
REMM83001V,10,30,40,7,7,14,4,19,23
PVEE82502L,2,91,93,2,25,27,9,32,41
ALEE808017,4,53,57,0,10,10,5,25,30
SIPM011017,41,88,129,2,16,18,6,18,24
AVMM81601R,12,19,31,2,4,6,13,14,27
MEEE85201V,4,63,67,2,22,24,6,18,24
TAEE86301N,0,7,7,0,2,2,9,9,18
CSEE8AU05A,1,37,38,0,7,7,10,14,24
VRMM853011,8,29,37,1,8,9,1,21,22
VEEE821064,0,76,76,0,11,11,5,29,34
NAEE8CP01N,0,35,35,0,6,6,8,17,25
PCTD00351A,48,168,216,5,32,37,0,0,0
CNEE84501E,2,42,44,1,8,9,3,20,23
BAEE891026,1,60,61,0,20,20,11,13,24
MIEE30201R,0,14,14,0,0,0,0,0,0
PVTD00952C,44,103,147,2,18,20,0,0,0
BNMM850047,4,17,21,0,2,2,9,11,20
BNEE86201B,0,45,45,0,11,11,9,9,18
RGMM825012,14,37,51,2,10,12,17,18,35
TOPS05101V,73,90,163,4,11,15,29,29,58
TSTD001018,46,126,172,3,23,26,16,27,43
PGEE84001B,2,56,58,1,20,21,5,23,28
BSRA02202B,98,97,195,27,32,59,30,50,80
PZEE86803N,1,36,37,1,5,6,7,16,23
VERH03000V,53,82,135,12,24,36,8,26,34
COEE84406L,6,63,69,0,14,14,4,23,27
CNEE813024,3,44,47,1,13,14,6,21,27
VAEE86904L,5,70,75,0,22,22,5,21,26
PNEE82503L,2,41,43,1,7,8,2,19,21
MCTE012013,26,96,122,4,14,18,7,23,30
CZEE865064,2,57,59,1,12,13,15,14,29
BNEE84402V,2,62,64,1,14,15,3,24,27
MSMM81101P,9,26,35,3,4,7,4,19,23
BNMM85401B,6,24,30,0,5,5,12,11,23
BGEE86603G,6,24,30,0,5,5,12,11,23
TOPM034016,60,155,215,4,18,22,10,42,52
PARA00801L,69,84,153,14,36,50,25,16,41
BGTD01201D,31,47,78,1,2,3,8,20,28
BGRA027011,33,52,85,5,17,22,12,19,31
AGEE81701B,33,52,85,5,17,22,12,19,31
RGMM81401G,10,25,35,2,4,6,9,15,24
RCRH10050A,40,65,105,9,18,27,19,20,39
PDEE8AA016,5,49,54,2,14,16,3,24,27
MEPC00101B,24,50,74,3,8,11,18,9,27
LORC00401D,62,100,162,3,10,13,11,38,49
RCEE84405R,3,41,44,3,5,8,8,14,22
TVEE81706C,2,65,67,1,14,15,4,31,35
MOEE03704D,7,79,86,0,16,16,5,21,26
AGRH01301A,42,52,94,6,13,19,18,11,29
VCPC00101T,41,107,148,4,16,20,7,22,29
ROPC00101T,31,60,91,0,2,2,5,20,25
MOEE841033,8,109,117,3,36,39,7,26,33
TVPS04000Q,27,79,106,5,7,12,11,20,31
FRMM849013,7,16,23,1,4,5,4,18,22
FGEE83301D,0,33,33,0,6,6,8,6,14
NAMM8BC01P,20,47,67,3,11,14,8,8,16
PEMM83301L,6,19,25,2,2,4,7,24,31
CBEE856019,0,74,74,0,29,29,8,13,21
BGMM87301G,14,21,35,3,3,6,1,27,28
PCMM807042,6,31,37,1,4,5,0,29,29
SOEE81202Q,1,31,32,0,5,5,2,16,18
MBEE83901L,0,67,67,0,15,15,6,22,28
GREE81803P,3,54,57,0,14,14,5,25,30
BOTD016503,45,81,126,8,32,40,0,0,0
PTMM81801R,3,19,22,0,8,8,4,15,19
AGRI02452P,84,63,147,13,5,18,0,0,0
SAEE70401X,84,63,147,13,5,18,0,0,0
ANPC060007,19,52,71,4,6,10,6,18,24
TEMM821044,8,15,23,3,1,4,6,20,26
CNRC01401X,71,91,162,9,29,38,9,27,36
SVEE805043,1,37,38,0,6,6,5,22,27
AVMM84803A,8,23,31,0,4,4,9,20,29
VVEE826053,2,61,63,0,18,18,12,18,30
MCEE820027,0,26,26,0,3,3,4,26,30
BAMM86301X,8,35,43,2,7,9,8,21,29
RAEE82202G,8,62,70,2,19,21,7,21,28
MTEE824022,0,27,27,0,4,4,5,15,20
LUPM00101Q,54,123,177,11,35,46,4,38,42
TEEE82504C,2,88,90,1,36,37,10,28,38
SSPS00402X,66,110,176,13,42,55,13,21,34
COEE817035,4,51,55,0,8,8,3,23,26
CREE80601Q,1,49,50,1,5,6,5,25,30
CORC010008,35,113,148,11,31,42,10,31,41
SREE846011,0,38,38,0,12,12,6,22,28
RMEE8D8024,1,69,70,0,16,16,11,13,24
RCEE86603G,9,59,68,3,19,22,13,16,29
SAMM89901A,10,36,46,3,11,14,18,12,30
NARI012013,41,56,97,6,13,19,9,18,27
CEEE8AD024,2,82,84,0,18,18,16,16,32
GORC00401L,14,26,40,0,1,1,3,9,12
MIEE83801X,2,55,57,2,10,12,8,15,23
MNEE82005B,2,52,54,0,11,11,10,25,35
CBEE830015,3,53,56,1,17,18,6,20,26
VIEE813017,2,60,62,0,14,14,6,28,34
SVTD001011,44,103,147,6,18,24,15,19,34
RMRI088017,35,59,94,4,8,12,10,21,31
UDEE84401X,2,54,56,0,13,13,7,19,26
CAEE82801E,5,42,47,1,9,10,9,19,28
TOEE8AU03D,3,99,102,0,29,29,10,24,34
SAMM88801X,12,18,30,3,4,7,11,12,23
VIEE87301V,3,51,54,2,13,15,6,25,31
TEMM84501D,12,40,52,4,11,15,4,27,31
UDEE845061,4,61,65,1,6,7,6,24,30
MIEE8B601N,10,96,106,6,15,21,10,20,30
AQEE82307B,5,32,37,2,10,12,3,22,25
RCEE85202L,5,66,71,1,10,11,10,17,27
RMTF15050V,40,80,120,3,14,17,9,20,29
PAEE063003,4,66,70,0,26,26,16,7,23
BAEE89002A,1,40,41,0,10,10,3,18,21
BSMM81701Q,2,17,19,2,0,2,2,16,18
CATF009504,60,61,121,7,18,25,0,0,0
FREE83304N,2,35,37,1,11,12,1,18,19
BSEE86402B,5,65,70,3,11,14,5,24,29
LEMM861013,10,34,44,3,12,15,13,14,27
FIEE876014,5,102,107,2,21,23,7,48,55
FITD03101V,44,125,169,4,26,30,14,23,37
AQTL019018,66,87,153,4,14,18,5,33,38
MSEE81903C,66,87,153,4,14,18,5,33,38
NUEE87001D,1,36,37,0,5,5,2,23,25
CZPC030008,15,48,63,0,6,6,8,8,16
IMEE801035,8,63,71,3,12,15,7,25,32
BIEE80008V,2,53,55,0,12,12,6,31,37
VAMM84801B,8,24,32,2,7,9,9,10,19
VRMM8AC01E,3,20,23,1,5,6,4,22,26
MSEE82004N,4,70,74,2,20,22,2,29,31
VTEE822077,3,79,82,1,27,28,13,33,46
MIEE8DZ01A,14,93,107,4,24,28,11,20,31
MIPC00101P,28,85,113,3,1,4,10,21,31
APEE825027,0,59,59,0,21,21,4,33,37
RMEE8CN011,1,50,51,1,14,15,4,18,22
REEE830032,5,73,78,0,32,32,4,19,23
RMEE89901X,3,52,55,1,15,16,7,17,24
FREE85006D,2,59,61,1,18,19,5,21,26
TVEE84302R,0,51,51,0,10,10,4,16,20
MIEE8EC012,2,58,60,1,10,11,1,25,26
PDEE89303R,6,72,78,2,16,18,10,34,44
SAEE8A801P,0,41,41,0,6,6,9,13,22
NARI13751N,102,152,254,21,59,80,0,0,0
CAEE84401C,3,55,58,1,18,19,8,16,24
APMM813031,4,14,18,1,0,1,3,24,27
TOEE84201G,2,57,59,0,7,7,7,23,30
CEEE806014,2,23,25,1,4,5,11,8,19
UDEE81208Q,3,60,63,1,10,11,5,29,34
RIEE808012,3,47,50,1,14,15,4,20,24
SIMM814025,7,17,24,2,3,5,4,26,30
BSEE83901N,1,48,49,0,12,12,5,19,24
CETF021516,69,118,187,17,40,57,0,0,0
CEEE8AZ05A,0,57,57,0,9,9,13,12,25
CNEE83802C,2,55,57,0,11,11,2,25,27
RGMM82601T,13,24,37,1,8,9,5,17,22
PDTD021015,49,95,144,9,20,29,12,21,33
VCEE81201V,1,35,36,0,5,5,4,26,30
CTMM85501E,6,32,38,2,9,11,9,22,31
LEEE8AB031,3,47,50,1,14,15,11,13,24
BSEE853043,2,50,52,1,10,11,6,17,23
PAEE8AD063,5,76,81,3,25,28,15,17,32
PSEE83901Q,4,57,61,2,20,22,8,28,36
RMMM81001G,7,22,29,1,5,6,8,14,22
VAEE86701T,3,58,61,2,11,13,4,21,25
PNEE830034,6,69,75,1,23,24,5,28,33
TOTL03401B,60,155,215,4,18,22,10,42,52
PDMM874018,13,56,69,1,6,7,6,45,51
SOEE80504P,7,60,67,2,15,17,3,22,25
RMTD008011,34,96,130,1,14,15,13,19,32
BGTA02701R,33,52,85,5,17,22,12,19,31
KRRH00401L,37,41,78,0,7,7,19,12,31
PZMM858054,4,21,25,3,2,5,8,15,23
TORC054518,38,108,146,9,31,40,0,0,0
VREE817053,2,52,54,1,10,11,9,14,23
NARH060509,60,157,217,12,79,91,26,21,47
VAEE85901V,3,48,51,3,16,19,3,23,26
SVEE81902V,2,55,57,2,18,20,8,22,30
TVEE870014,8,53,61,4,15,19,9,16,25
CHEE83503V,4,65,69,1,20,21,8,20,28
RAEE83001D,3,46,49,0,17,17,10,14,24
ISRH016018,23,36,59,1,9,10,1,4,5
MEEE849035,1,39,40,1,6,7,13,12,25
PIEE83601C,0,72,72,0,23,23,4,28,32
VAEE880018,5,65,70,1,12,13,8,20,28
GETD013016,34,75,109,5,9,14,12,17,29
ATEE80606T,0,55,55,0,15,15,2,24,26
CNMM82801Q,10,36,46,1,12,13,8,26,34
MEMM88903E,9,53,62,1,13,14,4,15,19
AGTD02702B,53,89,142,13,17,30,27,16,43
COMM832014,3,28,31,2,6,8,3,16,19
MIPS05101V,23,84,107,3,5,8,8,17,25
MOEE84901G,5,32,37,1,7,8,6,15,21
MITD04301Q,29,82,111,2,10,12,9,18,27
COEE82603X,4,71,75,1,22,23,3,24,27
VIEE86802C,7,56,63,5,13,18,6,18,24
CREE812057,5,74,79,3,19,22,7,27,34
CLEE82001G,0,52,52,0,9,9,14,14,28
RMEE869025,4,62,66,1,17,18,7,18,25
NOTF040002,53,66,119,5,11,16,14,23,37
BLMM823015,7,25,32,0,9,9,1,21,22
APMM809017,2,12,14,0,2,2,2,23,25
PIMM817012,10,39,49,5,12,17,4,22,26
BAEE19802V,1,78,79,0,29,29,6,16,22
SAEE10401P,0,69,69,0,24,24,9,11,20
CBMM827018,8,23,31,3,10,13,6,15,21
VIMM819015,9,28,37,2,8,10,1,21,22
MBEE8BS03C,3,65,68,0,13,13,7,24,31
CHEE81706C,1,39,40,1,11,12,2,22,24
TOEE83401L,5,66,71,4,20,24,7,28,35
ROMM81402E,7,27,34,1,2,3,4,18,22
NOMM82801R,10,52,62,1,17,18,9,25,34
BAEE175004,0,59,59,0,17,17,8,11,19
PDMM84201R,5,35,40,0,9,9,6,23,29
CBMM81602V,14,23,37,1,6,7,0,0,0
LCEE830039,3,53,56,1,10,11,9,17,26
CEEE8AB03D,3,40,43,0,10,10,9,16,25
LETD04901T,41,64,105,5,7,12,8,18,26
MIRI09201A,59,59,118,9,8,17,9,27,36
CSMM851058,7,50,57,0,9,9,16,21,37
FIEE80802E,2,18,20,1,1,2,3,9,12
CAMM82805N,11,22,33,3,4,7,9,19,28
BGEE89302V,9,59,68,3,15,18,0,26,26
PAEE81003L,3,84,87,1,30,31,9,19,28
PGPS09000X,35,67,102,2,1,3,7,25,32
AGEE84604E,1,48,49,0,8,8,18,13,31
MNPS011011,94,112,206,0,9,9,19,39,58
BOMM875015,9,25,34,3,1,4,5,20,25
AVEE05902T,2,40,42,0,11,11,8,10,18
PNMM80904P,11,29,40,2,4,6,9,29,38
CAEE83402V,4,24,28,2,9,11,5,9,14
CATE02601P,34,99,133,6,21,27,16,17,33
MCMM825029,5,23,28,0,4,4,3,18,21
NAEE8DM02T,4,52,56,2,17,19,17,5,22
RMEE8GR04T,5,127,132,4,33,37,7,31,38
MOMM82201E,14,33,47,3,8,11,7,26,33
SSMM84001C,12,38,50,4,6,10,2,22,24
FEEE81903P,2,45,47,0,8,8,6,24,30
CTEE887035,5,59,64,2,19,21,9,20,29
MSEE80801X,1,46,47,0,10,10,8,23,31
AREE81202A,2,37,39,0,8,8,4,17,21
CTRM00701B,68,74,142,7,18,25,17,21,38
FGTD02000P,31,56,87,8,8,16,17,14,31
TOMM81401A,5,12,17,0,1,1,4,16,20
FIEE81601C,2,25,27,1,5,6,1,12,13
TPEE838041,1,54,55,0,14,14,14,8,22
CAEE83502P,2,31,33,0,11,11,5,13,18
VRRH020509,43,90,133,11,27,38,13,24,37
VAEE84001T,2,69,71,0,19,19,2,21,23
AVEE86303D,1,45,46,0,12,12,5,17,22
BRTD10050D,46,65,111,6,18,24,13,18,31
PSEE829026,3,54,57,1,18,19,5,28,33
TVRF016016,48,99,147,12,34,46,9,26,35
SAMM87701D,19,38,57,2,14,16,11,19,30
TPRC02101D,36,44,80,12,8,20,14,19,33
NAEE8C001V,1,54,55,1,18,19,13,9,22
MIEE8A303N,6,80,86,2,15,17,4,29,33
NAPC09000V,23,88,111,1,6,7,11,18,29
TEMM83201B,9,37,46,2,11,13,3,24,27
ATRH004017,28,59,87,5,15,20,17,17,34
LUEE837033,5,45,50,1,9,10,1,26,27
VITD02201A,87,93,180,10,17,27,17,27,44
KREE80403C,3,51,54,1,5,6,13,10,23
CAMM86801X,9,30,39,1,7,8,2,19,21
ATTD002502,9,30,39,1,7,8,2,19,21
AGEE82405P,4,60,64,1,9,10,19,10,29
REMM83601T,9,51,60,3,15,18,3,31,34
MIEE8A204V,3,84,87,2,19,21,2,30,32
CEEE01100G,0,45,45,0,6,6,7,8,15
CSMM837041,15,39,54,2,6,8,16,16,32
SSPS024014,21,63,84,2,17,19,4,20,24
RMMM8CZ017,14,43,57,3,10,13,8,23,31
GRMM822028,7,13,20,2,1,3,5,11,16
BOMM36300D,7,13,20,2,1,3,5,11,16
TVEE87203T,3,74,77,1,18,19,6,31,37
FRTD02801B,29,65,94,3,16,19,5,21,26
TATD036513,36,81,117,3,20,23,0,0,0
MNEE813047,5,89,94,1,29,30,4,36,40
PSTD00601R,30,55,85,6,19,25,3,17,20
CSEE867105,2,34,36,1,8,9,15,7,22
RMEE8FX01C,4,74,78,1,19,20,11,18,29
BGEE885053,4,74,78,1,19,20,11,18,29
VREE882012,2,51,53,1,11,12,4,17,21
AREE836041,4,70,74,3,20,23,9,22,31
CNEE84104A,1,47,48,1,14,15,4,23,27
UDEE82601A,3,54,57,3,9,12,4,27,31
FIEE838019,6,67,73,1,12,13,10,23,33
PGEE86501Q,3,54,57,2,16,18,4,28,32
FIMM82701T,14,29,43,3,4,7,15,26,41
LTEE833027,3,78,81,2,25,27,7,28,35
PVEE822025,2,67,69,1,18,19,8,26,34
SITD008016,58,92,150,5,15,20,12,21,33
CEEE01203E,5,95,100,2,37,39,11,11,22
RMEE805037,1,55,56,0,11,11,3,18,21
KREE821058,3,38,41,0,5,5,12,12,24
SIEE81601R,2,48,50,0,7,7,5,20,25
PZPM011019,43,98,141,5,13,18,16,26,42
VEMM87301E,4,19,23,0,3,3,2,21,23
TAMM810025,12,21,33,1,2,3,6,14,20
SAEE8B102G,1,49,50,0,17,17,11,8,19
CEEE8AY02B,4,52,56,3,13,16,12,13,25
UDEE81906C,5,67,72,1,14,15,7,28,35
NOMM825019,8,30,38,2,15,17,9,29,38
FRTF018013,45,76,121,2,18,20,7,27,34
NAEE8AJ03G,1,63,64,1,14,15,18,12,30
BSEE8AC01D,4,55,59,1,13,14,6,19,25
BSRI03301C,86,76,162,4,6,10,11,23,34
RNEE805024,4,64,68,4,22,26,4,24,28
NAEE8CX01N,3,49,52,1,15,16,12,18,30
COEE839021,1,49,50,0,10,10,3,23,26
ISMM83201V,1,10,11,0,4,4,0,20,20
VAEE858024,1,47,48,1,16,17,1,18,19
VAEE879036,3,62,65,0,15,15,10,26,36
VTEE80802Q,5,58,63,3,13,16,6,32,38
GEEE81904X,1,35,36,0,7,7,2,21,23
MIEE8FV029,9,77,86,5,23,28,5,28,33
CEEE8A803C,2,42,44,1,6,7,12,10,22
ANMM806015,8,24,32,0,8,8,1,23,24
FGMM806014,7,6,13,1,0,1,7,7,14
NAEE15303G,3,55,58,3,20,23,10,7,17
VVMM81503D,13,16,29,0,2,2,9,14,23
PREE82401E,8,83,91,4,21,25,10,36,46
CTMM80903V,13,34,47,2,14,16,8,17,25
MEEE89806D,4,62,66,0,11,11,5,24,29
NAEE18708X,2,69,71,0,17,17,13,12,25
PDEE85003V,4,100,104,4,25,29,2,31,33
LTEE85101Q,2,72,74,0,37,37,4,23,27
PATF024013,74,122,196,14,54,68,26,26,52
AQEE84203L,74,122,196,14,54,68,26,26,52
SAMM8AN027,11,24,35,3,8,11,6,18,24
PRMM812028,4,20,24,1,1,2,8,21,29
ANTF01402R,4,20,24,1,1,2,8,21,29
PETD010008,54,106,160,5,13,18,12,27,39
BGEE8AG03A,8,51,59,4,8,12,4,28,32
CLEE82703C,0,43,43,0,14,14,17,9,26
CBMM82506T,11,29,40,1,12,13,10,13,23
SSEE80301E,4,32,36,1,8,9,3,15,18
PAEE817019,2,45,47,0,7,7,20,8,28
NATF04050C,87,77,164,10,9,19,23,19,42
FOMM818018,12,28,40,3,6,9,6,19,25
NAEE14001B,3,62,65,0,25,25,13,6,19
CTEE816077,3,64,67,0,21,21,8,22,30
ORRI012514,46,83,129,5,17,22,0,0,0
PAEE897016,2,40,42,0,15,15,10,10,20
GEEE86301V,2,62,64,1,11,12,8,23,31
BGEE812026,6,79,85,3,25,28,6,28,34
IMMM81501X,11,36,47,1,9,10,5,22,27
PCEE00801R,5,69,74,2,12,14,2,30,32
GRMM815014,11,31,42,1,6,7,13,16,29
VVMM008008,5,23,28,1,5,6,17,19,36
CREE82101T,8,88,96,1,23,24,10,24,34
SOEE82005T,3,87,90,0,13,13,10,25,35
AVTF013022,3,87,90,0,13,13,10,25,35
LCTD003017,37,26,63,4,4,8,10,17,27
ENEE82202L,9,79,88,2,29,31,21,13,34
TEEE825019,2,88,90,1,36,37,10,28,38
SSEE81103G,1,35,36,0,12,12,6,12,18
MBEE857016,1,36,37,0,8,8,2,20,22
MBPS20000G,17,52,69,1,0,1,8,15,23
LEEE8AK02X,3,49,52,2,8,10,12,14,26
TPEE81404C,3,49,52,2,8,10,12,14,26
BAEE15800A,5,61,66,2,20,22,5,17,22
RMMM8GS01V,7,40,47,2,11,13,8,19,27
TAMM87001Q,14,52,66,1,16,17,7,16,23
PGEE84002C,2,56,58,1,20,21,5,23,28
FGEE099004,2,66,68,0,24,24,12,8,20
VERH04000D,37,76,113,4,21,25,11,21,32
TREE00500Q,1,45,46,0,9,9,1,21,22
BAEE125036,3,49,52,1,18,19,2,14,16
MCPC01201L,26,96,122,4,14,18,7,23,30
CBEE85301T,1,36,37,1,9,10,4,18,22
AVEE885018,0,27,27,0,8,8,7,19,26
NUEE82105C,1,46,47,0,7,7,1,22,23
TOEE13709A,6,43,49,0,8,8,7,23,30
MIEE8CA026,10,82,92,1,24,25,10,23,33
RNEE81602E,3,69,72,1,19,20,7,36,43
BOEE868024,2,67,69,0,16,16,4,33,37
MIMM8F301G,21,38,59,8,12,20,5,28,33
IMEE802064,1,63,64,0,12,12,7,22,29
CSMM858042,7,20,27,0,5,5,21,7,28
PRMM83003V,6,35,41,2,3,5,5,32,37
RMPS06401D,39,68,107,6,5,11,6,25,31
MIEE8A901E,11,51,62,3,18,21,6,21,27
VIPC023017,39,93,132,1,5,6,6,31,37
ANMM836011,11,22,33,2,5,7,1,29,30
MBMM8GB017,8,44,52,0,9,9,6,19,25
CAMM82301A,8,9,17,2,1,3,7,10,17
PAMM8AN01L,8,39,47,0,2,2,8,14,22
RMEE86002P,1,70,71,1,16,17,4,24,28
VEMM85101N,7,18,25,2,2,4,6,9,15
PDMM882017,17,20,37,7,4,11,12,13,25
SAEE816057,3,31,34,1,6,7,5,12,17
CNTD01450G,3,31,34,1,6,7,5,12,17
NAEE701012,3,31,34,1,6,7,5,12,17
LUEE823046,1,16,17,0,3,3,0,11,11
NAPM160004,15,62,77,2,14,16,5,13,18
FGMM863018,12,45,57,3,14,17,15,8,23
RMPC320006,35,108,143,4,22,26,4,28,32
AVEE81001V,2,30,32,1,7,8,6,16,22
VTTD00150L,38,95,133,5,30,35,0,0,0
BNEE834039,2,43,45,0,9,9,9,13,22
SIEE827017,1,69,70,0,22,22,5,25,30
NAEE036031,1,69,70,0,22,22,5,25,30
TOEE8A901E,5,56,61,2,10,12,2,30,32
CEEE8AM035,2,51,53,1,14,15,14,11,25
BOPC02000A,38,129,167,1,1,2,10,27,37
TAEE040012,1,53,54,0,16,16,6,13,19
PZEE85505N,0,39,39,0,5,5,7,17,24
LTEE80002X,2,87,89,1,39,40,8,26,34
SPEE815036,7,115,122,2,35,37,3,44,47
ALEE809013,3,40,43,1,10,11,3,20,23
SITF00850R,58,92,150,5,15,20,0,0,0
NAEE8A501R,0,46,46,0,16,16,8,14,22
SSTD01050A,59,77,136,8,26,34,8,22,30
PSEE80502N,4,42,46,1,6,7,10,12,22
PGEE870017,2,57,59,0,18,18,2,32,34
CAEE8AC03V,2,49,51,0,4,4,13,19,32
RMMM8AU023,4,10,14,1,2,3,2,16,18
LESD02601Q,38,55,93,6,6,12,8,13,21
SITD01151B,41,88,129,2,16,18,0,0,0
GOTD00401X,14,26,40,0,1,1,3,9,12
VIMM82901Q,5,32,37,0,5,5,5,22,27
ARMM820017,8,33,41,4,12,16,2,25,27
VREE85401T,2,89,91,2,21,23,6,24,30
RMEE8G502C,3,62,65,0,22,22,3,20,23
UDMM83101R,7,23,30,4,5,9,2,27,29
VEEE821031,0,76,76,0,11,11,5,29,34
REMM821014,6,27,33,1,7,8,4,22,26
RMEE8AW01C,3,42,45,2,12,14,1,19,20
VETF01301E,72,67,139,7,12,19,16,27,43
NOEE82006C,1,62,63,1,15,16,15,23,38
PAEE850011,2,28,30,2,3,5,8,8,16
RMEE81501Q,2,63,65,0,16,16,4,22,26
NUMM872025,12,27,39,1,6,7,6,22,28
BAMM891014,4,27,31,0,6,6,11,13,24
MIEE30200Q,0,14,14,0,0,0,0,0,0
BAMM82101T,4,32,36,1,6,7,7,21,28
RMEE8AX018,2,75,77,0,29,29,1,26,27
VAEE87204C,4,47,51,3,14,17,4,25,29
VETD01801B,26,62,88,2,12,14,11,15,26
BNEE86103N,0,24,24,0,5,5,5,17,22
AQEE823026,5,32,37,2,10,12,3,22,25
CNMM84901R,4,17,21,1,6,7,7,20,27
BAEE890019,1,40,41,0,10,10,3,18,21
RMEE8DJ029,3,58,61,2,17,19,8,16,24
ALTA013523,59,88,147,13,25,38,0,0,0
GEMM81902R,6,32,38,2,8,10,2,21,23
ROTA01201R,99,91,190,7,10,17,28,29,57
CSMM8AU037,5,20,25,1,3,4,10,14,24
CEEE828011,1,51,52,1,10,11,11,14,25
MSEE81905E,3,47,50,1,15,16,2,27,29
LTPC00301Q,31,90,121,3,21,24,12,19,31
NUEE87002E,1,36,37,0,5,5,2,23,25
SIEE81001T,0,37,37,0,7,7,8,9,17
BSEE880018,3,51,54,0,9,9,2,18,20
PCTD003011,48,168,216,5,32,37,9,34,43
CNEE84504N,2,42,44,1,8,9,3,20,23
AGMM81701A,2,42,44,1,8,9,3,20,23
NATN01601V,44,97,141,10,25,35,17,21,38
LOTF00451C,62,100,162,3,10,13,0,0,0
TVMM817016,8,34,42,1,6,7,4,31,35
PAEE82301L,3,37,40,2,9,11,10,7,17
VCSL00102V,41,107,148,4,16,20,7,22,29
SAEE8AN028,0,38,38,0,9,9,6,18,24
MIPS00101T,28,85,113,3,1,4,10,21,31
FREE85004B,2,59,61,1,18,19,5,21,26
VRMM837013,9,44,53,1,12,13,7,19,26
TOPS04901V,35,84,119,3,11,14,11,20,31
PEEE83202V,3,77,80,1,14,15,8,22,30
AGRI024018,84,63,147,13,5,18,33,12,45
UDRC017512,57,96,153,5,21,26,0,0,0
FRMM86001T,10,35,45,2,11,13,2,25,27
FGEE00501A,1,86,87,0,44,44,9,12,21
PDRI01801P,80,88,168,8,12,20,13,28,41
GOMM807012,8,28,36,2,3,5,2,21,23
VAEE86803Q,5,44,49,4,9,13,5,13,18
FREE85005C,2,59,61,1,18,19,5,21,26
SVMM81302V,12,52,64,7,15,22,7,29,36
TVMM86502L,10,34,44,2,8,10,7,29,36
CRMM80201B,5,23,28,1,6,7,1,22,23
SAEE8AG031,1,19,20,0,1,1,12,6,18
VBEE81606R,0,39,39,0,9,9,15,18,33
NAMM8EZ01D,9,40,49,2,11,13,13,14,27
MITF19000B,67,91,158,9,22,31,16,19,35
COEE85603Q,3,72,75,0,16,16,2,31,33
BAEE85601T,0,59,59,0,19,19,4,18,22
VVEE826064,2,61,63,0,18,18,12,18,30
CNMM83501V,9,13,22,3,2,5,4,19,23
BGTF01201Q,31,47,78,1,2,3,8,20,28
MEEE88302G,1,43,44,0,12,12,9,16,25
AGRH01350P,42,52,94,6,13,19,0,0,0
SREE802039,42,52,94,6,13,19,0,0,0
FOMM82501B,5,45,50,0,8,8,9,26,35
CSEE8AJ03R,4,47,51,1,11,12,16,14,30
TPMM07600G,11,18,29,4,7,11,0,0,0
SSMM800034,12,32,44,3,8,11,6,25,31
PAEE8A7019,7,47,54,4,16,20,11,11,22
NOEE83304C,0,100,100,0,35,35,8,24,32
MOEE841022,8,109,117,3,36,39,7,26,33
TEEE82502A,2,88,90,1,36,37,10,28,38
GERC00603T,2,88,90,1,36,37,10,28,38
RMMM8EH01L,8,48,56,1,9,10,5,20,25
SSEE85401B,1,22,23,0,5,5,7,4,11
AVEE880048,2,60,62,0,18,18,11,19,30
PTPS00301L,17,25,42,1,4,5,0,9,9
SSRI004014,66,110,176,13,42,55,13,21,34
COEE817024,4,51,55,0,8,8,3,23,26
MBEE83902N,0,67,67,0,15,15,6,22,28
PCMM80702X,6,31,37,1,4,5,0,29,29
CORC01002A,35,113,148,11,31,42,10,31,41
SREE846033,0,38,38,0,12,12,6,22,28
BAEE84303T,7,71,78,3,20,23,10,16,26
RMEE8D8013,1,69,70,0,16,16,11,13,24
PSEE83801X,4,22,26,1,11,12,4,22,26
VAMM829012,7,26,33,3,5,8,1,19,20
TPEE81801L,11,60,71,7,23,30,15,15,30
LOMM806013,8,30,38,1,8,9,4,24,28
ANPS010009,37,82,119,1,4,5,10,19,29
MIMM858014,12,49,61,3,11,14,2,29,31
TEEE821045,0,42,42,0,14,14,6,20,26
MIEE8AY02L,3,62,65,1,18,19,9,19,28
CBMM830014,7,11,18,2,1,3,6,20,26
LEEE8AB02X,3,47,50,1,14,15,11,13,24
SARA01301N,54,58,112,8,7,15,21,16,37
RCMM86501L,15,25,40,3,6,9,6,20,26
BIEE817011,2,39,41,2,8,10,3,16,19
PNEE814025,2,33,35,1,6,7,2,12,14
BGMM8AD01Q,13,43,56,3,2,5,5,27,32
UDEE84505X,4,61,65,1,6,7,6,24,30
CEEE8AR027,4,68,72,2,20,22,13,14,27
ANEE83703X,0,62,62,0,17,17,7,28,35
TOMM8BJ02E,14,35,49,5,9,14,6,29,35
CSEE85405R,3,24,27,0,5,5,5,15,20
BLMM82602N,8,16,24,4,2,6,9,14,23
RMMM82201T,14,57,71,6,19,25,1,28,29
BLEE81903L,2,51,53,0,9,9,2,29,31
SSEE842026,2,61,63,0,21,21,6,23,29
CARA01150G,48,48,96,9,16,25,0,0,0
SAMM878019,7,13,20,2,3,5,5,10,15
CAEE89902N,4,94,98,1,36,37,8,22,30
PREE700015,4,94,98,1,36,37,8,22,30
PDMM83001E,10,25,35,0,6,6,7,20,27
SSMM833019,7,28,35,0,6,6,2,19,21
CZRI01901V,77,87,164,4,6,10,22,19,41
LIEE00900A,77,87,164,4,6,10,22,19,41
TREE810028,4,39,43,1,8,9,2,21,23
BAEE06900X,4,68,72,1,19,20,8,20,28
ANEE843026,3,71,74,1,16,17,3,29,32
UDMM84401V,7,37,44,1,7,8,7,19,26
PAEE8AV01N,4,44,48,3,13,16,11,15,26
VREE8AC03N,4,58,62,2,16,18,4,22,26
LETD039017,31,56,87,6,15,21,7,16,23
LUEE82805A,1,37,38,0,9,9,2,23,25
PSEE81201Q,3,50,53,0,12,12,7,24,31
APMM825015,12,29,41,4,9,13,4,33,37
CTEE886017,2,70,72,2,35,37,9,19,28
ARMM81101C,7,35,42,1,16,17,7,18,25
REEE83001X,5,73,78,0,32,32,4,19,23
NAEE899011,1,35,36,1,9,10,9,10,19
TVEE84301Q,0,51,51,0,10,10,4,16,20
MIMM8EC011,11,43,54,1,12,13,1,25,26
VRMM85401R,22,45,67,5,16,21,6,24,30
TVTF01101V,60,70,130,5,7,12,7,21,28
LERH02301G,60,70,130,5,7,12,7,21,28
PSMM82101D,5,39,44,2,12,14,4,22,26
LERF049018,41,64,105,5,7,12,8,18,26
TOEE84907L,5,42,47,2,8,10,5,25,30
NAEE8DQ014,2,77,79,0,37,37,11,14,25
CAEE84402D,3,55,58,1,18,19,8,16,24
NAEE8E101X,1,35,36,0,12,12,10,13,23
BGMM89301R,9,37,46,1,12,13,0,26,26
RMMM8G7012,0,10,10,0,3,3,2,20,22
VRMM89801E,12,46,58,3,8,11,6,32,38
REEE83702Q,7,65,72,1,9,10,1,31,32
ALEE00700B,3,62,65,1,19,20,2,18,20
BSEE8AH01L,5,68,73,0,11,11,4,30,34
ATEE81508P,4,49,53,0,12,12,10,31,41
VEMM161005,4,49,53,0,12,12,10,31,41
APEE834033,2,73,75,1,21,22,7,34,41
CEMM876019,3,17,20,1,4,5,9,14,23
CEEE82502E,0,50,50,0,14,14,10,12,22
BAEE81401Q,1,50,51,1,16,17,10,13,23
FGRA00801V,89,170,259,25,85,110,32,25,57
BNEE84403X,2,62,64,1,14,15,3,24,27
RMEE8B6027,3,86,89,1,29,30,7,22,29
CTMM85601A,12,35,47,4,6,10,8,17,25
BSEE853021,2,50,52,1,10,11,6,17,23
PAEE8AD02V,5,76,81,3,25,28,15,17,32
PNMM83101R,15,38,53,2,6,8,2,25,27
TOTD03452B,60,155,215,4,18,22,0,0,0
PDEE87406E,4,96,100,1,20,21,6,45,51
SIEE81104R,3,61,64,3,9,12,5,26,31
RMTF009013,61,105,166,8,14,22,10,28,38
BGRC02901G,48,77,125,4,19,23,11,24,35
NAPC060003,15,66,81,4,18,22,7,11,18
IMRI008511,43,34,77,2,7,9,0,0,0
VCSL00101T,41,107,148,4,16,20,7,22,29
VEEE85802E,3,66,69,2,12,14,5,34,39
KREE80402B,3,51,54,1,5,6,13,10,23
SIEE815011,3,33,36,0,3,3,4,30,34
NAEE8ER01E,3,53,56,1,16,17,5,21,26
AVMM81801C,17,33,50,5,6,11,16,20,36
BGEE87305R,6,55,61,2,11,13,1,27,28
RCEE83208N,3,55,58,1,10,11,15,15,30
VAEE879047,3,62,65,0,15,15,10,26,36
SAMM8AH02P,11,26,37,3,5,8,12,12,24
BGMM83103G,23,52,75,8,11,19,7,24,31
SAEE70001L,23,52,75,8,11,19,7,24,31
SIMM80401D,4,28,32,0,9,9,5,22,27
SARH043502,36,79,115,5,18,23,0,0,0
CEMM88702R,8,32,40,3,8,11,15,11,26
RCEE83914Q,3,73,76,1,19,20,19,15,34
AGRA02751D,53,89,142,13,17,30,0,0,0
RNEE01600D,6,74,80,4,19,23,8,27,35
PAMM83601N,5,22,27,3,8,11,7,12,19
SVEE805032,1,37,38,0,6,6,5,22,27
FRRH00751N,36,90,126,6,35,41,0,0,0
MIPS04301X,29,82,111,2,10,12,9,18,27
VAEE86702V,3,58,61,2,11,13,4,21,25
SSPC02701C,37,94,131,11,30,41,8,22,30
SOEE80501G,7,60,67,2,15,17,3,22,25
NOTF04050B,7,60,67,2,15,17,3,22,25
BOEE70101Q,7,60,67,2,15,17,3,22,25
FOEE80204V,9,38,47,0,8,8,2,35,37
PZEE82002G,1,56,57,0,13,13,9,18,27
OREE82101Q,1,33,34,1,10,11,10,20,30
BSRI032512,67,102,169,9,19,28,0,0,0
RMEE8DF01B,0,70,70,0,16,16,3,23,26
TVEE870025,8,53,61,4,15,19,9,16,25
REEE814012,3,43,46,0,9,9,6,26,32
SRMM80501N,8,6,14,4,1,5,5,14,19
ISPS01601E,23,36,59,1,9,10,1,4,5
PIEE83603E,0,72,72,0,23,23,4,28,32
COSD02000R,28,72,100,3,9,12,11,25,36
NOEE826016,8,72,80,3,20,23,4,26,30
BAEE84301Q,7,71,78,3,20,23,10,16,26
VVMM820042,12,32,44,1,6,7,14,10,24
CNEE82803V,2,65,67,1,18,19,8,26,34
MEMM88901C,9,53,62,1,13,14,4,15,19
CEEE8AB02C,3,40,43,0,10,10,9,16,25
NOEE82505E,1,92,93,1,24,25,9,29,38
CTEE8AZ04G,2,82,84,1,24,25,10,23,33
LEMM803024,8,18,26,1,4,5,8,14,22
COMM82601R,6,37,43,3,10,13,3,24,27
AGEE84501G,1,46,47,0,14,14,13,10,23
CSEE851015,4,61,65,0,17,17,16,21,37
FIMM80802D,7,10,17,0,2,2,3,9,12
CLMM82001E,27,20,47,8,4,12,14,14,28
CTEE84201D,2,59,61,1,29,30,8,15,23
NAEE17301P,3,65,68,2,18,20,5,13,18
ROEE81303R,2,41,43,2,8,10,2,18,20
PNEE819028,1,50,51,0,12,12,1,18,19
PAPS01701T,37,36,73,2,4,6,14,10,24
PAEE864031,3,32,35,0,10,10,8,13,21
NAEE8DM01R,4,52,56,2,17,19,17,5,22
PDMM85801A,12,32,44,4,3,7,5,24,29
MIMM8B701C,10,36,46,2,9,11,14,9,23
CTRM00750Q,68,74,142,7,18,25,0,0,0
AGEE85302G,8,31,39,2,8,10,14,9,23
VRRH020033,43,90,133,11,27,38,13,24,37
TEEE83702L,0,74,74,0,27,27,9,31,40
FREE83302G,2,35,37,1,11,12,1,18,19
LERF002013,31,73,104,7,18,25,14,10,24
VVEE82902B,4,33,37,0,6,6,1,0,1
FEEE81402E,7,57,64,2,19,21,6,25,31
PSMM829014,12,62,74,4,21,25,5,28,33
LIEE00901B,12,62,74,4,21,25,5,28,33
MIMM8FJ01X,15,22,37,8,7,15,2,18,20
MITF093013,56,110,166,6,18,24,11,30,41
RMEE8GJ014,1,67,68,0,23,23,2,26,28
LUEE81404B,0,35,35,0,8,8,4,16,20
BRPS01701T,46,88,134,2,9,11,13,24,37
CTMM894015,14,42,56,4,13,17,10,18,28
FIMM16500D,2,14,16,1,4,5,0,0,0
TPTL02151L,36,44,80,12,8,20,0,0,0
PZEE88305T,36,44,80,12,8,20,0,0,0
PGRC120003,16,16,32,3,5,8,1,8,9
CAPM02601C,34,99,133,6,21,27,16,17,33
TOEE808014,16,108,124,9,38,47,9,36,45
SSEE84003G,1,44,45,1,10,11,2,22,24
TOEE88401N,2,59,61,2,18,20,4,23,27
MSPC00201A,22,97,119,3,15,18,7,25,32
LEEE87701N,1,58,59,0,13,13,8,16,24
BGEE8AG04B,8,51,59,4,8,12,4,28,32
AVMM86103R,13,41,54,2,10,12,15,18,33
CSEE873012,0,30,30,0,4,4,16,5,21
REEE83602X,5,79,84,1,23,24,3,31,34
REEE84402V,3,84,87,1,17,18,7,28,35
CAMM80702D,15,23,38,5,4,9,10,18,28
PCEE00800Q,5,69,74,2,12,14,2,30,32
REMM83701N,12,35,47,5,5,10,1,31,32
VEEE86604G,8,92,100,4,29,33,2,29,31
ATRC003016,56,91,147,7,26,33,12,24,36
LEEE83501G,3,27,30,1,1,2,9,8,17
CSEE86705V,2,34,36,1,8,9,15,7,22
FIMM838018,7,21,28,2,4,6,10,23,33
TVPC01000R,28,76,104,0,1,1,10,28,38
TPMM814018,9,21,30,2,3,5,8,15,23
PVMM822013,7,35,42,3,10,13,8,26,34
RMMM671008,7,35,42,3,10,13,8,26,34
NUMM86302A,4,22,26,1,2,3,6,17,23
SAEE81803R,0,37,37,0,9,9,11,10,21
CNRI01650L,0,37,37,0,9,9,11,10,21
TAEE810026,2,46,48,0,10,10,6,14,20
RCEE80203L,2,25,27,1,4,5,15,9,24
FRTD027511,30,50,80,9,17,26,0,0,0
LUEE84202D,0,35,35,0,8,8,0,20,20
NAEE8AP04G,2,32,34,1,6,7,7,15,22
PDEE068024,1,18,19,0,3,3,0,0,0
CSTD04901D,36,83,119,1,9,10,9,20,29
MNEE813014,5,89,94,1,29,30,4,36,40
PRMM83002T,6,35,41,2,3,5,5,32,37
UDMM82603B,7,33,40,2,4,6,4,27,31
BAEE888019,1,20,21,0,6,6,8,10,18
ISEE83201X,5,41,46,0,7,7,0,20,20
REEE81001P,4,82,86,1,29,30,2,35,37
PAMM8AP018,9,29,38,0,2,2,10,14,24
VCEE81502B,3,42,45,0,11,11,4,22,26
VAEE858013,1,47,48,1,16,17,1,18,19
SAMM8B8018,15,47,62,2,7,9,18,8,26
BGEE83101E,7,95,102,3,26,29,7,24,31
PDEE882029,2,54,56,1,15,16,12,13,25
VAEE809063,3,54,57,1,12,13,5,22,27
AQEE052005,1,40,41,0,9,9,3,9,12
TVMM876012,14,51,65,4,9,13,10,31,41
VAEE879014,3,62,65,0,15,15,10,26,36
MCEE81701A,3,62,65,0,15,15,10,26,36
VVMM832015,13,57,70,3,8,11,8,13,21
NAMM8E6012,7,13,20,4,5,9,10,11,21
AQEE82707P,4,48,52,3,10,13,12,19,31
VEEE86501L,1,71,72,0,12,12,8,26,34
SATD038018,16,35,51,0,10,10,8,6,14
VBEE805026,0,24,24,0,7,7,3,19,22
NAEE15200L,0,50,50,0,12,12,5,12,17
MEEE89804B,4,62,66,0,11,11,5,24,29
BOPC030001,36,69,105,0,1,1,9,25,34
MIEE8CX011,6,83,89,3,20,23,9,18,27
AVEE865013,4,57,61,1,17,18,11,22,33
NOMM81401V,8,19,27,1,9,10,7,26,33
PESL03000E,71,127,198,18,42,60,11,25,36
UDEE85406Q,5,70,75,0,6,6,6,36,42
BSPS017019,55,69,124,6,11,17,19,17,36
MTTF018018,41,63,104,1,13,14,11,13,24
MEEE89703E,2,73,75,1,22,23,10,18,28
BSRH02000T,45,87,132,10,28,38,18,22,40
NAPS01901L,27,82,109,3,11,14,14,15,29
CEEE8A801A,2,42,44,1,6,7,12,10,22
NAEE8CQ01D,3,41,44,1,12,13,10,15,25
GREE815026,3,50,53,0,8,8,13,16,29
VVMM008019,5,23,28,1,5,6,17,19,36
SREE816026,1,28,29,1,4,5,7,13,20
UDRC00401E,1,28,29,1,4,5,7,13,20
LCPM00601X,35,109,144,4,17,21,13,24,37
PDEE89901N,3,59,62,0,21,21,2,26,28
AGEE84602C,1,48,49,0,8,8,18,13,31
CAMM83401R,9,15,24,0,4,4,5,9,14
NAPS11301E,53,80,133,12,21,33,17,18,35
PIEE83004L,0,65,65,0,16,16,3,31,34
VIEE879052,5,71,76,4,12,16,6,24,30
CTEE845011,3,48,51,0,15,15,13,22,35
PATD00901P,53,73,126,7,19,26,22,10,32
VAMM830016,8,22,30,4,7,11,5,16,21
FGTD01050D,30,51,81,6,12,18,12,19,31
PDEE859017,0,35,35,0,7,7,4,14,18
MEEE87103A,3,61,64,1,19,20,14,12,26
FRMM81601Q,4,23,27,2,5,7,7,26,33
CBEE82502P,5,47,52,1,18,19,10,13,23
GRRC01201P,52,113,165,6,24,30,6,26,32
VERH04050V,37,76,113,4,21,25,11,21,32
TREE00501R,1,45,46,0,9,9,1,21,22
SSEE80303L,4,32,36,1,8,9,3,15,18
AGEE855016,2,53,55,1,8,9,22,8,30
FGRA052509,22,40,62,4,6,10,0,0,0
NAMM8GR01P,21,56,77,8,17,25,13,11,24
CBMM853051,10,14,24,2,2,4,4,18,22
VAMM82101B,10,41,51,1,7,8,9,28,37
BGEE812037,6,79,85,3,25,28,6,28,34
VIMM85401C,10,31,41,2,8,10,5,20,25
PGEE048002,3,67,70,0,15,15,2,22,24
IMEE815033,5,54,59,1,11,12,5,22,27
CAMM84806X,19,46,65,5,14,19,11,38,49
FIMM58900D,19,46,65,5,14,19,11,38,49
AVSD013019,27,56,83,1,9,10,14,12,26
ENEE82302C,4,31,35,1,9,10,12,6,18
NURC01201E,37,53,90,2,13,15,14,33,47
MEEE8AE021,1,58,59,1,19,20,7,17,24
CSEE858021,1,36,37,0,8,8,21,7,28
BOEE840039,2,52,54,0,10,10,4,29,33
CAEE80702E,1,65,66,0,23,23,10,18,28
MBMM857015,7,33,40,2,6,8,2,20,22
BNEE810105,7,33,40,2,6,8,2,20,22
ENEE06214N,4,41,45,0,14,14,7,13,20
MBPS240002,21,55,76,0,0,0,9,16,25
PSMM83403N,11,31,42,1,6,7,7,31,38
CEPM010008,30,138,168,1,3,4,21,24,45
TVEE833026,3,79,82,1,11,12,4,23,27
CREE826011,4,51,55,1,18,19,1,29,30
CZEE864013,2,66,68,0,21,21,8,25,33
NURH03051P,56,71,127,6,12,18,0,0,0
GEEE82302D,10,57,67,2,13,15,5,25,30
TOEE137001,6,43,49,0,8,8,7,23,30
BLEE82102G,1,26,27,1,7,8,6,11,17
VIEE842017,4,69,73,2,20,22,6,22,28
RMPC39000C,24,118,142,4,26,30,8,24,32
VIRI021021,72,78,150,11,23,34,13,29,42
MIMM858025,12,49,61,3,11,14,2,29,31
PGEE864021,4,53,57,0,14,14,6,20,26
VTTD001018,38,95,133,5,30,35,11,18,29
CNEE835021,4,27,31,1,2,3,4,19,23
GEEE843081,2,50,52,0,11,11,3,26,29
IMMM80202V,10,18,28,3,5,8,7,22,29
TOPS05701T,32,72,104,2,2,4,12,20,32
LIPS02000L,35,90,125,4,11,15,7,29,36
ATEE809025,3,46,49,1,13,14,9,17,26
TOEE8A902G,5,56,61,2,10,12,2,30,32
RMRA06102L,5,56,61,2,10,12,2,30,32
MIEE8AB02R,5,79,84,2,14,16,6,24,30
PZMM85503E,11,17,28,0,2,2,7,17,24
GEEE83002L,4,77,81,1,29,30,8,15,23
LEEE824048,1,47,48,1,14,15,11,9,20
SSTD010001,59,77,136,8,26,34,8,22,30
FIEE839048,7,47,54,1,8,9,8,25,33
FEMM809011,9,34,43,3,5,8,10,19,29
CAEE8AC073,2,49,51,0,4,4,13,19,32
RCEE86605N,9,59,68,3,19,22,13,16,29
SAMM89801E,14,21,35,1,3,4,11,12,23
RMMM8GE01A,10,31,41,2,8,10,6,20,26
MNMM820016,10,33,43,2,6,8,10,25,35
VEEE87302L,1,60,61,0,17,17,2,21,23
LEEE824015,1,47,48,1,14,15,11,9,20
RMEE8G6028,8,89,97,3,28,31,3,22,25
RMSL087013,38,92,130,10,25,35,13,19,32
BSEE81803P,1,43,44,0,2,2,5,24,29
SAPC013011,54,58,112,8,7,15,21,16,37
FIMM846017,12,40,52,2,5,7,9,20,29
RMMM8AW01B,4,16,20,0,4,4,1,19,20
MNSL00601A,40,88,128,10,31,41,14,26,40
RCMM81401Q,9,17,26,3,4,7,9,10,19
CZEE835024,5,34,39,0,7,7,10,9,19
BGEE8AD01R,1,66,67,0,12,12,5,27,32
CSMM88401B,7,24,31,2,2,4,11,10,21
TOMM85901X,4,49,53,1,17,18,3,31,34
AQMM823047,4,25,29,1,8,9,3,22,25
NAMM8A501Q,4,26,30,1,6,7,8,14,22
BGEE88501V,2,28,30,1,7,8,3,19,22
RMEE8DX017,5,68,73,4,15,19,4,25,29
PAEE063014,4,66,70,0,26,26,16,7,23
RMEE8DJ018,3,58,61,2,17,19,8,16,24
RIEE81102V,0,13,13,0,1,1,4,20,24
PVMM801034,16,27,43,8,8,16,8,19,27
ALPC00950R,35,90,125,5,11,16,0,0,0
BAEE81503N,1,44,45,0,12,12,7,13,20
ROTF01201D,99,91,190,7,10,17,28,29,57
CSEE8AU049,1,37,38,0,7,7,10,14,24
CETD010003,43,103,146,9,23,32,22,11,33
AQTF01950C,66,87,153,4,14,18,0,0,0
CHTD019017,32,153,185,10,45,55,12,26,38
IMEE801013,8,63,71,3,12,15,7,25,32
MCEE818016,0,41,41,0,9,9,4,18,22
VAEE84802D,1,56,57,0,20,20,9,10,19
BNMM849021,9,29,38,2,4,6,7,17,24
RMEE8AX03A,2,75,77,0,29,29,1,26,27
VAEE87205D,4,47,51,3,14,17,4,25,29
SAEE8AM01B,1,17,18,0,3,3,6,12,18
NAEE150012,1,50,51,0,16,16,11,7,18
CZEE85006A,1,64,65,0,14,14,14,21,35
AVEE864039,5,52,57,1,19,20,9,20,29
MEEE82504N,2,33,35,0,9,9,6,20,26
NAEE139006,5,95,100,4,33,37,8,17,25
MOEE833012,1,42,43,0,10,10,6,18,24
FIEE83101E,3,41,44,2,8,10,2,21,23
MBEE8F6011,5,83,88,0,21,21,4,29,33
VBEE81203A,3,78,81,2,24,26,8,38,46
VTMM822043,16,49,65,4,14,18,13,33,46
MITF21000B,53,73,126,5,7,12,6,26,32
VREE89804P,5,96,101,1,20,21,6,32,38
BGPM01302G,50,66,116,6,2,8,9,23,32
UDTD00401T,39,57,96,4,9,13,5,19,24
AGEE818028,1,40,41,0,15,15,8,14,22
NATD016033,44,97,141,10,25,35,17,21,38
PDMM89902N,9,30,39,1,8,9,2,26,28
RCEE84403P,3,41,44,3,5,8,8,14,22
AGTD01301C,42,52,94,6,13,19,18,11,29
PAEE82503A,1,30,31,0,7,7,10,12,22
LUEE836048,5,89,94,2,33,35,2,35,37
NAEE85802Q,0,46,46,0,10,10,13,15,28
UDMM098007,0,46,46,0,10,10,13,15,28
MOMM84101X,8,46,54,0,22,22,7,26,33
GETD00651C,49,138,187,9,44,53,0,0,0
RMEE8EH01N,2,55,57,1,15,16,5,20,25
SSMM85401A,8,11,19,3,3,6,7,4,11
ENRA00252V,52,68,120,7,23,30,0,0,0
BREE82202T,1,48,49,1,13,14,9,13,22
PCMM80701V,6,31,37,1,4,5,0,29,29
MBMM83901G,11,39,50,2,11,13,6,22,28
GREE81902D,3,47,50,0,6,6,4,24,28
VVMM83502N,15,30,45,3,6,9,19,15,34
VAEE829013,2,35,37,1,11,12,1,19,20
UDPS01801X,44,59,103,1,3,4,7,20,27
LIEE81003L,1,66,67,0,18,18,7,29,36
OREE812011,0,62,62,0,21,21,2,32,34
ANPS03000E,20,54,74,0,1,1,8,22,30
TEEE821056,0,42,42,0,14,14,6,20,26
PDTD019015,24,66,90,4,14,18,7,17,24
FEEE70002Q,24,66,90,4,14,18,7,17,24
GOMM806016,2,22,24,0,7,7,4,17,21
CHEE83502T,4,65,69,1,20,21,8,20,28
RMMM8F001L,7,41,48,2,9,11,1,15,16
CSEE86103T,1,35,36,0,3,3,9,11,20
CTEE85601B,0,50,50,0,18,18,8,17,25
TARH070013,59,90,149,12,36,48,16,19,35
BOEE85103Q,6,93,99,0,21,21,7,26,33
NAMM8D8013,4,18,22,2,2,4,5,11,16
RMTD00901R,61,105,166,8,14,22,10,28,38
MIEE8F301L,18,70,88,7,16,23,5,28,33
PDEE868012,6,48,54,3,7,10,8,12,20
TOMM84601T,10,33,43,3,8,11,8,30,38
VREE83006E,7,78,85,3,14,17,3,26,29
PGEE04001C,2,88,90,0,25,25,8,20,28
TPEE70501N,2,88,90,0,25,25,8,20,28
COEE816017,3,34,37,1,8,9,6,12,18
VAMM814018,10,42,52,1,11,12,6,25,31
BOEE842031,6,57,63,0,12,12,1,27,28
RARC003016,78,148,226,13,32,45,17,35,52
SAEE86901G,1,15,16,0,3,3,8,4,12
TOEE882023,3,58,61,1,24,25,9,20,29
SSEE842048,2,61,63,0,21,21,6,23,29
PSEE83902R,4,57,61,2,20,22,8,28,36
MNEE83906D,6,62,68,3,19,22,3,30,33
NAEE220035,2,56,58,1,20,21,11,11,22
RMEE868018,0,67,67,0,24,24,6,23,29
VIEE81104P,5,47,52,2,9,11,4,18,22
LUPS01901X,41,116,157,7,27,34,11,28,39
RGTD008502,48,77,125,8,14,22,0,0,0
PAEE8AW02E,6,44,50,2,17,19,10,11,21
RMEE869014,4,62,66,1,17,18,7,18,25
RMRC04601C,4,62,66,1,17,18,7,18,25
BLMM82204C,9,23,32,1,1,2,4,18,22
MNEE827012,4,51,55,1,17,18,1,29,30
SAMM87101E,7,15,22,0,1,1,5,11,16
LERC03952A,31,56,87,6,15,21,0,0,0
SAEE888011,3,57,60,1,16,17,11,12,23
LUMM828015,10,39,49,2,13,15,2,23,25
UDEE84504V,4,61,65,1,6,7,6,24,30
VIMM818019,9,42,51,2,12,14,7,35,42
BLMM81901D,12,39,51,2,8,10,2,29,31
AVMM09700D,12,39,51,2,8,10,2,29,31
BOEE88101D,2,64,66,1,11,12,4,30,34
LETD026015,38,55,93,6,6,12,8,13,21
CATD01101D,48,48,96,9,16,25,18,22,40
ALEE808028,4,53,57,0,10,10,5,25,30
SITD011012,41,88,129,2,16,18,6,18,24
VIEE82902T,1,65,66,0,7,7,5,22,27
AREE82003A,3,58,61,1,14,15,2,25,27
MNEE834026,3,47,50,0,10,10,8,22,30
ALMM82101L,8,27,35,1,5,6,6,19,25
RIEE822018,0,71,71,0,27,27,4,28,32
LETD04851B,0,71,71,0,27,27,4,28,32
CZEE82403P,4,63,67,1,14,15,14,19,33
LTEE84603A,3,76,79,0,33,33,11,20,31
MIEE8D702Q,13,81,94,6,23,29,3,30,33
VERI01301N,72,67,139,7,12,19,16,27,43
MEEE83204R,1,53,54,0,5,5,9,18,27
BSEE824032,5,69,74,1,11,12,2,28,30
FIMM847013,9,38,47,1,12,13,5,26,31
NAEE8AH018,2,53,55,1,19,20,12,9,21
CATF02351B,68,56,124,5,12,17,0,0,0
VTMM822021,16,49,65,4,14,18,13,33,46
CSEE84603Q,1,21,22,0,2,2,12,5,17
PAMM86401T,5,23,28,0,8,8,8,13,21
MTEE83503D,2,54,56,0,11,11,15,14,29
BGMM804037,4,9,13,0,1,1,4,20,24
NAMM8DM01Q,8,36,44,2,15,17,17,5,22
TSEE82004C,2,36,38,0,3,3,3,20,23
IMEE810041,2,51,53,1,18,19,3,22,25
APEE82505A,0,59,59,0,21,21,4,33,37
PGEE02300N,4,74,78,2,15,17,6,28,34
RMRC10201G,38,104,142,12,30,42,7,28,35
RMEE82902P,3,71,74,0,15,15,8,21,29
AREE81203B,2,37,39,0,8,8,4,17,21
ATEE81402L,5,77,82,1,27,28,7,25,32
VREE860037,2,40,42,0,8,8,5,22,27
VEMM70001X,2,40,42,0,8,8,5,22,27
TVMM84401E,9,24,33,2,4,6,2,17,19
BAMM81401P,6,31,37,1,9,10,10,13,23
RMMM8B6015,10,46,56,2,17,19,7,22,29
TOEE85101A,2,36,38,0,7,7,6,19,25
PCEE00700X,2,75,77,0,13,13,3,23,26
RMMM839017,7,18,25,3,5,8,4,23,27
BREE02305T,7,93,100,2,43,45,5,20,25
NAMM8E101V,18,49,67,4,17,21,10,13,23
CNEE84502G,2,42,44,1,8,9,3,20,23
RGEE81501C,1,20,21,1,5,6,6,15,21
CNEE70101X,1,20,21,1,5,6,6,15,21
NAPC010002,11,51,62,1,4,5,7,11,18
TVEE817028,2,65,67,1,14,15,4,31,35
RERI017017,22,25,47,2,6,8,8,11,19
RCEE80716A,0,43,43,0,12,12,11,16,27
LTEE819021,1,42,43,0,10,10,10,18,28
MSRC00651P,72,133,205,19,53,72,0,0,0
BSEE88801V,1,43,44,0,4,4,2,23,25
SIEE80403L,1,43,44,0,10,10,5,22,27
CEEE87602B,1,56,57,0,10,10,9,14,23
SARH04301N,36,79,115,5,18,23,16,18,34
SVEE81301V,4,64,68,0,15,15,7,29,36
RCEE839037,3,73,76,1,19,20,19,15,34
MIEE8A203T,3,84,87,2,19,21,2,30,32
RNEE01602G,6,74,80,4,19,23,8,27,35
SAEE8B201A,1,67,68,1,19,20,11,15,26
VCEE812042,1,35,36,0,5,5,4,26,30
MIEE8C801X,4,43,47,3,14,17,5,18,23
SAEE8AG042,4,43,47,3,14,17,5,18,23
BGEE83601N,5,70,75,1,12,13,5,19,24
RMEE81002N,5,61,66,1,23,24,8,14,22
VAMM86701R,11,29,40,3,5,8,4,21,25
NAEE128062,1,33,34,1,4,5,7,8,15
RMEE8CX01L,4,79,83,3,31,34,8,14,22
PDMM87601X,10,48,58,2,8,10,10,24,34
SOEE80505Q,7,60,67,2,15,17,3,22,25
MEEE88301E,1,43,44,0,12,12,9,16,25
GREE824021,2,38,40,0,10,10,3,14,17
FOEE802072,9,38,47,0,8,8,2,35,37
PNTD01201R,47,84,131,0,5,5,12,26,38
TVMM870013,5,33,38,1,3,4,9,16,25
BSEE802046,2,26,28,0,1,1,4,18,22
SATL06601V,66,112,178,5,26,31,27,22,49
ISTF01601L,23,36,59,1,9,10,1,4,5
AVMM81802D,17,33,50,5,6,11,16,20,36
RCMM832019,12,22,34,5,4,9,15,15,30
NAMM84501G,8,43,51,4,15,19,7,12,19
PAEE84504L,2,40,42,1,3,4,13,11,24
VVMM820031,12,32,44,1,6,7,14,10,24
VAEE828028,1,46,47,0,12,12,9,16,25
CNEE82804X,2,65,67,1,18,19,8,26,34
MEMM88904G,9,53,62,1,13,14,4,15,19
UDMM830011,6,28,34,1,4,5,5,30,35
NOEE82504D,1,92,93,1,24,25,9,29,38
MOEE85004V,5,92,97,1,21,22,12,24,36
TEMM819033,8,16,24,3,2,5,10,16,26
CHEE82801N,2,60,62,1,16,17,9,18,27
CLMM82003L,27,20,47,8,4,12,14,14,28
PZEE82004N,1,56,57,0,13,13,9,18,27
OREE821072,1,33,34,1,10,11,10,20,30
BSTF03201D,67,102,169,9,19,28,16,30,46
RMEE8F803A,2,69,71,1,25,26,8,21,29
MCEE81001G,3,63,66,1,16,17,8,22,30
CNEE818027,1,36,37,0,8,8,9,19,28
SREE80503R,2,34,36,0,15,15,5,14,19
SAMM8BW01L,13,49,62,5,7,12,9,11,20
REMM81001N,13,34,47,7,9,16,2,35,37
ROEE81404N,2,41,43,0,11,11,4,18,22
PGRC03351P,70,104,174,22,44,66,0,0,0
TVEE854027,2,78,80,0,21,21,10,21,31
MNEE83903A,6,62,68,3,19,22,3,30,33
BAEE124007,2,66,68,1,24,25,6,16,22
VAEE879025,3,62,65,0,15,15,10,26,36
VTMM80802P,11,35,46,4,5,9,6,32,38
SAEE86202T,1,58,59,0,16,16,11,20,31
BGTF004505,63,54,117,4,11,15,0,0,0
TOMM86801P,5,15,20,1,8,9,5,24,29
MITD09301R,56,110,166,6,18,24,11,30,41
AGEE864022,2,37,39,1,5,6,11,11,22
PAEE81002G,3,84,87,1,30,31,9,19,28
PGRH01000R,37,102,139,9,32,41,25,54,79
MIEE8BJ026,8,73,81,4,14,18,8,20,28
MNRA013016,49,51,100,5,23,28,12,21,33
BOEE875027,2,45,47,1,9,10,5,20,25
FREE83906P,2,90,92,1,29,30,8,20,28
ANEE806049,3,50,53,2,15,17,1,23,24
LIEE007072,3,50,53,2,15,17,1,23,24
BLMM82702D,5,11,16,1,1,2,5,13,18
FIEE869033,10,100,110,3,27,30,9,35,44
PEMM827019,8,43,51,2,16,18,5,17,22
APMM838017,12,49,61,3,17,20,8,27,35
CSEE824051,2,36,38,1,13,14,5,17,22
VIPS004011,75,101,176,13,21,34,16,29,45
CRTF008012,56,88,144,5,25,30,10,29,39
LERF02350C,56,88,144,5,25,30,10,29,39
SAEE87701E,1,53,54,0,9,9,11,19,30
CTEE830039,2,53,55,0,16,16,6,20,26
RMMM85101T,14,51,65,3,10,13,4,25,29
TOEE8BZ026,4,96,100,1,27,28,5,33,38
ALMM829017,8,42,50,0,14,14,12,21,33
TVPC02000B,41,77,118,0,4,4,7,23,30
RNEE81002G,1,35,36,1,7,8,9,22,31
NAEE8FE02V,2,55,57,0,25,25,7,21,28
FGEE70902R,2,55,57,0,25,25,7,21,28
NAMM8DF01B,13,35,48,9,12,21,19,13,32
TSEE82003B,2,36,38,0,3,3,3,20,23
NUMM863019,4,22,26,1,2,3,6,17,23
ALEE824026,3,73,76,2,22,24,7,26,33
REEE83601V,5,79,84,1,23,24,3,31,34
TOEE8AG042,3,59,62,3,17,20,7,26,33
REMM84401R,9,49,58,2,9,11,7,28,35
CATD10000V,9,49,58,2,9,11,7,28,35
CSEE837075,7,49,56,3,16,19,16,16,32
RMTD032517,50,143,193,2,21,23,0,0,0
LUMM84201B,6,19,25,1,3,4,0,20,20
TPMM81302D,11,21,32,3,8,11,7,11,18
LIMM00800D,11,21,32,3,8,11,7,11,18
UDMM82602A,7,33,40,2,4,6,4,27,31
CEEE89503T,3,69,72,1,11,12,14,19,33
BAMM888018,10,30,40,1,4,5,8,10,18
VCMM81502A,8,27,35,2,7,9,4,22,26
CEPC110012,12,65,77,1,0,1,11,17,28
PCEE80701X,4,49,53,0,8,8,0,29,29
BOEE859018,2,39,41,0,8,8,3,17,20
BIPS01000N,37,90,127,7,20,27,7,29,36
SRMM845014,37,90,127,7,20,27,7,29,36
NAEE03303D,2,97,99,1,43,44,6,20,26
BGEE83103L,7,95,102,3,26,29,7,24,31
PDEE882018,2,54,56,1,15,16,12,13,25
AQEE05212P,1,40,41,0,9,9,3,9,12
LEMM89401A,10,16,26,1,4,5,8,11,19
TVEE877042,1,51,52,0,10,10,4,28,32
CNTD016507,55,73,128,7,19,26,0,0,0
NAMM0CR008,55,73,128,7,19,26,0,0,0
SPMM815024,14,45,59,4,8,12,3,44,47
LEMM824014,11,31,42,2,11,13,11,9,20
VEMM86501G,15,36,51,6,6,12,8,26,34
BGMM83601L,14,29,43,4,4,8,5,19,24
FOEE02008N,7,80,87,2,16,18,8,25,33
RMMM8DP016,7,21,28,3,8,11,4,21,25
SARH038016,16,35,51,0,10,10,8,6,14
CEMM88601X,9,32,41,2,4,6,15,9,24
RMPC26000Q,19,53,72,1,2,3,7,17,24
BAMM82201N,9,38,47,2,13,15,9,18,27
NAMM81101C,8,20,28,2,9,11,9,14,23
RMMM8AW02C,4,16,20,0,4,4,1,19,20
BGEE83703G,3,52,55,0,7,7,5,24,29
PDEE068002,1,18,19,0,3,3,0,0,0
CSTD02350N,22,43,65,4,11,15,0,0,0
BGMM84501B,12,37,49,4,6,10,4,20,24
ISEE82608X,2,48,50,0,10,10,6,22,28
BAEE19800R,1,78,79,0,29,29,6,16,22
AQEE81507C,0,46,46,0,12,12,3,26,29
BOPM030005,44,121,165,4,16,20,14,23,37
NAEE8CK01E,1,53,54,0,17,17,4,18,22
NAMM8CY02D,1,53,54,0,17,17,4,18,22
FOEE806068,2,26,28,0,2,2,4,24,28
LTEE83602P,1,45,46,0,21,21,11,13,24
MIEE8CX022,6,83,89,3,20,23,9,18,27
AVMM865012,12,42,54,2,15,17,11,22,33
VAEE857028,4,73,77,3,23,26,9,18,27
PAEE05700Q,1,52,53,1,19,20,11,7,18
FIEE839026,7,47,54,1,8,9,8,25,33
CAMM8AC01Q,9,25,34,2,5,7,13,19,32
NAEE35502X,0,25,25,0,4,4,0,0,0
VAMM80903V,7,40,47,1,9,10,5,22,27
MTRI01801B,41,63,104,1,13,14,11,13,24
NAEE8E6024,1,41,42,0,11,11,10,11,21
BSTA01000V,47,76,123,2,12,14,15,15,30
NAEE8CQ03G,3,41,44,1,12,13,10,15,25
BSEE80901T,4,41,45,2,4,6,5,13,18
FGEE112009,0,66,66,0,16,16,7,13,20
NAEE15201N,0,50,50,0,12,12,5,12,17
PREE82501A,4,54,58,1,13,14,4,22,26
MEEE898029,4,62,66,0,11,11,5,24,29
MIMM80901V,4,26,30,3,6,9,2,17,19
VIMM88702R,6,18,24,1,1,2,5,25,30
CLMM82401T,6,42,48,1,10,11,13,13,26
CBPM00301A,17,41,58,2,11,13,5,16,21
PARI024038,17,41,58,2,11,13,5,16,21
PDEE85804E,3,58,61,1,17,18,5,24,29
VBPS02000P,28,53,81,2,8,10,8,19,27
TOEE858015,2,69,71,2,14,16,6,19,25
OREE82601V,4,56,60,1,18,19,4,18,22
CZEE85301L,1,30,31,0,7,7,5,16,21
PERI03000V,49,101,150,11,43,54,18,18,36
CTTN008504,35,82,117,10,27,37,0,0,0
BSPM04000A,24,83,107,2,13,15,6,24,30
BSRI01701E,55,69,124,6,11,17,19,17,36
FREE81703P,1,46,47,0,14,14,6,24,30
CBEE82503Q,5,47,52,1,18,19,10,13,23
GRTF012018,52,113,165,6,24,30,6,26,32
BOEE832018,2,39,41,0,6,6,8,28,36
MIEE8BU015,6,72,78,4,15,19,2,29,31
NAEE8GQ01X,4,49,53,1,20,21,7,21,28
SSMM84901V,6,21,27,3,10,13,6,19,25
PAEE87902N,2,70,72,0,25,25,9,14,23
BRTD014016,65,94,159,12,28,40,20,20,40
CAEE848128,2,71,73,0,15,15,11,38,49
RCTF02201A,58,79,137,7,34,41,21,15,36
METD03302V,78,119,197,14,40,54,22,23,45
NUEE82404V,2,29,31,1,7,8,3,15,18
RCSL030014,2,29,31,1,7,8,3,15,18
FEEE82603T,6,70,76,2,12,14,2,34,36
NUTD012517,37,53,90,2,13,15,0,0,0
BLEE832044,3,60,63,1,9,10,11,24,35
TOEE80704B,3,42,45,2,5,7,10,17,27
FREE80306X,0,38,38,0,7,7,4,29,33
CTMM84501X,13,35,48,4,14,18,13,22,35
MBRC010001,32,109,141,15,29,44,8,22,30
PRMM81603L,5,18,23,2,4,6,5,17,22
AGEE821013,3,49,52,0,16,16,11,13,24
FIEE863023,2,67,69,0,13,13,6,24,30
RMEE8GT03T,3,89,92,1,20,21,7,18,25
MEEE87105C,3,61,64,1,19,20,14,12,26
RMEE8FJ02E,2,75,77,1,14,15,9,18,27
VESD020001,44,99,143,9,36,45,11,30,41
COEE809058,3,54,57,0,12,12,6,20,26
TREE009047,2,61,63,0,21,21,4,19,23
BARC054017,35,115,150,7,43,50,9,24,33
CZEE864024,2,66,68,0,21,21,8,25,33
BORI003012,51,109,160,7,28,35,11,28,39
FGRA052011,22,40,62,4,6,10,12,8,20
VITF02101R,72,78,150,11,23,34,13,29,42
MIEE858026,3,82,85,3,14,17,2,29,31
CAMM80701C,15,23,38,5,4,9,10,18,28
RMMM8FY017,10,53,63,4,15,19,8,18,26
CSEE86704T,2,34,36,1,8,9,15,7,22
BNMM81001N,2,34,36,1,8,9,15,7,22
ALEE829018,1,67,68,0,22,22,12,21,33
VIPS02301A,39,93,132,1,5,6,6,31,37
PGEE86503T,3,54,57,2,16,18,4,28,32
TRMM823029,13,30,43,4,6,10,7,26,33
BIEE817022,2,39,41,2,8,10,3,16,19
RMMM86101C,5,34,39,1,8,9,4,24,28
CLEE01403B,5,34,39,1,8,9,4,24,28
MOTD01601L,26,67,93,10,20,30,9,19,28
FRTF02701T,30,50,80,9,17,26,4,19,23
FIEE846018,6,58,64,1,12,13,9,20,29
BAEE069011,4,68,72,1,19,20,8,20,28
MNRC006012,40,88,128,10,31,41,14,26,40
TOPS026016,75,125,200,26,36,62,11,30,41
PGMM86501P,9,23,32,2,7,9,4,28,32
VTPS00103E,9,23,32,2,7,9,4,28,32
TOTD05701N,32,72,104,2,2,4,12,20,32
TOMM8A901D,14,19,33,3,4,7,2,30,32
CEEE8AL028,3,69,72,1,22,23,10,19,29
LTMM80001T,14,40,54,8,20,28,8,26,34
BGEE88602Q,7,48,55,1,14,15,1,24,25
RMEE8AU024,0,26,26,0,5,5,2,16,18
TSMM813015,10,47,57,2,7,9,6,22,28
SSEE83302B,1,49,50,0,18,18,2,19,21
MNMM820038,10,33,43,2,6,8,10,25,35
PZPM00101P,28,82,110,0,8,8,15,18,33
CETA04001D,28,82,110,0,8,8,15,18,33
AQTD01901T,66,87,153,4,14,18,5,33,38
CAEE876032,2,30,32,0,7,7,2,20,22
CHTD01801B,53,102,155,8,37,45,17,23,40
BSEE81801L,1,43,44,0,2,2,5,24,29
VEEE82101V,0,76,76,0,11,11,5,29,34
MNEE805026,9,60,69,6,20,26,2,29,31
BNPS01301P,42,74,116,5,8,13,18,12,30
BLEE82204D,2,46,48,0,6,6,4,18,22
BNEE849044,3,31,34,1,7,8,7,17,24
RMEE8AY014,2,43,45,0,14,14,3,18,21
GEMM83601D,8,31,39,1,14,15,3,24,27
RMEE00702V,8,31,39,1,14,15,3,24,27
NAEE8DY036,1,71,72,0,25,25,12,13,25
RMEE8DX04A,5,68,73,4,15,19,4,25,29
ALPC00901C,35,90,125,5,11,16,6,32,38
NAEE35501V,0,25,25,0,4,4,0,0,0
CZEE869038,1,66,67,0,12,12,17,17,34
AVEE864017,5,52,57,1,19,20,9,20,29
MIEE8C7036,5,52,57,1,19,20,9,20,29
TOTF14000A,109,110,219,7,21,28,22,30,52
CNEE81601E,2,37,39,0,11,11,5,23,28
MEEE82503L,2,33,35,0,9,9,6,20,26
BGEE85304E,2,29,31,0,6,6,4,10,14
CEEE828022,1,51,52,1,10,11,11,14,25
VTEE822011,3,79,82,1,27,28,13,33,46
CNTF01050E,67,81,148,3,5,8,15,25,40
BSEE88003A,3,51,54,0,9,9,2,18,20
PASD00850T,69,84,153,14,36,50,0,0,0
VREE89806R,5,96,101,1,20,21,6,32,38
PAEE117028,5,101,106,0,46,46,15,11,26
AGEE818017,1,40,41,0,15,15,8,14,22
NAPS01301N,47,132,179,6,28,34,22,18,40
RIEE82008X,1,58,59,0,12,12,1,40,41
PDMM8AA015,5,37,42,1,5,6,3,24,27
CEEE899013,2,25,27,0,8,8,11,9,20
NARC113024,53,80,133,12,21,33,17,18,35
NAEE83001V,0,44,44,0,18,18,6,11,17
LUMM836014,9,47,56,5,20,25,2,35,37
NAEE15009A,1,50,51,0,16,16,11,7,18
ENRA00202D,52,68,120,7,23,30,24,9,33
BAEE15700E,2,59,61,2,17,19,6,15,21
CBEE857015,2,61,63,1,21,22,9,12,21
PATF02750V,81,105,186,10,26,36,0,0,0
AQMM83501A,6,30,36,1,11,12,6,26,32
PDMM859016,10,13,23,2,4,6,4,14,18
VVEE83505T,2,60,62,0,9,9,19,15,34
RCTD001013,21,63,84,2,20,22,18,5,23
PAEE00302D,4,53,57,0,22,22,7,12,19
FGEE005009,1,86,87,0,44,44,9,12,21
CHMM825015,7,24,31,1,6,7,3,27,30
GOEE806028,1,33,34,0,6,6,4,17,21
SAMM8BH018,5,17,22,0,4,4,11,12,23
FIMM83101D,6,24,30,1,5,6,2,21,23
AVEE885029,0,27,27,0,8,8,7,19,26
CSMM86103R,5,17,22,0,2,2,9,11,20
PTEE82205N,4,100,104,1,36,37,6,39,45
FGMM82001A,6,19,25,0,7,7,7,7,14
CREE80202D,5,52,57,3,11,14,1,22,23
SAMM8AH01N,11,26,37,3,5,8,12,12,24
VBEE81604P,0,39,39,0,9,9,15,18,33
MEEE84203A,5,56,61,1,18,19,7,26,33
TARC05000G,35,87,122,10,40,50,14,16,30
BOEE85104R,6,93,99,0,21,21,7,26,33
SIMM81102N,11,29,40,2,8,10,5,26,31
PGEE06007X,2,81,83,0,19,19,0,29,29
SPEE802089,2,31,33,0,10,10,2,24,26
FETF013018,47,121,168,11,47,58,9,30,39
MSSD014016,62,107,169,15,42,57,10,22,32
SSEE855017,2,78,80,1,26,27,10,29,39
MIRI01701L,88,105,193,12,28,40,19,27,46
AVMM87901X,12,23,35,1,3,4,11,20,31
VAEE81406E,5,72,77,2,18,20,6,25,31
RMEE701066,5,72,77,2,18,20,6,25,31
PGEE06000L,2,81,83,0,19,19,0,29,29
MEEE848039,4,47,51,3,7,10,9,18,27
CAMM87202L,7,25,32,0,11,11,5,24,29
PSMM83901P,21,48,69,5,15,20,8,28,36
MTEE823026,4,41,45,2,6,8,4,19,23
FEMM07000R,4,41,45,2,6,8,4,19,23
NUTD010005,30,37,67,1,4,5,6,11,17
TOEE82501T,4,42,46,0,11,11,4,21,25
LUMM82401T,9,17,26,5,5,10,4,15,19
PITE003509,42,138,180,14,54,68,0,0,0
VIEE81203D,1,44,45,0,8,8,3,16,19
PREE82201V,2,34,36,1,7,8,2,20,22
COEE824016,4,78,82,1,12,13,4,28,32
REEE848059,3,75,78,1,15,16,6,29,35
GREE82204B,2,25,27,1,6,7,5,11,16
SAEE87104P,1,26,27,0,1,1,5,11,16
MIEE87202C,6,54,60,2,12,14,9,25,34
MIEE852027,6,61,67,2,10,12,10,19,29
TOMM87501T,9,29,38,4,9,13,7,18,25
BSTD011016,80,100,180,7,7,14,19,19,38
TOMM8BJ01D,14,35,49,5,9,14,6,29,35
RATD00301D,78,148,226,13,32,45,17,35,52
TOEE83501C,3,35,38,1,8,9,2,20,22
ROEE81301P,2,41,43,2,8,10,2,18,20
NATD01301D,47,132,179,6,28,34,22,18,40
LEEE861025,2,55,57,0,15,15,13,14,27
BIMM81301L,18,51,69,6,13,19,7,29,36
SAEE10400N,0,69,69,0,24,24,9,11,20
VIEE829051,1,65,66,0,7,7,5,22,27
RMMM868017,9,28,37,3,6,9,6,23,29
MNEE834015,3,47,50,0,10,10,8,22,30
VTTF010008,73,67,140,5,4,9,15,22,37
LEMM888013,3,13,16,0,4,4,11,11,22
ALEE82103Q,4,60,64,3,18,21,6,19,25
CEMM8AB01A,20,23,43,6,4,10,9,16,25
RMRC08701P,38,92,130,10,25,35,13,19,32
LUPM019011,41,116,157,7,27,34,11,28,39
VVEE803027,3,44,47,1,8,9,17,13,30
RMTD046504,39,61,100,12,16,28,0,0,0
CLEE810011,2,33,35,0,7,7,13,9,22
FIEE847014,5,60,65,3,12,15,5,26,31
NAEE173071,3,65,68,2,18,20,5,13,18
BOMM81501D,4,25,29,2,7,9,3,17,20
CSEE832061,1,36,37,0,5,5,6,6,12
BOMM874019,9,32,41,4,6,10,7,24,31
TSMM820018,1,13,14,0,0,0,3,20,23
PSEE81203T,3,50,53,0,12,12,7,24,31
LEEE86502C,2,54,56,0,21,21,11,10,21
RMTD102518,38,104,142,12,30,42,0,0,0
RMEE82903Q,3,71,74,0,15,15,8,21,29
AREE81204C,2,37,39,0,8,8,4,17,21
SAEE8BV03X,2,52,54,1,16,17,10,13,23
TOEE81407N,2,33,35,0,6,6,4,16,20
MERI01102B,64,78,142,9,30,39,19,23,42
VRMM86101X,6,18,24,0,4,4,4,17,21
BOEE88102E,2,64,66,1,11,12,4,30,34
MEEE8AB04G,1,65,66,0,22,22,10,20,30
TRRA010008,9,13,22,3,6,9,1,5,6
TVPS01101R,60,70,130,5,7,12,7,21,28
CEMM8A802A,8,15,23,1,3,4,12,10,22
LTEE805045,3,52,55,2,21,23,6,21,27
NAMM8DQ013,11,35,46,6,12,18,11,14,25
MBMM8DJ016,7,35,42,1,7,8,1,21,22
BREE02300L,7,93,100,2,43,45,5,20,25
BGMM89302T,9,37,46,1,12,13,0,26,26
PCPS004011,55,76,131,9,19,28,11,26,37
ALEE832014,2,53,55,0,14,14,5,21,26
BAMM03600G,2,53,55,0,14,14,5,21,26
LTMM83001N,6,51,57,3,10,13,13,22,35
ALEE03704B,2,76,78,1,14,15,4,24,28
PDEE85407A,2,61,63,1,7,8,5,24,29
BSMM8AH03N,19,42,61,7,5,12,4,30,34
RMMM8AY013,6,27,33,3,8,11,3,18,21
MIEE832033,17,109,126,6,28,34,7,31,38
AVEE86102R,2,53,55,0,8,8,15,18,33
RMEE8B802V,7,66,73,2,14,16,5,22,27
NATL09050N,7,66,73,2,14,16,5,22,27
PCEE007033,2,75,77,0,13,13,3,23,26
TREE81303R,2,28,30,0,6,6,2,21,23
TOTF066514,62,104,166,15,20,35,0,0,0
CNEE80701Q,2,58,60,1,13,14,6,25,31
RMEE8CX02N,4,79,83,3,31,34,8,14,22
BATD02001B,4,79,83,3,31,34,8,14,22
MIEE8CG014,5,45,50,2,11,13,5,18,23
AGTD01351T,42,52,94,6,13,19,0,0,0
MEEE83301D,3,57,60,0,16,16,9,24,33
MBEE84801B,10,75,85,4,18,22,2,23,25
VEEE85803G,3,66,69,2,12,14,5,34,39
SREE84402A,1,57,58,0,15,15,13,22,35
FIEE83804C,6,67,73,1,12,13,10,23,33
SATF06601P,66,112,178,5,26,31,27,22,49
PDMM83601D,10,35,45,0,7,7,6,25,31
NAEE82801V,1,35,36,0,12,12,7,14,21
MTMM83404N,7,16,23,1,1,2,8,12,20
FGEE70901Q,7,16,23,1,1,2,8,12,20
RCMM83202A,12,22,34,5,4,9,15,15,30
PDMM82701P,4,21,25,0,5,5,5,15,20
PZPS017017,21,43,64,0,4,4,11,13,24
NAEE84501L,2,28,30,0,15,15,7,12,19
VAMM828027,12,30,42,4,9,13,9,16,25
KREE821036,3,38,41,0,5,5,12,12,24
NUEE86303C,5,30,35,0,9,9,6,17,23
UDMM830022,6,28,34,1,4,5,5,30,35
CSMM304005,6,28,34,1,4,5,5,30,35
PDRC01902V,24,66,90,4,14,18,7,17,24
SATD04301Q,36,79,115,5,18,23,16,18,34
AGTD02701A,53,89,142,13,17,30,27,16,43
PCMM81502V,9,21,30,1,3,4,8,20,28
AVMM87103B,5,19,24,1,2,3,9,9,18
CAEE888027,3,36,39,0,11,11,8,22,30
BGEE88102L,1,61,62,0,17,17,3,23,26
CBEE851038,2,23,25,0,5,5,0,0,0
SAEE89101R,2,41,43,1,14,15,10,11,21
PAMM03600N,10,53,63,2,7,9,5,9,14
PTEE824037,2,58,60,1,14,15,6,24,30
PZEE82001E,1,56,57,0,13,13,9,18,27
BSRI03202N,1,56,57,0,13,13,9,18,27
FREE828024,2,38,40,0,11,11,1,24,25
CSEE85403P,3,24,27,0,5,5,5,15,20
PEEE81306N,3,24,27,0,5,5,5,15,20
ARMM84001C,12,33,45,3,5,8,3,27,30
TORC012505,62,80,142,4,10,14,0,0,0
TVEE85405A,2,78,80,0,21,21,10,21,31
SIMM81601Q,8,41,49,5,12,17,5,20,25
RGMM83001D,12,18,30,0,3,3,12,8,20
MOMM81501B,3,11,14,0,2,2,6,13,19
VAMM879013,9,33,42,1,10,11,10,26,36
MCEE81702B,6,43,49,1,11,12,2,19,21
TVMM83002N,13,31,44,0,7,7,7,18,25
LEMM824036,11,31,42,2,11,13,11,9,20
CZEE86201B,0,40,40,0,12,12,5,9,14
COMM824015,9,31,40,1,7,8,4,28,32
NAEE8EF013,2,40,42,0,11,11,13,8,21
MEEE857056,5,59,64,1,11,12,11,22,33
GRRI001011,29,106,135,10,21,31,8,21,29
MNTA013012,49,51,100,5,23,28,12,21,33
LUEE828016,1,37,38,0,9,9,2,23,25
CTMM89802D,1,37,38,0,9,9,2,23,25
CTEE887057,5,59,64,2,19,21,9,20,29
LIEE00700P,5,59,64,2,19,21,9,20,29
RIEE81101T,0,13,13,0,1,1,4,20,24
BOMM82801G,5,42,47,1,13,14,10,25,35
PEEE82602G,4,61,65,1,20,21,11,25,36
GEMM862012,9,36,45,2,11,13,6,34,40
CRTF009517,69,113,182,5,9,14,0,0,0
LERH02350X,69,113,182,5,9,14,0,0,0
SAEE87703L,1,53,54,0,9,9,11,19,30
LEMM85502R,5,21,26,1,5,6,7,15,22
CTEE8A6022,2,61,63,0,26,26,6,22,28
AREE826017,3,34,37,0,9,9,3,14,17
CTEE894016,3,72,75,0,28,28,10,18,28
RMEE8G7024,4,52,56,3,15,18,2,20,22
MSMM81301A,4,24,28,0,9,9,3,24,27
MCEE834036,1,51,52,0,16,16,9,25,34
TOMM8BZ014,7,62,69,1,19,20,5,33,38
RNMM81001D,9,29,38,1,9,10,9,22,31
LEEE87703Q,1,58,59,0,13,13,8,16,24
CTPS01601D,69,100,169,7,46,53,19,21,40
CZMM81502T,3,13,16,0,1,1,5,12,17
NAEE8DF05L,2,70,72,0,28,28,19,13,32
VEEE700011,2,70,72,0,28,28,19,13,32
PGMM83802B,13,47,60,3,14,17,4,13,17
FREE807034,0,29,29,0,4,4,4,16,20
CSEE872049,3,76,79,0,18,18,17,15,32
NAMM89901X,3,24,27,1,6,7,9,10,19
MCRC01101C,27,91,118,9,39,48,10,19,29
CSEE82402T,2,36,38,1,13,14,5,17,22
REEE84403X,3,84,87,1,17,18,7,28,35
CATD22050A,40,89,129,5,8,13,10,28,38
LTTD001013,53,126,179,5,25,30,12,24,36
CSEE837064,7,49,56,3,16,19,16,16,32
PAEE87901L,2,70,72,0,25,25,9,14,23
BGEE813022,6,64,70,2,19,21,7,23,30
BGEE86602E,4,55,59,0,13,13,5,19,24
TOMM84801D,4,17,21,1,2,3,3,17,20
RNEE81502P,7,60,67,5,17,22,6,21,27
RMEE83903A,5,74,79,2,20,22,4,23,27
RCSL030003,26,72,98,7,31,38,10,18,28
CNMM70101V,26,72,98,7,31,38,10,18,28
MEMM8AE01V,8,27,35,3,5,8,7,17,24
RCMM80701L,3,16,19,1,2,3,11,16,27
MBRC010012,32,109,141,15,29,44,8,22,30
CEEE878012,1,50,51,0,15,15,9,12,21
RMEE27800L,0,22,22,0,3,3,0,0,0
KRMM804019,10,18,28,2,1,3,13,10,23
PREE81606R,4,25,29,0,3,3,5,17,22
TVPC120008,26,51,77,1,3,4,4,19,23
RMMM8BG011,6,15,21,2,5,7,3,16,19
PEEE83302P,2,48,50,2,10,12,7,24,31
SREE86302Q,1,54,55,1,15,16,11,14,25
CEPC110001,12,65,77,1,0,1,11,17,28
PCEE807054,4,49,53,0,8,8,0,29,29
BIEE70101E,4,49,53,0,8,8,0,29,29
BARM053511,52,74,126,8,21,29,0,0,0
VATF026016,53,53,106,4,6,10,9,19,28
CEEE01200B,5,95,100,2,37,39,11,11,22
RMPS032012,50,143,193,2,21,23,20,30,50
BLEE82203C,2,46,48,0,6,6,4,18,22
CEEE86803D,0,55,55,0,11,11,13,17,30
RMPC27000A,27,57,84,0,1,1,9,16,25
BSEE84701L,1,41,42,1,7,8,6,19,25
VIRI02101X,72,78,150,11,23,34,13,29,42
PAMM85801E,16,32,48,2,10,12,14,14,28
MCMM820026,5,12,17,1,1,2,4,26,30
MIMM844016,10,26,36,4,8,12,3,18,21
CTEE008068,1,88,89,1,29,30,9,20,29
VEMM82701R,10,31,41,2,7,9,2,23,25
PSRH020509,37,90,127,6,31,37,12,31,43
NAEE03600T,1,129,130,0,42,42,7,19,26
PNTL01251L,47,84,131,0,5,5,0,0,0
AQMM81202P,5,13,18,0,3,3,7,11,18
BSMM802023,6,17,23,1,1,2,4,18,22
SATF064013,49,58,107,3,10,13,12,19,31
LTMM83601L,12,29,41,5,7,12,11,13,24
SAEE8B202B,1,67,68,1,19,20,11,15,26
CLEE014019,2,64,66,0,18,18,13,8,21
SREE845026,2,64,66,0,18,18,13,8,21
BGEE83104N,7,95,102,3,26,29,7,24,31
CAEE8AC04X,2,49,51,0,4,4,13,19,32
VAEE80902V,3,54,57,1,12,13,5,22,27
LOEE806014,3,46,49,0,10,10,4,24,28
MORC01651P,26,67,93,10,20,30,0,0,0
TVEE87702X,1,51,52,0,10,10,4,28,32
PZRI013015,1,51,52,0,10,10,4,28,32
NAEE8E6013,1,41,42,0,11,11,10,11,21
VEMM86502L,15,36,51,6,6,12,8,26,34
FGMM86201C,5,34,39,1,16,17,11,12,23
BARH120005,52,107,159,15,36,51,13,25,38
ORMM82001V,14,36,50,1,9,10,1,19,20
TEEE819067,1,59,60,0,28,28,10,16,26
BSMM80901R,6,22,28,2,2,4,5,13,18
RMEE8AU035,0,26,26,0,5,5,2,16,18
SARH03850E,16,35,51,0,10,10,0,0,0
CHEE82803Q,2,60,62,1,16,17,9,18,27
PRMM825019,6,31,37,2,5,7,4,22,26
TREE81501A,3,51,54,2,11,13,6,22,28
CSTA02301V,22,43,65,4,11,15,13,9,22
BGEE84604B,4,84,88,2,20,22,2,27,29
BIEE80604N,4,63,67,2,21,23,9,29,38
PARA018017,41,34,75,2,4,6,12,13,25
BOPS01000V,45,94,139,3,2,5,9,38,47
RAEE81005C,8,66,74,1,22,23,4,30,34
FOMM806012,13,18,31,3,2,5,4,24,28
RMEE8BX034,3,74,77,0,24,24,5,25,30
NOEE813014,2,56,58,0,10,10,3,23,26
BAEE883038,2,56,58,0,10,10,3,23,26
PERH010006,61,182,243,17,85,102,41,50,91
NAMM8FS019,6,25,31,4,7,11,10,17,27
CNMM850011,10,33,43,1,8,9,5,24,29
BSPS01000D,30,73,103,0,1,1,9,20,29
BAMM890018,3,22,25,0,5,5,3,18,21
BSTF018017,54,91,145,0,3,3,14,23,37
CLEE82502Q,4,61,65,0,19,19,11,16,27
SRRI022038,4,61,65,0,19,19,11,16,27
BAEE124029,2,66,68,1,24,25,6,16,22
LTEE81506T,3,80,83,2,27,29,7,24,31
CAEE89903P,4,94,98,1,36,37,8,22,30
PIEE82603X,3,62,65,1,19,20,4,24,28
MTPS01701A,30,74,104,3,9,12,11,16,27
AQSD02101C,31,105,136,4,22,26,3,30,33
CAEE876043,2,30,32,0,7,7,2,20,22
BSTD02000X,28,70,98,0,5,5,11,19,30
CZPS03000B,15,49,64,0,1,1,13,13,26
VVTF01102R,15,49,64,0,1,1,13,13,26
SAMM8BN01R,10,21,31,1,5,6,10,10,20
TATE04201C,31,76,107,2,5,7,15,21,36
RCTD022014,58,79,137,7,34,41,21,15,36
UDEE80907V,3,25,28,0,2,2,5,18,23
MERI03350G,78,119,197,14,40,54,0,0,0
GOEE80003A,4,34,38,0,9,9,3,19,22
AGMM84601A,12,25,37,1,4,5,18,13,31
CBTD00350D,12,25,37,1,4,5,18,13,31
VIEE87901T,5,71,76,4,12,16,6,24,30
VAEE87206E,4,47,51,3,14,17,4,25,29
CLEE81703T,3,58,61,2,24,26,25,3,28
BGMM82202Q,15,36,51,5,9,14,2,27,29
MBMM8EX012,9,48,57,1,11,12,6,29,35
FRMM81702L,11,24,35,3,3,6,6,24,30
GRSL012013,52,113,165,6,24,30,6,26,32
RMMM8FJ01C,5,28,33,2,6,8,9,18,27
MIEE8EB016,4,44,48,2,10,12,4,23,27
FIEE870059,2,104,106,1,21,22,11,32,43
PZMM708012,2,104,106,1,21,22,11,32,43
SOEE82102E,1,55,56,1,12,13,4,28,32
TPSL03101C,35,118,153,6,23,29,17,22,39
NURC01250V,37,53,90,2,13,15,0,0,0
LUMM81701P,11,23,34,2,4,6,3,22,25
PEMM81905E,6,17,23,2,2,4,7,17,24
SSEE800035,0,48,48,0,11,11,6,25,31
ALEE82803E,4,94,98,3,39,42,10,25,35
ENEE062002,4,41,45,0,14,14,7,13,20
CSMM81801C,5,26,31,0,4,4,8,17,25
GETF00401N,51,86,137,7,26,33,8,20,28
LEEE84301E,3,60,63,1,15,16,16,11,27
TOMM88401L,12,27,39,2,14,16,4,23,27
RNMM81401R,9,45,54,0,7,7,3,31,34
CZEE814012,0,42,42,0,7,7,9,8,17
RMEE8F001N,2,42,44,1,10,11,1,15,16
RMMM80801G,17,19,36,2,4,6,7,17,24
TARC050501,35,87,122,10,40,50,14,16,30
RNEE81601D,3,69,72,1,19,20,7,36,43
MIEE858048,3,82,85,3,14,17,2,29,31
PGEE86502R,3,54,57,2,16,18,4,28,32
VTTD00402R,26,79,105,1,22,23,6,17,23
CTPC047012,25,85,110,2,21,23,7,22,29
CTEE881058,5,74,79,2,28,30,10,25,35
TVEE820035,1,76,77,0,13,13,2,31,33
RMPS06201T,35,123,158,0,7,7,10,28,38
RMTA05201L,54,92,146,14,33,47,16,27,43
TREE82304C,1,70,71,1,12,13,7,26,33
TOEE8B8019,8,100,108,3,39,42,8,31,39
PZPS00101N,28,82,110,0,8,8,15,18,33
MITD04751C,52,68,120,6,9,15,0,0,0
CEEE886022,1,40,41,1,11,12,15,9,24
CZEE87301T,2,41,43,0,5,5,14,13,27
BGMM83701C,12,22,34,3,2,5,5,24,29
BLEE81804T,2,38,40,0,7,7,8,10,18
ROMM811045,9,32,41,3,6,9,2,24,26
PNEE81802C,3,54,57,2,8,10,4,18,22
LOEE81102L,2,59,61,0,15,15,4,24,28
SAEE87101G,1,26,27,0,1,1,5,11,16
GEEE83602G,3,79,82,1,25,26,3,24,27
SPEE81405C,1,76,77,0,19,19,6,27,33
ROMM81301N,15,13,28,2,0,2,2,18,20
VVEE80704L,0,33,33,0,3,3,12,7,19
ALPS00901G,35,90,125,5,11,16,6,32,38
SAEE8AQ05V,0,15,15,0,1,1,3,9,12
CZEE86906B,1,66,67,0,12,12,17,17,34
TPEE82105L,3,103,106,1,29,30,21,11,32
SAEE895047,3,76,79,0,25,25,9,23,32
PVEE82501G,2,91,93,2,25,27,9,32,41
CTEE04800C,6,73,79,0,18,18,11,10,21
TAEE86401D,0,54,54,0,9,9,6,12,18
ISEE81514R,2,65,67,1,11,12,11,24,35
CETA04000C,4,8,12,1,1,2,0,0,0
CEMM8AD012,11,45,56,3,11,14,16,16,32
LERI049017,41,64,105,5,7,12,8,18,26
VVEE80310L,3,44,47,1,8,9,17,13,30
VEMM82101T,10,32,42,1,4,5,5,29,34
CNTF010005,67,81,148,3,5,8,15,25,40
NAMM8CQ02D,7,25,32,2,2,4,10,15,25
MEEE8AD09C,1,74,75,0,24,24,15,21,36
SPEE822028,1,100,101,1,28,29,6,39,45
RMEE8C702N,2,92,94,2,27,29,5,23,28
MOEE81302T,2,47,49,1,7,8,1,21,22
BNPC01301G,42,74,116,5,8,13,18,12,30
PAMM81001D,15,33,48,4,9,13,9,19,28
RIEE82007V,1,58,59,0,12,12,1,40,41
FGEE11201A,0,66,66,0,16,16,7,13,20
BOEE81503L,3,45,48,2,8,10,3,17,20
BOEE87401A,6,65,71,0,17,17,7,24,31
CATF023012,68,56,124,5,12,17,17,19,36
PARI024027,74,122,196,14,54,68,26,26,52
VEEE84401G,1,56,57,1,17,18,2,21,23
AQEE85004L,4,92,96,3,27,30,5,33,38
NAEE150001,1,50,51,0,16,16,11,7,18
NAMM8BX012,13,43,56,4,14,18,6,17,23
PRRH006039,58,102,160,8,35,43,25,41,66
CNTF02201C,34,81,115,4,10,14,5,30,35
PDMM86001A,4,21,25,0,4,4,7,11,18
BSPS018015,54,91,145,0,3,3,14,23,37
UDMM81501V,3,26,29,0,5,5,1,19,20
TRRA01051P,9,13,22,3,6,9,1,5,6
MEMM826019,10,24,34,3,1,4,16,7,23
BRTH020006,53,49,102,3,8,11,20,17,37
AGEE855027,2,53,55,1,8,9,22,8,30
LUMM84701E,13,33,46,2,8,10,4,32,36
SAEE8BH03B,1,35,36,0,10,10,11,12,23
CEMM82801X,13,29,42,1,9,10,11,14,25
CBMM852022,15,17,32,3,6,9,0,0,0
VAEE82103E,1,93,94,0,24,24,9,28,37
VBEE81209L,3,78,81,2,24,26,8,38,46
PTMM823018,18,50,68,8,18,26,9,21,30
PVMM81001R,6,11,17,2,1,3,11,12,23
TOEE85102B,2,36,38,0,7,7,6,19,25
MEEE84204B,5,56,61,1,18,19,7,26,33
PAPC00801X,69,84,153,14,36,50,25,16,41
LUEE84702L,3,66,69,1,12,13,4,32,36
FEMM82602Q,12,44,56,0,13,13,2,34,36
PDEE8AA027,5,49,54,2,14,16,3,24,27
MOEE03600D,2,95,97,0,18,18,9,30,39
NAMM8GG013,6,27,33,1,5,6,5,14,19
BGMM82701T,8,40,48,4,12,16,2,20,22
GOEE80501B,3,37,40,0,9,9,3,23,26
RMPS110001,25,66,91,1,4,5,7,18,25
MITF01701D,88,105,193,12,28,40,19,27,46
ENPS00201V,52,68,120,7,23,30,24,9,33
RMEE701055,52,68,120,7,23,30,24,9,33
FIEE863034,2,67,69,0,13,13,6,24,30
BGEE87301L,6,55,61,2,11,13,1,27,28
ANMM82301V,11,23,34,2,6,8,3,23,26
CAEE867015,5,44,49,0,6,6,4,18,22
MTMM81103X,12,19,31,5,2,7,9,13,22
VVEE835092,2,60,62,0,9,9,19,15,34
MEEE87405X,4,58,62,1,19,20,11,23,34
MTEE823015,4,41,45,2,6,8,4,19,23
PAEE00300B,4,53,57,0,22,22,7,12,19
FREE85905V,2,62,64,1,24,25,3,28,31
ANMM077007,2,62,64,1,24,25,3,28,31
POTF010003,125,121,246,11,18,29,15,41,56
NUTD01050E,30,37,67,1,4,5,6,11,17
GEEE02200L,1,22,23,0,4,4,0,0,0
FRMM82302X,15,27,42,4,6,10,4,23,27
AVEE873056,1,46,47,0,7,7,10,18,28
FIEE870015,2,104,106,1,21,22,11,32,43
PGEE060081,2,81,83,0,19,19,0,29,29
LEMM83603C,9,19,28,0,5,5,12,12,24
MTMM82401X,6,25,31,1,1,2,5,15,20
TOMM874012,13,34,47,6,8,14,1,31,32
COMM816016,6,21,27,0,5,5,6,12,18
TOEE82602P,1,46,47,1,9,10,5,18,23
RATF01000T,62,69,131,1,5,6,10,30,40
TOMM83502C,6,21,27,4,2,6,2,20,22
FIEE875029,6,21,27,4,2,6,2,20,22
NUMM865011,12,15,27,1,2,3,4,20,24
NATN01301B,47,132,179,6,28,34,22,18,40
BIEE81302P,9,59,68,7,19,26,7,29,36
RMEE868029,0,67,67,0,24,24,6,23,29
TOEE82503X,4,42,46,0,11,11,4,21,25
LUEE82402X,4,44,48,0,12,12,4,15,19
PITE003011,42,138,180,14,54,68,7,25,32
VIMM81201A,4,29,33,1,6,7,3,16,19
NOMM826015,10,44,54,1,9,10,4,26,30
LURH021513,55,110,165,14,45,59,0,0,0
PSEE80901X,3,16,19,1,1,2,0,0,0
ANMM842029,10,41,51,1,4,5,7,36,43
CLMM81001X,15,43,58,3,6,9,13,9,22
MNMM827011,9,27,36,4,6,10,1,29,30
TORI014015,58,65,123,18,17,35,16,24,40
LETD03951L,31,56,87,6,15,21,0,0,0
CATD02151D,37,63,100,7,23,30,0,0,0
BSMM81702R,2,17,19,2,0,2,2,16,18
MERI01101A,64,78,142,9,30,39,19,23,42
BOMM88101C,6,40,46,0,9,9,4,30,34
TOTF01251Q,62,80,142,4,10,14,0,0,0
TVEE854049,2,78,80,0,21,21,10,21,31
TOEE8CG047,6,87,93,2,15,17,1,50,51
BGMM86401R,5,18,23,3,2,5,0,20,20
AREE82004B,3,58,61,1,14,15,2,25,27
ALEE82101N,4,60,64,3,18,21,6,19,25
RIEE822029,0,71,71,0,27,27,4,28,32
CEEE8A805E,2,42,44,1,6,7,12,10,22
VETD01601Q,40,91,131,1,3,4,14,22,36
BSEE82401X,5,69,74,1,11,12,2,28,30
CESL031016,59,125,184,17,39,56,24,17,41
CZEE850015,1,64,65,0,14,14,14,21,35
RMMM898013,8,34,42,3,8,11,8,23,31
AVEE86103T,2,53,55,0,8,8,15,18,33
PNEE827027,0,66,66,0,8,8,3,25,28
GEEE862035,10,86,96,3,22,25,6,34,40
NARC00101X,33,114,147,4,20,24,23,13,36
RMEE8B8041,7,66,73,2,14,16,5,22,27
TVMM88202A,12,36,48,1,4,5,5,25,30
TORI06601T,62,104,166,15,20,35,13,28,41
ATEE810029,4,51,55,3,9,12,4,30,34
REEE836031,5,79,84,1,23,24,3,31,34
BAMM02200N,5,79,84,1,23,24,3,31,34
UDEE823042,2,55,57,0,5,5,5,23,28
MEEE83302E,3,57,60,0,16,16,9,24,33
PDEE854036,2,61,63,1,7,8,5,24,29
MBEE85001B,4,45,49,3,7,10,1,15,16
CTTF01601G,69,100,169,7,46,53,19,21,40
PARI02850T,54,75,129,9,21,30,0,0,0
PZTH016011,41,62,103,1,9,10,19,17,36
CNMM83802B,5,26,31,0,4,4,2,25,27
PDPS019019,24,66,90,4,14,18,7,17,24
CHEE834022,24,66,90,4,14,18,7,17,24
CATD220001,40,89,129,5,8,13,10,28,38
PCEE815042,2,63,65,0,15,15,8,20,28
VIMM85301L,4,20,24,1,2,3,3,16,19
BSEE852036,2,53,55,1,6,7,5,26,31
NATL090008,2,53,55,1,6,7,5,26,31
NAEE12800Q,1,33,34,1,4,5,7,8,15
BLPS020006,15,56,71,3,4,7,6,17,23
CBMM851015,1,19,20,1,6,7,0,0,0
PAMM041005,10,69,79,3,17,20,4,16,20
PTEE824026,2,58,60,1,14,15,6,24,30
KRTD002013,31,36,67,4,5,9,9,12,21
TAMM80602D,9,14,23,1,2,3,8,10,18
PDEE059018,4,81,85,0,18,18,2,25,27
SPEE802023,2,31,33,0,10,10,2,24,26
SVEE818023,4,56,60,2,13,15,8,19,27
LEMM895016,8,30,38,2,15,17,14,12,26
PVEE80006C,3,51,54,0,15,15,9,26,35
MSRI01451A,62,107,169,15,42,57,0,0,0
VAEE81402A,5,72,77,2,18,20,6,25,31
CHMM83501Q,9,25,34,5,5,10,8,20,28
BOEE84201V,6,57,63,0,12,12,1,27,28
PDEE83703C,2,32,34,1,7,8,6,13,19
VAMM85901T,9,28,37,3,8,11,3,23,26
SSSL030018,38,68,106,14,28,42,4,23,27
LEEE89402C,5,41,46,1,11,12,8,11,19
SAEE81805V,0,37,37,0,9,9,11,10,21
LEEE812031,1,39,40,0,10,10,6,12,18
MTEE810057,4,43,47,2,15,17,13,9,22
TVMM83001L,13,31,44,0,7,7,7,18,25
AREE84104C,6,46,52,2,13,15,4,23,27
TAEE829027,2,76,78,1,21,22,12,19,31
SVRC00601R,48,96,144,9,35,44,11,26,37
PIMM81202X,8,41,49,5,11,16,5,28,33
MIPC039015,24,44,68,2,5,7,6,15,21
RMPC27001B,24,44,68,2,5,7,6,15,21
BREE81001E,1,75,76,0,20,20,17,14,31
AVEE81002X,2,30,32,1,7,8,6,16,22
CLMM82002G,27,20,47,8,4,12,14,14,28
MEEE857067,5,59,64,1,11,12,11,22,33
MEEE89701C,2,73,75,1,22,23,10,18,28
BOEE85302A,9,54,63,4,16,20,8,16,24
AGEE83001T,4,57,61,1,25,26,14,13,27
PSRI02050R,51,82,133,3,22,25,21,32,53
VREE88902T,4,53,57,1,16,17,3,22,25
AVRH040509,49,116,165,8,37,45,21,24,45
LUEE828038,1,37,38,0,9,9,2,23,25
ANEE81602T,3,54,57,0,14,14,4,24,28
TOEE8A403D,4,75,79,1,23,24,3,37,40
MIMM8FB01Q,9,37,46,4,8,12,2,29,31
CSEE802021,4,36,40,0,7,7,12,11,23
BOMM70101P,4,36,40,0,7,7,12,11,23
VIEE81804D,5,97,102,2,26,28,7,35,42
MCMM81101A,6,24,30,1,6,7,8,19,27
ALEE809024,3,40,43,1,10,11,3,20,23
TOEE83502D,3,35,38,1,8,9,2,20,22
RMEE87402L,5,98,103,3,30,33,8,27,35
RIEE81103X,0,13,13,0,1,1,4,20,24
CAEE87901B,3,66,69,2,26,28,5,21,26
MIMM88401L,9,26,35,2,4,6,7,19,26
LIEE00903D,9,26,35,2,4,6,7,19,26
CARI04001V,43,58,101,7,22,29,10,19,29
RMMM8AU012,4,10,14,1,2,3,2,16,18
PGEE83103P,6,49,55,4,15,19,2,26,28
VTPS01201V,47,74,121,5,20,25,12,22,34
ALEE816016,3,52,55,0,15,15,8,25,33
TOMM8AR03G,6,45,51,0,10,10,9,29,38
RMPS102013,38,104,142,12,30,42,7,28,35
TORC052017,59,162,221,18,57,75,13,22,35
CZEE815041,2,30,32,0,3,3,5,12,17
PGMM83801A,13,47,60,3,14,17,4,13,17
PZEE86802L,1,36,37,1,5,6,7,16,23
VRRA020505,47,74,121,13,20,33,15,16,31
CSEE824062,2,36,38,1,13,14,5,17,22
BOEE88203B,7,78,85,2,17,19,5,28,33
NAMM8GQ01V,16,39,55,6,8,14,7,21,28
TVTF011518,16,39,55,6,8,14,7,21,28
LTTF003011,31,90,121,3,21,24,12,19,31
LERI02101B,80,87,167,18,24,42,26,15,41
LEEE85502T,2,34,36,1,4,5,7,15,22
BGMM86603E,9,20,29,2,6,8,5,19,24
RMEE839029,5,74,79,2,20,22,4,23,27
TPTH01801P,56,55,111,1,9,10,16,22,38
RCPS022018,58,79,137,7,34,41,21,15,36
METD033506,78,119,197,14,40,54,0,0,0
TOEE808047,16,108,124,9,38,47,9,36,45
BGEE82203T,5,71,76,1,14,15,2,27,29
RMEE30701C,2,83,85,1,26,27,8,19,27
PREE81605Q,4,25,29,0,3,3,5,17,22
TVPM010001,43,114,157,1,5,6,11,38,49
PEEE83301N,2,48,50,2,10,12,7,24,31
TSRC001011,46,126,172,3,23,26,16,27,43
CREE826022,4,51,55,1,18,19,1,29,30
BARM05301G,52,74,126,8,21,29,8,20,28
NAEE8BP024,2,50,52,1,18,19,7,15,22
VAPS026014,53,53,106,4,6,10,9,19,28
CEEE01206N,5,95,100,2,37,39,11,11,22
BAEE81301X,2,53,55,1,20,21,10,15,25
RMEE8B803X,7,66,73,2,14,16,5,22,27
RMSD060501,40,110,150,7,30,37,9,25,34
TOTD06602D,62,104,166,15,20,35,13,28,41
CNMM80702Q,9,42,51,0,12,12,6,25,31
RMMM8CX01G,5,23,28,2,7,9,8,14,22
ATEE81003A,4,51,55,3,9,12,4,30,34
CRPS01301B,26,86,112,2,2,4,7,21,28
TVEE872061,3,74,77,1,18,19,6,31,37
SSEE800079,0,48,48,0,11,11,6,25,31
CEEE877016,2,72,74,1,19,20,8,13,21
SARI064016,49,58,107,3,10,13,12,19,31
RMEE8BG012,3,43,46,1,15,16,3,16,19
BSMM85901T,7,29,36,2,7,9,1,24,25
CEPC10000A,10,37,47,1,5,6,0,0,0
CLEE02103E,1,48,49,0,9,9,6,11,17
ATEE805051,3,32,35,0,7,7,5,21,26
KREE821014,3,38,41,0,5,5,12,12,24
LOMM806035,8,30,38,1,8,9,4,24,28
UDEE830023,2,83,85,1,17,18,5,30,35
MIEE85602E,4,93,97,1,20,21,8,26,34
CEEE8AZ06B,0,57,57,0,9,9,13,12,25
BARH11000E,47,102,149,12,45,57,22,15,37
ORMM82002X,14,36,50,1,9,10,1,19,20
CHEE82402B,1,37,38,1,14,15,4,15,19
RCEE86607Q,9,59,68,3,19,22,13,16,29
SATD03701C,54,56,110,3,8,11,22,13,35
CHEE82802P,2,60,62,1,16,17,9,18,27
BOEE87302G,6,67,73,1,20,21,4,20,24
PNEE81303A,5,97,102,4,12,16,3,39,42
PDEE059007,4,81,85,0,18,18,2,25,27
CSRI022507,35,65,100,5,21,26,0,0,0
UDEE851046,2,52,54,0,14,14,5,27,32
BGEE8AC022,6,77,83,2,21,23,4,23,27
BSRI03201L,67,102,169,9,19,28,16,30,46
NAMM8CK01D,11,30,41,5,12,17,4,18,22
POEE80902A,7,49,56,1,9,10,1,25,26
NAMM8CY01C,3,37,40,1,9,10,8,13,21
CEEE8AS01B,2,44,46,0,14,14,9,14,23
MBRI06351L,50,93,143,6,23,29,0,0,0
RMEE8BX01V,3,74,77,0,24,24,5,25,30
RCEE85306L,5,79,84,3,26,29,15,17,32
NOEE813025,2,56,58,0,10,10,3,23,26
NAEE8FS02B,1,55,56,1,16,17,10,17,27
MBEE89602T,4,54,58,2,15,17,3,18,21
VAMM858012,5,29,34,2,11,13,1,18,19
PAEE057051,1,52,53,1,19,20,11,7,18
MIEE8F202T,2,86,88,0,16,16,14,17,31
FIEE839015,2,86,88,0,16,16,14,17,31
AVEE878026,1,61,62,0,16,16,11,15,26
MEEE060053,1,62,63,0,18,18,5,12,17
BAEE12403A,2,66,68,1,24,25,6,16,22
CAEE89901L,4,94,98,1,36,37,8,22,30
AQPC02101V,31,105,136,4,22,26,3,30,33
GEEE81902T,1,35,36,0,7,7,2,21,23
CAEE87601X,2,30,32,0,7,7,2,20,22
AVRI021013,48,73,121,6,15,21,11,17,28
BSTD020509,28,70,98,0,5,5,11,19,30
RMMM8CE01X,11,19,30,4,3,7,2,17,19
NOEE80702T,5,58,63,2,19,21,6,31,37
MCMM818026,3,14,17,1,1,2,4,18,22
BAEE875017,1,46,47,0,12,12,6,17,23
TVEE832019,4,67,71,1,22,23,4,23,27
CAMM829019,9,18,27,0,5,5,2,12,14
ANEE80504D,2,51,53,1,10,11,2,25,27
VAEE849018,2,80,82,0,21,21,7,21,28
MIMM8BJ014,13,32,45,4,7,11,8,20,28
MEEE89803A,4,62,66,0,11,11,5,24,29
PVMM113005,4,62,66,0,11,11,5,24,29
PAPM01802Q,41,34,75,2,4,6,12,13,25
LETD042024,71,101,172,6,28,34,15,18,33
NATF129016,58,92,150,10,33,43,18,15,33
PSMM81201P,7,34,41,2,5,7,7,24,31
SAEE8AN09G,0,38,38,0,9,9,6,18,24
GEEE83601E,3,79,82,1,25,26,3,24,27
TOMM858014,7,32,39,1,7,8,6,19,25
PETD07000X,23,59,82,3,13,16,8,16,24
ALEE80809G,4,53,57,0,10,10,5,25,30
NATF130009,74,79,153,6,17,23,26,14,40
FIEE869044,10,100,110,3,27,30,9,35,44
VIEE836032,2,37,39,0,7,7,2,18,20
CTEE816055,3,64,67,0,21,21,8,22,30
MIEE8EC034,3,64,67,0,21,21,8,22,30
CHEE80604X,2,55,57,1,18,19,6,19,25
CETD00601C,49,62,111,9,12,21,23,12,35
CZPS02000R,26,57,83,1,1,2,14,14,28
CTEE89602V,4,67,71,3,37,40,7,16,23
SOEE82001N,3,87,90,0,13,13,10,25,35
LITD00801V,3,87,90,0,13,13,10,25,35
TPPM03101L,35,118,153,6,23,29,17,22,39
RIEE82002N,1,58,59,0,12,12,1,40,41
TPEE845044,2,56,58,0,16,16,9,16,25
NUPS012012,37,53,90,2,13,15,14,33,47
BLMM832021,14,32,46,1,6,7,11,24,35
SSEE80902E,2,30,32,1,3,4,5,12,17
PEMM81902B,6,17,23,2,2,4,7,17,24
BSMM8AG01Q,7,37,44,0,4,4,2,25,27
PAMM8A601C,18,48,66,5,12,17,16,3,19
GETD00401B,51,86,137,7,26,33,8,20,28
VVEE83504R,2,60,62,0,9,9,19,15,34
MEEE87403T,4,58,62,1,19,20,11,23,34
BOEE068014,4,58,62,1,19,20,11,23,34
CZMM814022,6,14,20,1,3,4,9,8,17
AGEE85301E,8,31,39,2,8,10,14,9,23
BAEE15701G,2,59,61,2,17,19,6,15,21
MCRC01102D,27,91,118,9,39,48,10,19,29
BOTF00301V,51,109,160,7,28,35,11,28,39
REEE844052,3,84,87,1,17,18,7,28,35
FGTA01101E,51,70,121,11,26,37,20,15,35
TOEE80403V,4,57,61,0,13,13,7,31,38
VBMM812039,16,40,56,4,10,14,8,38,46
CTEE85503N,3,63,66,0,15,15,9,22,31
TAPS070008,35,80,115,3,4,7,12,21,33
RNEE81604L,3,69,72,1,19,20,7,36,43
CSMM82404V,13,18,31,2,4,6,5,17,22
RMEE8E702V,6,60,66,2,17,19,5,23,28
SIEE81002V,0,37,37,0,7,7,8,9,17
BIEE81803V,4,72,76,2,23,25,8,22,30
PZMM858032,4,21,25,3,2,5,8,15,23
VEEE85805N,3,66,69,2,12,14,5,34,39
RMPC06201P,35,123,158,0,7,7,10,28,38
NAEE8GG025,35,123,158,0,7,7,10,28,38
NAEE8BD01G,1,44,45,0,17,17,5,15,20
VIMM86101G,13,27,40,2,4,6,8,15,23
TOEE8AM03D,3,74,77,1,19,20,7,29,36
RAMM83001C,7,23,30,2,4,6,10,14,24
BGEE87303P,6,55,61,2,11,13,1,27,28
VEEE85002X,0,41,41,0,10,10,10,18,28
BSEE887013,4,53,57,0,11,11,4,24,28
TREE804032,2,61,63,0,22,22,4,26,30
CNRI016018,55,73,128,7,19,26,5,23,28
LUEE823013,1,16,17,0,3,3,0,11,11
MBEE8EY02X,1,82,83,0,19,19,3,28,31
VEMM80701G,5,28,33,0,6,6,5,19,24
TOSD02601L,75,125,200,26,36,62,11,30,41
CZEE873041,2,41,43,0,5,5,14,13,27
MCEE820038,0,26,26,0,3,3,4,26,30
NAEE036042,1,129,130,0,42,42,7,19,26
RMMM8DF01A,1,19,20,1,4,5,3,23,26
RGEE009005,3,42,45,0,7,7,5,15,20
SPEE81507A,7,115,122,2,35,37,3,44,47
RMTN02000C,21,55,76,3,10,13,9,19,28
NATN01201G,41,56,97,6,13,19,9,18,27
BGMM861019,5,31,36,0,7,7,3,25,28
VEEE83602N,2,58,60,2,14,16,5,17,22
MNEE819035,2,42,44,0,10,10,2,23,25
CERH030028,83,121,204,25,54,79,34,14,48
RMMM8G506G,83,121,204,25,54,79,34,14,48
CBEE816064,2,52,54,1,6,7,0,0,0
NAMM8C601R,8,18,26,4,8,12,9,18,27
UDEE830034,2,83,85,1,17,18,5,30,35
POMM817017,16,40,56,6,11,17,5,20,25
VVEE80309E,3,44,47,1,8,9,17,13,30
UDEE835059,2,61,63,0,11,11,0,26,26
MEEE8AD025,1,74,75,0,24,24,15,21,36
SPEE82207D,1,100,101,1,28,29,6,39,45
RCEE847025,4,62,66,0,13,13,13,17,30
MNEE805015,9,60,69,6,20,26,2,29,31
BSMM86702T,13,36,49,3,11,14,3,26,29
PAMM818025,5,19,24,0,5,5,9,8,17
SAEE8AX01V,3,81,84,0,26,26,13,18,31
BGEE892034,2,44,46,0,10,10,1,27,28
BNPS01201V,19,41,60,1,13,14,11,10,21
BLMM82203B,9,23,32,1,1,2,4,18,22
SREE85601G,2,42,44,0,11,11,15,7,22
KRMM81602L,10,20,30,1,0,1,10,7,17
ROEE811046,3,54,57,1,16,17,2,24,26
CTEE81101T,2,32,34,1,10,11,5,9,14
RCEE85903C,3,56,59,2,12,14,20,9,29
CSMM83203R,15,31,46,2,2,4,6,6,12
GEMM85701E,12,50,62,3,10,13,7,16,23
PNEE80904Q,1,45,46,0,3,3,9,29,38
TAMM85601D,5,23,28,3,5,8,5,15,20
ARMM820028,8,33,41,4,12,16,2,25,27
CSEE8AW02V,7,41,48,1,8,9,6,12,18
BGMM847013,6,21,27,0,5,5,6,14,20
ORMM82701N,15,37,52,1,14,15,3,21,24
BSPS03000P,49,102,151,1,4,5,14,19,33
MIEE8F201R,2,86,88,0,16,16,14,17,31
GEEE818044,2,22,24,0,4,4,0,0,0
TEMM83701E,12,35,47,1,12,13,9,31,40
PVEE82503N,2,91,93,2,25,27,9,32,41
ORTF02001E,77,55,132,7,11,18,14,22,36
ALEE811057,2,29,31,1,4,5,7,17,24
PAEE117039,5,101,106,0,46,46,15,11,26
CSEE8AV023,4,34,38,0,9,9,7,12,19
BGRI003014,52,80,132,8,13,21,12,22,34
CNTD040504,22,55,77,0,2,2,10,14,24
RMEE8C703P,2,92,94,2,27,29,5,23,28
MOEE81301R,2,47,49,1,7,8,1,21,22
BAMM875016,10,37,47,1,11,12,6,17,23
BIMM80001E,8,27,35,1,7,8,6,31,37
CAMM84805V,19,46,65,5,14,19,11,38,49
TAPS042015,31,76,107,2,5,7,15,21,36
PCRA002053,31,76,107,2,5,7,15,21,36
PAEE81001E,3,84,87,1,30,31,9,19,28
RGEE81401L,2,42,44,0,8,8,9,15,24
NATH01701E,37,40,77,1,8,9,14,10,24
LUMM84801A,13,47,60,1,4,5,2,32,34
LOTD003011,55,92,147,2,5,7,15,28,43
MOEE03601E,2,95,97,0,18,18,9,30,39
CATH02301D,68,56,124,5,12,17,17,19,36
RIMM806019,7,11,18,2,2,4,5,15,20
RMPS12000G,19,63,82,0,7,7,7,18,25
NASL12601D,47,107,154,2,26,28,22,16,38
GRMM81802L,5,24,29,2,5,7,5,25,30
MTEE810046,4,43,47,2,15,17,13,9,22
PDPC03000X,22,54,76,1,1,2,6,17,23
UDMM81601P,6,19,25,1,3,4,4,13,17
CSEE873023,0,30,30,0,4,4,16,5,21
SVEE813042,4,64,68,0,15,15,7,29,36
LUEE84701G,3,66,69,1,12,13,4,32,36
SAEE8BH04C,1,35,36,0,10,10,11,12,23
VAEE82104G,1,93,94,0,24,24,9,28,37
FGEE82003D,2,33,35,1,8,9,7,7,14
FIEE870048,2,104,106,1,21,22,11,32,43
CAEE046037,2,104,106,1,21,22,11,32,43
PVEE810085,1,26,27,1,4,5,11,12,23
MEEE84206D,5,56,61,1,18,19,7,26,33
BOMM85101L,11,47,58,6,8,14,7,26,33
AGEE805015,0,15,15,0,2,2,12,13,25
LEEE83605G,3,41,44,1,6,7,12,12,24
NAPS78000D,10,73,83,0,0,0,9,15,24
FOEE82502D,1,67,68,1,16,17,9,26,35
AREE836074,4,70,74,3,20,23,9,22,31
MTEE824011,0,27,27,0,4,4,5,15,20
TPRH033022,66,114,180,17,51,68,33,46,79
MIEE8EL023,4,65,69,3,22,25,4,22,26
MIPS019024,52,116,168,10,18,28,12,30,42
BATD02901T,51,120,171,11,37,48,5,26,31
RMEE701077,51,120,171,11,37,48,5,26,31
FIEE875018,6,86,92,1,19,20,6,35,41
BRMM817018,11,31,42,2,8,10,12,11,23
CAMM867014,12,31,43,1,6,7,4,18,22
BOEE068069,12,31,43,1,6,7,4,18,22
ANPC010006,40,78,118,4,14,18,11,17,28
NUTD09051C,19,51,70,3,8,11,0,0,0
ARTL01301X,46,60,106,6,8,14,12,21,33
GEEE804046,1,65,66,0,16,16,5,22,27
SSEE820018,4,54,58,1,10,11,10,25,35
PITL00301X,42,138,180,14,54,68,7,25,32
VIEE81202C,1,44,45,0,8,8,3,16,19
COMM83401Q,13,31,44,4,9,13,4,25,29
NOEE826049,13,31,44,4,9,13,4,25,29
LEMM8AB01T,10,39,49,0,13,13,11,13,24
TOEE8AE017,2,47,49,0,11,11,4,21,25
BIMM81802R,8,30,38,4,9,13,8,22,30
MIMM873016,5,20,25,3,2,5,4,18,22
CARI02252Q,46,54,100,12,25,37,0,0,0
RMMM8AL01B,2,15,17,0,2,2,2,14,16
BNMM82902Q,15,35,50,2,6,8,8,21,29
SIPM00202D,70,119,189,20,36,56,13,19,32
RATL020502,70,119,189,20,36,56,13,19,32
BSMM81704V,2,17,19,2,0,2,2,16,18
TOTF01201A,62,80,142,4,10,14,19,24,43
FREE83206X,0,68,68,0,17,17,8,28,36
BIEE81301N,9,59,68,7,19,26,7,29,36
MNEE83201D,2,29,31,1,5,6,2,20,22
VAEE879058,3,62,65,0,15,15,10,26,36
BRPC04001Q,43,100,143,5,18,23,14,11,25
FITN02901R,57,141,198,16,54,70,15,19,34
TRMM810027,6,29,35,1,8,9,2,21,23
RMRC087514,38,92,130,10,25,35,0,0,0
PSMM80901V,2,11,13,0,2,2,0,0,0
ANEE84203B,1,69,70,0,16,16,7,36,43
CZEE82404Q,4,63,67,1,14,15,14,19,33
CERI02951X,39,51,90,3,9,12,0,0,0
RMEE82901N,3,71,74,0,15,15,8,21,29
MERA011503,64,78,142,9,30,39,0,0,0
TPEE84002V,3,41,44,0,14,14,9,10,19
CZMM869026,4,28,32,0,3,3,17,17,34
BLEE82704L,1,18,19,0,4,4,5,13,18
PEMM82601D,11,46,57,3,20,23,11,25,36
GEEE862013,10,86,96,3,22,25,6,34,40
CRTF00901T,69,113,182,5,9,14,21,42,63
LETL02601G,38,55,93,6,6,12,8,13,21
PSEE82004T,3,56,59,0,16,16,7,31,38
LERF04951N,41,64,105,5,7,12,0,0,0
RGEE80501T,1,17,18,0,6,6,7,17,24
TOEE84906G,5,42,47,2,8,10,5,25,30
SREE81401D,2,40,42,1,13,14,3,20,23
SAMM8BQ029,10,23,33,2,3,5,11,9,20
RMEE8G6017,8,89,97,3,28,31,3,22,25
BGMM892011,4,19,23,1,2,3,1,27,28
REEE83701P,7,65,72,1,9,10,1,31,32
BAMM004004,7,15,22,1,2,3,0,0,0
NAMM8C4015,13,44,57,2,20,22,15,12,27
TPMM829023,24,45,69,13,18,31,23,10,33
AGEE84603D,1,48,49,0,8,8,18,13,31
PVEE829031,7,109,116,0,25,25,8,33,41
ALEE037007,2,76,78,1,14,15,4,24,28
BAEE18601G,4,69,73,1,13,14,8,20,28
RCEE80904C,3,125,128,0,41,41,13,25,38
PDEE854069,2,61,63,1,7,8,5,24,29
NAMM8EV016,10,29,39,6,8,14,10,14,24
VEMM84501A,8,27,35,0,8,8,3,17,20
MOEE82201G,5,82,87,1,18,19,7,26,33
SAPS170004,24,79,103,3,8,11,16,10,26
POPC001014,55,123,178,13,28,41,8,27,35
NAMM8FF01L,17,57,74,9,9,18,10,20,30
PRRH006017,17,57,74,9,9,18,10,20,30
PARI02801D,54,75,129,9,21,30,29,28,57
FIEE81501L,2,36,38,0,10,10,2,16,18
MEEE871018,3,61,64,1,19,20,14,12,26
CBMM82507V,11,29,40,1,12,13,10,13,23
CEMM8AZ026,13,32,45,3,7,10,13,12,25
CNEE83806L,2,55,57,0,11,11,2,25,27
NAEE88301B,2,46,48,0,15,15,10,15,25
BOEE883026,2,74,76,0,21,21,7,18,25
CATF04000P,80,98,178,11,23,34,19,26,45
NAPS00101B,33,114,147,4,20,24,23,13,36
RMEE8B501A,5,77,82,3,16,19,7,17,24
NAEE127022,2,57,59,0,20,20,10,9,19
LTEE813044,4,77,81,1,24,25,12,26,38
VIEE84003N,3,63,66,1,17,18,11,23,34
UDEE823075,2,55,57,0,5,5,5,23,28
LCEE828028,4,53,57,1,11,12,3,18,21
APRH01000N,4,53,57,1,11,12,3,18,21
VIEE85502A,1,56,57,0,14,14,11,20,31
BAMM86901V,9,33,42,1,9,10,10,14,24
MBMM85001A,12,28,40,4,5,9,1,15,16
CNEE839017,0,25,25,0,2,2,1,13,14
MIMM8A901D,20,42,62,11,8,19,6,21,27
MSSL014512,62,107,169,15,42,57,0,0,0
CHEE83504X,4,65,69,1,20,21,8,20,28
RMEE8BF016,4,38,42,1,11,12,5,16,21
PVEE814026,8,70,78,6,21,27,5,29,34
MEEE849013,1,39,40,1,6,7,13,12,25
PDEE82702R,1,53,54,0,12,12,5,15,20
TVMM832018,9,33,42,2,10,12,4,23,27
FGEE85403L,3,52,55,2,19,21,12,11,23
PDEE88102D,5,46,51,1,14,15,4,15,19
PNTL012017,47,84,131,0,5,5,12,26,38
LEMM89301E,3,29,32,1,6,7,5,17,22
CHEE82506B,1,46,47,0,6,6,3,27,30
FEMM70001N,1,46,47,0,6,6,3,27,30
LEMM810016,10,35,45,1,10,11,22,10,32
MOEE80502V,4,35,39,2,6,8,6,23,29
AREE700016,4,35,39,2,6,8,6,23,29
MTEE810024,4,43,47,2,15,17,13,9,22
AGRI02601X,58,55,113,6,8,14,25,17,42
CBEE836025,3,33,36,0,4,4,17,42,59
RMTF03301X,30,70,100,13,25,38,7,20,27
TAMM829015,7,36,43,1,8,9,12,19,31
FGMM82002B,6,19,25,0,7,7,7,7,14
RMSD060512,40,110,150,7,30,37,0,0,0
MITD041014,49,89,138,6,9,15,8,28,36
VAEE86804R,5,44,49,4,9,13,5,13,18
CZEE842038,2,35,37,0,6,6,6,15,21
RMPC280001,11,25,36,0,0,0,0,0,0
BGMM88201A,9,15,24,4,2,6,8,12,20
TAEE80602E,0,48,48,0,12,12,8,10,18
MIEE8B202B,7,61,68,2,15,17,8,19,27
AGMM83001R,15,43,58,6,9,15,14,13,27
APEE809029,1,27,28,0,3,3,2,23,25
SPMM802011,5,20,25,2,3,5,2,24,26
AVRH040011,49,116,165,8,37,45,21,24,45
SVEE818045,4,56,60,2,13,15,8,19,27
BOMM70001V,4,56,60,2,13,15,8,19,27
GEMM810019,9,31,40,2,10,12,3,16,19
BNEE81704L,9,31,40,2,10,12,3,16,19
PZMM85504G,11,17,28,0,2,2,7,17,24
TOMM82601L,6,17,23,1,5,6,5,18,23
LEEE82703P,3,62,65,0,20,20,14,16,30
FIMM875017,16,45,61,3,9,12,6,35,41
RMEE87401G,5,98,103,3,30,33,8,27,35
ARMM841018,10,19,29,2,6,8,4,23,27
SSSL030029,10,19,29,2,6,8,4,23,27
PSEE80506T,4,42,46,1,6,7,10,12,22
NUMM865022,12,15,27,1,2,3,4,20,24
MEEE88702V,0,52,52,0,17,17,5,19,24
PZRA01301D,0,52,52,0,17,17,5,19,24
BOEE17201L,4,65,69,1,13,14,5,22,27
RGEE81003B,1,43,44,0,11,11,16,17,33
TEEE821078,0,42,42,0,14,14,6,20,26
COMM824026,9,31,40,1,7,8,4,28,32
CSMM85108B,7,50,57,0,9,9,16,21,37
SSMM82010N,11,31,42,0,4,4,10,25,35
CREE812013,5,74,79,3,19,22,7,27,34
BRMM81001D,11,45,56,0,15,15,17,14,31
NOEE821013,1,74,75,0,23,23,14,19,33
MSEE82101A,3,43,46,2,11,13,4,25,29
ALEE816038,3,52,55,0,15,15,8,25,33
CSPC02201E,35,65,100,5,21,26,20,12,32
BIMM80602E,6,38,44,2,11,13,9,29,38
TOEE8A402C,4,75,79,1,23,24,3,37,40
CTEE89805N,4,75,79,1,23,24,3,37,40
RMMM8BX01T,9,22,31,2,9,11,5,25,30
PGEE023138,4,74,78,2,15,17,6,28,34
RMTD10201V,38,104,142,12,30,42,7,28,35
ANTD009012,31,93,124,3,6,9,9,20,29
PGEE84503L,0,53,53,0,17,17,5,18,23
MIMM89701P,23,57,80,13,19,32,11,24,35
VRRH020022,23,57,80,13,19,32,11,24,35
VBMM70301G,23,57,80,13,19,32,11,24,35
VTEE80805V,5,58,63,3,13,16,6,32,38
CTMM828016,6,37,43,4,13,17,8,18,26
LEEE85503V,2,34,36,1,4,5,7,15,22
TVMM832029,9,33,42,2,10,12,4,23,27
FITD03351X,37,83,120,2,7,9,0,0,0
TPTD02101R,36,44,80,12,8,20,14,19,33
VCMM808016,11,22,33,3,5,8,5,28,33
RCTF02250P,58,79,137,7,34,41,0,0,0
UDEE80902N,3,25,28,0,2,2,5,18,23
METD03301T,78,119,197,14,40,54,22,23,45
BGMM842021,11,30,41,2,5,7,2,21,23
FRMM84501Q,11,27,38,0,9,9,4,21,25
MCEE834014,1,51,52,0,16,16,9,25,34
FRMM83801L,9,15,24,2,4,6,6,22,28
CLMM82501N,17,49,66,6,14,20,11,16,27
TOEE808025,16,108,124,9,38,47,9,36,45
SAEE8AN07D,0,38,38,0,9,9,6,18,24
CTEE83803X,0,74,74,0,23,23,6,21,27
VREE837036,6,86,92,2,21,23,7,19,26
RMMM8DZ041,20,48,68,11,16,27,11,24,35
TSRC001509,46,126,172,3,23,26,0,0,0
PZMM86801E,3,15,18,0,2,2,7,16,23
CHEE806051,2,55,57,1,18,19,6,19,25
REMM84402T,9,49,58,2,9,11,7,28,35
LTRA00301C,31,90,121,3,21,24,12,19,31
VBEE813014,6,57,63,2,10,12,5,25,30
BGEE86604L,4,55,59,0,13,13,5,19,24
SOEE820092,3,87,90,0,13,13,10,25,35
ATMM810017,13,38,51,4,11,15,4,30,34
CRPC013018,26,86,112,2,2,4,7,21,28
RMEE8A701B,4,112,116,0,47,47,5,28,33
LCPC01000A,16,58,74,1,1,2,4,21,25
SSMM80902D,10,17,27,2,4,6,5,12,17
CSEE86701P,2,34,36,1,8,9,15,7,22
PEMM81903C,6,17,23,2,2,4,7,17,24
NARI10350D,30,93,123,4,33,37,0,0,0
GERC004014,51,86,137,7,26,33,8,20,28
SRMM86301N,7,30,37,1,8,9,11,14,25
BIMM02200B,7,30,37,1,8,9,11,14,25
VVMM83504Q,15,30,45,3,6,9,19,15,34
ATEE80503V,3,32,35,0,7,7,5,21,26
VATF023503,62,144,206,11,39,50,0,0,0
RCMM80201D,9,11,20,2,3,5,15,9,24
CEEE8AZ049,0,57,57,0,9,9,13,12,25
PAEE885021,1,62,63,0,25,25,11,15,26
TATD080504,27,79,106,4,16,20,19,20,39
PAMM05000X,14,74,88,4,9,13,6,15,21
NAEE8D9043,1,46,47,0,5,5,5,16,21
VEEE827063,3,66,69,1,10,11,2,23,25
PDEE05908G,4,81,85,0,18,18,2,25,27
PREE83001T,3,53,56,0,6,6,5,32,37
PVMM800027,9,28,37,4,9,13,9,26,35
UDEE84503T,4,61,65,1,6,7,6,24,30
MBRI063017,50,93,143,6,23,29,10,26,36
MBEE8AM01L,7,63,70,5,15,20,7,21,28
PAEE813023,1,67,68,1,18,19,10,16,26
SAEE8B203C,1,67,68,1,19,20,11,15,26
KREE821025,3,38,41,0,5,5,12,12,24
PDEE88101C,5,46,51,1,14,15,4,15,19
CEEE8AJ02L,1,44,45,0,11,11,11,10,21
MEEE856016,1,26,27,1,2,3,5,13,18
PRTL009017,1,26,27,1,2,3,5,13,18
AQEE84702P,1,69,70,0,16,16,7,26,33
GEEE81901R,1,35,36,0,7,7,2,21,23
CBMM83301G,8,17,25,2,4,6,7,14,21
BARH11050X,47,102,149,12,45,57,22,15,37
PVEE80501A,3,49,52,1,10,11,10,15,25
CHEE82401A,1,37,38,1,14,15,4,15,19
PIEE81201X,3,62,65,1,17,18,5,28,33
BAEE06914G,4,68,72,1,19,20,8,20,28
SATF04102B,4,68,72,1,19,20,8,20,28
RGTA008017,48,77,125,8,14,22,30,19,49
ARPS02000Q,32,96,128,1,2,3,12,29,41
AVMM81002V,4,23,27,1,5,6,6,16,22
UDEE843025,6,70,76,2,19,21,8,24,32
CAEE82903C,4,19,23,0,8,8,2,12,14
PAEE8AV03Q,4,44,48,3,13,16,11,15,26
MEEE857034,5,59,64,1,11,12,11,22,33
VAMM849017,11,40,51,0,13,13,7,21,28
RCMM821031,7,32,39,1,10,11,18,8,26
RMEE8CF01R,3,53,56,1,12,13,4,19,23
LETD042013,71,101,172,6,28,34,15,18,33
GEMM84901G,16,28,44,5,8,13,1,26,27
CSEE802065,4,36,40,0,7,7,12,11,23
PSEE81202R,3,50,53,0,12,12,7,24,31
TETF00951B,65,64,129,3,17,20,0,0,0
GEEE83603L,3,79,82,1,25,26,3,24,27
CBMM828047,9,16,25,2,6,8,3,20,23
BAEE883027,0,73,73,0,18,18,10,22,32
PETD070509,23,59,82,3,13,16,8,16,24
AVPC090015,19,58,77,0,3,3,9,15,24
REMM82902Q,9,29,38,4,3,7,3,32,35
SVEE81901T,2,55,57,2,18,20,8,22,30
ENEE81502D,1,59,60,0,19,19,10,20,30
SSEE84503P,4,58,62,0,22,22,1,26,27
PGMM870038,9,31,40,2,11,13,2,32,34
LEPM027016,9,31,40,2,11,13,2,32,34
IMMM81201C,5,25,30,3,6,9,7,21,28
BOEE862014,3,62,65,2,13,15,8,22,30
CAMM87601V,12,31,43,3,11,14,2,20,22
BSPS05000X,22,82,104,2,8,10,7,19,26
CZPM03000C,43,99,142,4,11,15,8,18,26
VEEE821042,0,76,76,0,11,11,5,29,34
NOEE821046,1,74,75,0,23,23,14,19,33
RIEE82003P,1,58,59,0,12,12,1,40,41
MSEE81304E,3,48,51,0,20,20,3,24,27
BSEE8AG02T,6,66,72,1,14,15,2,25,27
PIMM83002D,15,24,39,8,3,11,3,31,34
VIEE879041,5,71,76,4,12,16,6,24,30
KREE82401G,4,53,57,0,15,15,8,18,26
CAEE848072,2,71,73,0,15,15,11,38,49
CSMM8AW01R,7,15,22,0,4,4,6,12,18
PDEE85801B,7,15,22,0,4,4,6,12,18
RERA03050A,36,55,91,7,27,34,0,0,0
GEMM818021,1,16,17,0,2,2,0,0,0
NATF10000D,73,82,155,7,26,33,21,10,31
MIEE8BT02A,5,69,74,3,22,25,8,17,25
VIEE836043,2,37,39,0,7,7,2,18,20
BOPS00301R,51,109,160,7,28,35,11,28,39
FGTD05401V,51,109,160,7,28,35,11,28,39
CTRA053012,61,105,166,7,17,24,38,43,81
VAEE82203A,4,48,52,1,13,14,3,17,20
CTMM85502G,6,32,38,2,9,11,9,22,31
SARF073012,54,89,143,4,16,20,17,13,30
SIMM807022,9,32,41,3,9,12,6,27,33
LITD00802X,60,155,215,16,52,68,6,34,40
RMEE8E701T,6,60,66,2,17,19,5,23,28
SIMM81101L,11,29,40,2,8,10,5,26,31
FEEE82601Q,6,70,76,2,12,14,2,34,36
LOTF003017,55,92,147,2,5,7,15,28,43
VREE817031,2,52,54,1,10,11,9,14,23
BAEE027053,2,65,67,2,17,19,6,15,21
UDEE81104Q,2,44,46,1,4,5,2,24,26
RIEE80601A,1,28,29,0,5,5,5,15,20
PSEE83401L,2,72,74,0,16,16,7,31,38
CZEE84601D,2,43,45,1,8,9,10,10,20
CTMM83801R,8,34,42,1,11,12,6,21,27
NAMM8BD01E,3,19,22,3,5,8,5,15,20
BGEE87302N,6,55,61,2,11,13,1,27,28
CBEE857037,6,55,61,2,11,13,1,27,28
TOEE80402T,4,57,61,0,13,13,7,31,38
SAEE8AH01P,2,33,35,1,4,5,12,12,24
BSMM887012,11,29,40,4,5,9,4,24,28
TOEE88301T,4,67,71,1,9,10,12,26,38
RNMM81501L,6,23,29,1,9,10,6,21,27
SAEE703014,6,23,29,1,9,10,6,21,27
VREE87702G,5,65,70,4,13,17,4,19,23
NURH03004C,5,65,70,4,13,17,4,19,23
CZMM814044,6,14,20,1,3,4,9,8,17
MBEE8EY01V,1,82,83,0,19,19,3,28,31
PAMM834012,11,29,40,1,12,13,10,15,25
TOEE80401R,4,57,61,0,13,13,7,31,38
SIEE822036,8,80,88,2,24,26,3,29,32
CSEE89701E,0,24,24,0,5,5,8,21,29
TVMM82101T,7,27,34,2,5,7,7,14,21
VEEE85801D,3,66,69,2,12,14,5,34,39
CEMM8AM012,6,41,47,3,11,14,14,11,25
RMEE8DF02C,0,70,70,0,16,16,3,23,26
TEEE82505D,2,88,90,1,36,37,10,28,38
BATD02902V,51,120,171,11,37,48,5,26,31
VBMM80301C,6,22,28,1,5,6,8,16,24
BREE81702A,1,54,55,0,14,14,12,11,23
BIMM70101D,1,54,55,0,14,14,12,11,23
CNEE82802T,2,65,67,1,18,19,8,26,34
LOEE806036,3,46,49,0,10,10,4,24,28
CSRA074519,28,55,83,7,28,35,0,0,0
PZEE89601Q,4,59,63,2,8,10,5,25,30
BNRI011018,21,56,77,4,14,18,11,12,23
RMMM8G501A,4,23,27,3,7,10,3,20,23
ALEE82207Q,4,39,43,2,9,11,5,22,27
UDEE83103X,2,58,60,1,12,13,2,27,29
NAMM8G201X,12,61,73,4,17,21,11,15,26
CHEE03410C,3,43,46,0,11,11,0,0,0
CNEE863036,5,81,86,3,25,28,4,38,42
NAEE8AJ014,1,63,64,1,14,15,18,12,30
PNMM814013,4,16,20,1,3,4,2,12,14
ROEE81305V,2,41,43,2,8,10,2,18,20
CTMM81101R,5,23,28,1,7,8,5,9,14
LOEE81101G,2,59,61,0,15,15,4,24,28
BGMM846028,16,35,51,8,5,13,2,27,29
SOEE816023,0,37,37,0,9,9,2,22,24
PNEE80902N,1,45,46,0,3,3,9,29,38
BGEE8AC033,6,77,83,2,21,23,4,23,27
TAEE08301X,3,60,63,1,12,13,9,12,21
VETN016502,40,91,131,1,3,4,0,0,0
LEEE86401G,1,54,55,0,14,14,13,8,21
CARI022019,46,54,100,12,25,37,14,15,29
POEE012016,1,8,9,0,1,1,0,0,0
RCEE85205Q,5,66,71,1,10,11,10,17,27
SREE80501P,2,34,36,0,15,15,5,14,19
PAEE813012,1,67,68,1,18,19,10,16,26
ROEE81401E,2,41,43,0,11,11,4,18,22
UDEE852042,4,55,59,1,7,8,3,30,33
PAEE063047,4,66,70,0,26,26,16,7,23
RGRH020049,4,66,70,0,26,26,16,7,23
MOEE82802G,2,62,64,1,15,16,4,27,31
UDMM848027,5,33,38,1,2,3,7,25,32
TPEE82104G,3,103,106,1,29,30,21,11,32
SAMM895013,10,39,49,3,9,12,9,23,32
FREE83202Q,0,68,68,0,17,17,8,28,36
VEMM83601G,3,26,29,0,2,2,5,17,22
CSMM8AV011,10,18,28,0,6,6,7,12,19
FIPS031013,44,125,169,4,26,30,14,23,37
AQTL01950L,66,87,153,4,14,18,0,0,0
BGTF00401R,63,54,117,4,11,15,15,17,32
CBMM81603X,14,23,37,1,6,7,0,0,0
IMEE801024,8,63,71,3,12,15,7,25,32
NATD14202B,27,90,117,4,18,22,19,19,38
RMMM8C701G,2,27,29,0,9,9,5,23,28
RAMM809013,1,33,34,0,3,3,7,27,34
ATTF010529,74,89,163,9,24,33,0,0,0
PAEE819055,2,21,23,1,6,7,5,7,12
PCRC00301N,48,168,216,5,32,37,9,34,43
SVTF009517,74,112,186,8,18,26,0,0,0
BOEE87402B,6,65,71,0,17,17,7,24,31
GEEE84901L,1,48,49,0,13,13,1,26,27
AQEE85002E,1,48,49,0,13,13,1,26,27
VCEE80207E,2,29,31,0,7,7,9,23,32
CSEE873034,0,30,30,0,4,4,16,5,21
SAEE8BH02A,1,35,36,0,10,10,11,12,23
PDEE89405P,5,72,77,4,11,15,8,32,40
LETD02650D,38,55,93,6,6,12,0,0,0
SAEE8A6013,3,50,53,1,16,17,14,12,26
PSMM82001N,13,26,39,1,6,7,7,31,38
SAMM8AG03X,9,15,24,3,1,4,12,6,18
TARF041511,9,15,24,3,1,4,12,6,18
AVPS018023,34,72,106,4,16,20,15,11,26
REEE83703R,7,65,72,1,9,10,1,31,32
NATD016022,44,97,141,10,25,35,17,21,38
ENMM82103R,19,40,59,3,11,14,19,18,37
PTEE82701L,4,73,77,2,23,25,6,31,37
ALEE00702D,3,62,65,1,19,20,2,18,20
NAPS73001D,17,57,74,3,9,12,7,13,20
VAEE86301E,8,53,61,1,12,13,6,19,25
MIMM8EL011,12,26,38,8,7,15,4,22,26
TOMM887014,13,25,38,4,11,15,11,29,40
RMPS130017,35,73,108,6,9,15,9,20,29
UDMM00800Q,1,19,20,0,0,0,0,0,0
MIEE832022,17,109,126,6,28,34,7,31,38
CAEE87201L,1,49,50,0,9,9,5,24,29
MIMM8AS01T,8,29,37,4,10,14,1,27,28
UDRC01701L,57,96,153,5,21,26,15,22,37
ANPC03000B,13,46,59,3,5,8,3,12,15
FETF014014,56,87,143,8,33,41,10,24,34
NAEE88302C,2,46,48,0,15,15,10,15,25
ARTD01351V,46,60,106,6,8,14,0,0,0
GEEE804013,1,65,66,0,16,16,5,22,27
BNEE82504G,1,28,29,0,5,5,3,19,22
FGTA011532,51,70,121,11,26,37,0,0,0
MBEE8GB029,6,49,55,2,7,9,6,19,25
RMPC03201V,50,143,193,2,21,23,20,30,50
SIEE81102P,3,61,64,3,9,12,5,26,31
PDMM866019,12,45,57,1,9,10,10,22,32
APRH010503,12,45,57,1,9,10,10,22,32
CZEE859113,2,41,43,0,5,5,10,20,30
LITF011011,60,79,139,9,21,30,7,26,33
NOMM833018,4,7,11,1,0,1,8,24,32
PSEE03902T,8,85,93,3,22,25,7,23,30
TOEE87602Q,10,61,71,3,11,14,9,25,34
REMM81601L,5,10,15,0,1,1,6,14,20
RMEE8AL04G,3,29,32,1,8,9,2,14,16
ENRI01701T,43,69,112,9,13,22,22,16,38
SIRI00301C,40,85,125,6,26,32,9,18,27
RATL02000L,52,89,141,9,23,32,11,24,35
PSMM83801V,10,38,48,3,9,12,4,22,26
SIEE815022,3,33,36,0,3,3,4,30,34
RGEE83101A,0,19,19,0,3,3,8,16,24
TAMM807018,8,18,26,1,4,5,6,8,14
VEEE86503P,1,71,72,0,12,12,8,26,34
TREE81004A,4,39,43,1,8,9,2,21,23
FRRH007018,36,90,126,6,35,41,16,16,32
NAEE8AM022,1,50,51,0,7,7,16,13,29
REEE82403P,5,82,87,3,25,28,4,26,30
NAEE8B1014,5,45,50,1,15,16,10,13,23
RMEE818028,3,68,71,0,16,16,8,18,26
VREE888022,3,35,38,1,3,4,2,17,19
RMEE8GP035,2,53,55,1,14,15,3,25,28
LTEE83605T,1,45,46,0,21,21,11,13,24
CNEE85802N,2,74,76,0,29,29,4,28,32
CZEE869027,1,66,67,0,12,12,17,17,34
BNPS011024,21,56,77,4,14,18,11,12,23
LETD049517,21,56,77,4,14,18,11,12,23
UDMM835014,7,26,33,1,8,9,0,26,26
SREE81403G,2,40,42,1,13,14,3,20,23
BGEE892023,2,44,46,0,10,10,1,27,28
RCEE85901A,3,56,59,2,12,14,20,9,29
CETD02951E,39,51,90,3,9,12,0,0,0
SAPS15000V,26,90,116,1,6,7,13,18,31
BGEE847025,2,46,48,1,10,11,6,14,20
RMSD10101N,2,46,48,1,10,11,6,14,20
POPM001018,55,123,178,13,28,41,8,27,35
CEEE85403G,0,39,39,0,5,5,4,19,23
ATMM81504D,11,32,43,4,11,15,10,31,41
PRRA006013,58,102,160,8,35,43,25,41,66
AGEE85201P,2,38,40,0,13,13,14,5,19
VREE860015,2,40,42,0,8,8,5,22,27
CBEE825092,5,47,52,1,18,19,10,13,23
RCEE85204P,5,66,71,1,10,11,10,17,27
SSMM80301D,8,18,26,3,7,10,3,15,18
PAMM81501L,8,18,26,3,7,10,3,15,18
BAEE09800X,0,79,79,0,31,31,7,15,22
LTEE81401R,2,40,42,0,10,10,10,14,24
PNEE827016,0,66,66,0,8,8,3,25,28
BOEE883015,2,74,76,0,21,21,7,18,25
NAEE87501C,2,35,37,1,12,13,12,16,28
GEEE862068,10,86,96,3,22,25,6,34,40
VVEE83001E,3,37,40,0,9,9,17,9,26
PREE80904G,5,49,54,0,11,11,4,26,30
BAEE81501G,1,44,45,0,12,12,7,13,20
MIEE8FQ03T,4,83,87,1,21,22,6,29,35
NAEE8EX031,3,70,73,1,21,22,15,12,27
VVEE70101N,3,70,73,1,21,22,15,12,27
SAEE8BQ019,4,20,24,1,3,4,11,9,20
FIPM03301Q,37,83,120,2,7,9,6,16,22
UDMM857011,17,61,78,6,15,21,6,23,29
NAEE8C4016,4,76,80,0,41,41,15,12,27
TEEE83204G,2,69,71,1,28,29,3,24,27
VIEE85503B,1,56,57,0,14,14,11,20,31
BAEE87401B,3,62,65,1,20,21,6,21,27
BAEE869021,1,58,59,0,22,22,10,14,24
PAMM820036,11,21,32,2,1,3,11,10,21
NAEE8EV028,1,58,59,0,27,27,10,14,24
TOMM808013,37,53,90,13,18,31,9,36,45
CNMM833017,8,14,22,2,1,3,4,26,30
BAMM8AA017,9,42,51,4,11,15,12,17,29
MNMM81502Q,18,31,49,4,11,15,7,25,32
MEEE87107E,3,61,64,1,19,20,14,12,26
CEEE8AZ07C,0,57,57,0,9,9,13,12,25
ENMM82602V,21,45,66,3,7,10,17,18,35
SATF04401T,28,48,76,4,4,8,11,11,22
MOEE80501T,4,35,39,2,6,8,6,23,29
MIMM8A202Q,17,44,61,9,11,20,2,30,32
VCMM81201T,5,20,25,1,3,4,4,26,30
UDEE81704P,6,77,83,0,12,12,3,27,30
CAEE046059,1,59,60,0,19,19,8,16,24
RMSD06001L,1,59,60,0,19,19,8,16,24
VIMM842027,6,41,47,2,12,14,6,22,28
CZMM84001D,8,21,29,0,3,3,9,18,27
COTF00201X,81,100,181,3,8,11,18,41,59
BREE83501V,0,59,59,0,16,16,11,13,24
PDEE87402A,4,96,100,1,20,21,6,45,51
CBEE851016,2,23,25,0,5,5,0,0,0
GEEE84303Q,2,50,52,0,11,11,3,26,29
GOEE81204N,4,37,41,1,1,2,8,24,32
TAEE80601D,0,48,48,0,12,12,8,10,18
MIEE8B201A,7,61,68,2,15,17,8,19,27
LUEE815025,0,13,13,0,1,1,2,7,9
CSEE86703R,2,34,36,1,8,9,15,7,22
CSMM81802D,5,26,31,0,4,4,8,17,25
SATA06701T,48,73,121,4,23,27,21,19,40
AVEE81805N,4,68,72,2,15,17,16,20,36
CAMM82302B,8,9,17,2,1,3,7,10,17
RCEE83206G,3,55,58,1,10,11,15,15,30
SSSL030007,38,68,106,14,28,42,4,23,27
CLEE01402A,2,64,66,0,18,18,13,8,21
PAMM84502D,11,21,32,2,1,3,13,11,24
MITD03701C,44,104,148,8,25,33,6,24,30
FEEE809023,5,50,55,2,8,10,10,19,29
NUEE865045,2,22,24,0,3,3,4,20,24
MEEE88904L,0,31,31,0,8,8,4,15,19
MOTA011013,82,117,199,25,48,73,27,40,67
GESL01000P,59,167,226,15,50,65,11,29,40
LEEE81006C,3,64,67,0,12,12,22,10,32
ARRH016507,32,44,76,5,14,19,0,0,0
TOEE824056,10,51,61,4,13,17,2,34,36
ARMM700015,10,51,61,4,13,17,2,34,36
PZPC011015,43,98,141,5,13,18,16,26,42
AGRI026021,58,55,113,6,8,14,25,17,42
LUEE81403A,0,35,35,0,8,8,4,16,20
AQEE82605R,2,33,35,1,9,10,6,22,28
FIMM84501B,7,35,42,3,7,10,7,18,25
TEEE821067,0,42,42,0,14,14,6,20,26
MIPS041018,49,89,138,6,9,15,8,28,36
BLEE81301G,1,31,32,0,5,5,4,13,17
APEE80906D,1,27,28,0,3,3,2,23,25
TOEE859033,7,64,71,3,16,19,3,31,34
RMPS05101B,38,58,96,12,11,23,9,16,25
NAMM8FU011,12,47,59,5,17,22,15,18,33
REEE03800E,2,22,24,1,6,7,0,0,0
CNEE850034,1,53,54,0,14,14,5,24,29
NOEE82801T,3,54,57,2,16,18,9,25,34
RMMM8AT016,12,36,48,4,11,15,3,30,33
SAMM881026,5,13,18,2,1,3,8,11,19
VAMM879024,9,33,42,1,10,11,10,26,36
PZSD00201X,30,80,110,5,14,19,11,16,27
VRMM895013,16,32,48,6,6,12,3,21,24
TOMM86901E,1,25,26,0,7,7,2,28,30
CEMM86501V,10,28,38,5,3,8,11,10,21
RMEE8AU013,0,26,26,0,5,5,2,16,18
CSMM851036,7,50,57,0,9,9,16,21,37
MCMM817019,5,23,28,4,7,11,2,19,21
AGMM863014,3,3,6,1,0,1,15,13,28
TVEE83204C,4,67,71,1,22,23,4,23,27
VCEE80805B,4,60,64,2,20,22,5,28,33
UDEE80901L,3,25,28,0,2,2,5,18,23
BGEE842022,5,59,64,3,12,15,2,21,23
ALMM816037,12,31,43,5,8,13,8,25,33
RMTF11901E,70,102,172,10,31,41,27,22,49
FREE83803Q,1,52,53,0,17,17,6,22,28
KREE82501B,7,37,44,2,6,8,19,3,22
APEE82201P,3,54,57,0,12,12,6,33,39
RMEE8DZ086,3,83,86,0,28,28,11,24,35
PGMM84501D,6,28,34,1,9,10,5,18,23
PZEE86801G,1,36,37,1,5,6,7,16,23
VRRH02000X,43,90,133,11,27,38,13,24,37
CNEE81205B,5,57,62,3,9,12,5,28,33
NAEE14000A,3,62,65,0,25,25,13,6,19
NOPS07000Q,17,43,60,0,7,7,0,0,0
CHMM80602R,7,31,38,1,10,11,6,19,25
SIMM80802T,6,31,37,1,8,9,5,25,30
CTEE828017,1,68,69,0,28,28,8,18,26
VBEE81206D,3,78,81,2,24,26,8,38,46
PGEE03700G,2,57,59,1,21,22,5,16,21
BSMM880017,6,19,25,0,3,3,2,18,20
SOMM82002N,6,41,47,0,9,9,10,25,35
CEMM8A001P,6,23,29,2,6,8,8,15,23
CSEE857036,2,25,27,0,8,8,6,11,17
TOEE8CA026,8,49,57,5,10,15,15,22,37
LTMM820013,8,30,38,7,12,19,9,15,24
BGMM826023,15,30,45,4,5,9,3,23,26
NAEE15100R,2,83,85,1,22,23,16,11,27
RITD00801A,53,81,134,5,12,17,5,32,37
BAEE15801B,5,61,66,2,20,22,5,17,22
PTMM817011,6,22,28,5,3,8,6,15,21
VVEE83503Q,2,60,62,0,9,9,19,15,34
RERC01000P,26,65,91,4,11,15,11,22,33
MEEE87404V,4,58,62,1,19,20,11,23,34
AGMM85301D,7,20,27,0,3,3,14,9,23
NATN08401D,56,114,170,7,35,42,27,14,41
VATF02301P,62,144,206,11,39,50,23,31,54
TVEE86001D,3,55,58,0,8,8,6,20,26
VAEE822029,4,48,52,1,13,14,3,17,20
CNEE82302P,1,47,48,0,12,12,9,25,34
TARH070024,1,47,48,0,12,12,9,25,34
VEEE80602T,1,49,50,0,10,10,4,21,25
PNMM828022,13,40,53,1,7,8,2,31,33
SAPM07302T,54,89,143,4,16,20,17,13,30
ATMM810039,13,38,51,4,11,15,4,30,34
LCPS01000D,34,65,99,1,2,3,5,23,28
NAEE8D9032,1,46,47,0,5,5,5,16,21
UDEE82603C,3,54,57,3,9,12,4,27,31
PVMM800049,9,28,37,4,9,13,9,26,35
TVMM868013,14,64,78,1,12,13,10,42,52
SSEE856013,6,57,63,3,16,19,6,28,34
ANEE836023,1,48,49,1,13,14,1,29,30
VIEE86101L,1,34,35,0,8,8,8,15,23
PDMM837019,5,18,23,0,5,5,6,13,19
PAEE8AN01N,1,29,30,0,8,8,8,14,22
CRMM80002R,19,36,55,8,7,15,6,32,38
TVEE83202A,4,67,71,1,22,23,4,23,27
TOMM88301R,6,25,31,3,5,8,12,26,38
KRMM821013,15,15,30,3,2,5,12,12,24
CTEE087003,0,55,55,0,18,18,7,17,24
CEEE8AJ03N,1,44,45,0,11,11,11,10,21
NURH030008,56,71,127,6,12,18,24,33,57
PRTL00952N,56,71,127,6,12,18,24,33,57
CLTA00901P,55,84,139,12,31,43,43,19,62
CEEE8AZ027,0,57,57,0,9,9,13,12,25
CHMM824019,5,19,24,2,7,9,4,15,19
PRMM821034,5,19,24,2,7,9,4,15,19
SATA04101N,5,19,24,2,7,9,4,15,19
RGTD00801N,48,77,125,8,14,22,30,19,49
AVMM81003X,4,23,27,1,5,6,6,16,22
UDEE844043,2,54,56,0,13,13,7,19,26
PAMM8AV01L,12,57,69,6,14,20,11,15,26
MEMM857011,11,33,44,4,7,11,11,22,33
RCEE821021,0,47,47,0,11,11,18,8,26
BOEE853019,9,54,63,4,16,20,8,16,24
PDEE05906D,4,81,85,0,18,18,2,25,27
PSEE824023,4,73,77,1,23,24,5,32,37
AVRH04051A,49,116,165,8,37,45,0,0,0
TERA00802P,49,116,165,8,37,45,0,0,0
AQMM82002N,3,12,15,0,0,0,7,11,18
MIMM8CW014,27,71,98,6,19,25,10,18,28
BOMM82601X,13,24,37,2,3,5,4,21,25
LEEE82702N,13,24,37,2,3,5,4,21,25
NAEE8AB02A,3,29,32,2,5,7,3,8,11
AREE84102A,6,46,52,2,13,15,4,23,27
VAEE858035,1,47,48,1,16,17,1,18,19
SVEE820012,2,71,73,1,26,27,4,21,25
PGEE870039,2,57,59,0,18,18,2,32,34
BGEE80603X,0,44,44,0,6,6,6,20,26
BAEE805022,0,44,44,0,6,6,6,20,26
SIRA00901Q,47,72,119,14,20,34,21,15,36
TVMM88003Q,8,35,43,0,11,11,7,25,32
FOEE806013,2,26,28,0,2,2,4,24,28
AREE820018,3,58,61,1,14,15,2,25,27
CAEE882039,1,47,48,0,20,20,2,20,22
NAEE8E702X,1,60,61,0,20,20,12,21,33
AVPS02101T,48,73,121,6,15,21,11,17,28
FEMM815018,10,31,41,3,5,8,6,28,34
RMMM8G505E,10,31,41,3,5,8,6,28,34
PIRI02000G,55,98,153,8,38,46,17,16,33
BSPS070005,33,76,109,0,0,0,8,25,33
ALEE82206P,4,39,43,2,9,11,5,22,27
NATD02152V,50,100,150,4,20,24,0,0,0
RMTD08401E,49,113,162,2,32,34,19,17,36
SVRH00702V,41,89,130,8,33,41,16,24,40
VVMM803048,12,34,46,1,4,5,17,13,30
BAEE056053,1,56,57,0,22,22,5,15,20
MEEE8AC06D,4,41,45,1,12,13,8,21,29
BSEE808045,2,44,46,1,5,6,7,16,23
MIMM8D601T,6,17,23,2,6,8,4,14,18
ARSD06000L,46,142,188,9,42,51,0,0,0
TPEE83303R,2,42,44,0,16,16,9,16,25
VTPS01302Q,2,42,44,0,16,16,9,16,25
CLMM807025,7,21,28,0,7,7,7,13,20
NAMM8AJ013,9,51,60,5,19,24,18,12,30
VVMM81501B,13,16,29,0,2,2,9,14,23
NUEE872015,4,43,47,3,11,14,6,22,28
VIMM88704V,6,18,24,1,1,2,5,25,30
LETL04201D,71,101,172,6,28,34,15,18,33
VIMM87902T,27,46,73,9,7,16,6,24,30
PIEE83005N,0,65,65,0,16,16,3,31,34
PETD03051X,28,43,71,3,12,15,9,9,18
GEMM81901Q,6,32,38,2,8,10,2,21,23
TRPM01000Q,32,95,127,4,20,24,2,25,27
NATF05000N,47,75,122,6,14,20,16,18,34
PAMM8AA019,9,27,36,3,12,15,11,14,25
VIMM83602X,10,27,37,1,5,6,2,18,20
SAMM8BJ01D,11,22,33,3,5,8,7,12,19
VITD00752P,74,101,175,14,32,46,0,0,0
CAEE88402X,1,9,10,0,0,0,4,13,17
BNMM84401R,4,25,29,1,5,6,3,24,27
TOEE852027,1,36,37,0,6,6,6,16,22
VTEE813016,1,39,40,0,12,12,11,15,26
LIRI00950C,51,67,118,3,21,24,0,0,0
TPPC032018,38,92,130,4,10,14,20,17,37
CNEE84503L,2,42,44,1,8,9,3,20,23
FEEE82604V,6,70,76,2,12,14,2,34,36
ALEE83704A,2,50,52,0,12,12,6,27,33
LOTF004013,62,100,162,3,10,13,11,38,49
BAEE02700T,2,65,67,2,17,19,6,15,21
VTEE82302T,1,26,27,0,8,8,4,21,25
BSEE8AG01R,6,66,72,1,14,15,2,25,27
UDEE81102N,2,44,46,1,4,5,2,24,26
CTEE84202E,2,59,61,1,29,30,8,15,23
CAMM84803R,19,46,65,5,14,19,11,38,49
CZMM84601C,7,20,27,1,3,4,10,10,20
RMEE8DZ02X,3,83,86,0,28,28,11,24,35
BSEE894049,2,52,54,1,6,7,5,19,24
MIEE82502V,12,93,105,3,21,24,10,23,33
LTMM85001V,11,51,62,2,19,21,12,25,37
GRMM81102T,15,28,43,3,8,11,4,24,28
APMM83401X,13,33,46,2,7,9,7,34,41
VERH030508,53,82,135,12,24,36,8,26,34
FREE86002X,1,65,66,0,29,29,2,25,27
TEMM82301L,8,11,19,4,1,5,4,15,19
SVEE813031,4,64,68,0,15,15,7,29,36
MCTD01101Q,27,91,118,9,39,48,10,19,29
PZMM85902R,11,16,27,1,2,3,7,17,24
FGRC05450X,26,38,64,3,13,16,0,0,0
TOEE137089,6,43,49,0,8,8,7,23,30
SIEE82301X,2,28,30,1,7,8,2,14,16
NUEE83505A,1,32,33,0,6,6,4,20,24
PZEE858011,3,36,39,1,5,6,8,15,23
CSEE89703L,0,24,24,0,5,5,8,21,29
VEMM868013,14,48,62,3,13,16,7,30,37
CSEE8AJ05V,4,47,51,1,11,12,16,14,30
TEMM825029,10,44,54,2,15,17,10,28,38
NAEE8BC01Q,2,19,21,0,5,5,8,8,16
CREE80605X,1,49,50,1,5,6,5,25,30
ANPC040002,16,62,78,2,10,12,7,18,25
CSRH074014,16,62,78,2,10,12,7,18,25
RMEE8GE02C,4,68,72,1,21,22,6,20,26
GEEE804024,1,65,66,0,16,16,5,22,27
RMMM8EZ01C,17,58,75,5,18,23,6,18,24
VEEE80601R,1,49,50,0,10,10,4,21,25
MNPS003012,32,68,100,5,5,10,8,19,27
TOTF02750C,32,68,100,5,5,10,8,19,27
CNMM863013,17,38,55,7,7,14,4,38,42
PNEE814014,2,33,35,1,6,7,2,12,14
PAEE03207P,2,45,47,1,12,13,7,8,15
BGEE8AC011,6,77,83,2,21,23,4,23,27
MIEE8FA011,8,99,107,2,24,26,7,25,32
POMM81001C,8,38,46,1,7,8,6,22,28
CEMM8AS01A,11,29,40,2,7,9,9,14,23
RMMM8F8017,15,48,63,5,20,25,8,21,29
VBEE80301D,1,31,32,1,6,7,8,16,24
CNEE819034,3,50,53,1,12,13,10,21,31
RCMM85202G,14,31,45,3,6,9,10,17,27
PVMM801023,16,27,43,8,8,16,8,19,27
TOTF013016,72,100,172,22,27,49,19,27,46
CTEE087025,0,55,55,0,18,18,7,17,24
FREE84203B,3,76,79,0,34,34,7,25,32
TPMM82101B,13,32,45,4,14,18,21,11,32
PRTL009028,13,32,45,4,14,18,21,11,32
VEEE83601L,2,58,60,2,14,16,5,17,22
PAEE8BC01L,3,77,80,3,36,39,11,13,24
AQTD019506,66,87,153,4,14,18,0,0,0
CBMM81601T,14,23,37,1,6,7,0,0,0
UDMM83102T,7,23,30,4,5,9,2,27,29
LIEE00701Q,7,23,30,4,5,9,2,27,29
TRMM810038,6,29,35,1,8,9,2,21,23
CHTD021017,16,49,65,0,16,16,1,0,1
POEE817018,4,54,58,0,13,13,5,20,25
MITF092017,59,59,118,9,8,17,9,27,36
LCMM823013,14,50,64,4,13,17,6,43,49
UDEE844021,2,54,56,0,13,13,7,19,26
PAEE8AV02P,4,44,48,3,13,16,11,15,26
VAEE84801C,1,56,57,0,20,20,9,10,19
GRMM82701A,10,22,32,1,7,8,7,16,23
BLEE82201A,2,46,48,0,6,6,4,18,22
KRMM81601G,10,20,30,1,0,1,10,7,17
RAEE81003A,8,66,74,1,22,23,4,30,34
MIPS25000Q,30,56,86,0,2,2,6,16,22
AVPC040003,10,37,47,0,3,3,0,0,0
RMEE899021,3,52,55,1,15,16,7,17,24
UDEE85201V,4,55,59,1,7,8,3,30,33
RGRH020005,63,77,140,13,28,41,36,34,70
UDEE84804A,2,63,65,0,20,20,7,25,32
AVMM864016,10,35,45,3,9,12,9,20,29
CSMM864027,3,14,17,0,2,2,12,7,19
BOEE82702T,5,43,48,3,7,10,2,22,24
BLEE82601N,3,17,20,0,3,3,9,14,23
AVEE861061,2,53,55,0,8,8,15,18,33
PEEE82702B,3,27,30,1,7,8,5,17,22
MIMM8EC022,3,27,30,1,7,8,5,17,22
BGEE85201G,5,64,69,1,15,16,5,19,24
CZPC060004,11,47,58,1,5,6,9,13,22
PSEE82102G,4,57,61,1,15,16,4,22,26
MSEE014007,4,57,61,1,15,16,4,22,26
IMMM81601Q,11,27,38,5,7,12,6,28,34
TOMM849019,10,20,30,2,4,6,5,25,30
NATD14252R,27,90,117,4,18,22,0,0,0
MIEE8D701P,13,81,94,6,23,29,3,30,33
MEEE83201N,1,53,54,0,5,5,9,18,27
RMEE8G7035,4,52,56,3,15,18,2,20,22
NAMM8DZ01V,10,35,45,2,7,9,15,12,27
AVRH01801Q,10,35,45,2,7,9,15,12,27
NARC01601N,44,97,141,10,25,35,17,21,38
SVTF00901T,74,112,186,8,18,26,17,35,52
ENEE82102R,4,65,69,1,14,15,19,18,37
FIEE85101Q,3,59,62,0,12,12,6,16,22
SSEE85101X,2,75,77,0,27,27,9,28,37
PTMM82701G,13,34,47,4,10,14,6,31,37
MOEE03703C,7,79,86,0,16,16,5,21,26
MEEE83303G,3,57,60,0,16,16,9,24,33
CAMM83004L,19,31,50,5,9,14,9,22,31
MTMM83501A,12,37,49,4,10,14,15,14,29
RMPS130006,35,73,108,6,9,15,9,20,29
ATEE81504E,4,49,53,0,12,12,10,31,41
PATL026518,39,87,126,5,25,30,0,0,0
MIMM8AT02P,8,14,22,2,3,5,0,16,16
CEMM89401V,20,72,92,8,26,34,27,12,39
FGRI01101A,51,70,121,11,26,37,20,15,35
BSMM85301V,7,24,31,2,4,6,6,17,23
LTEE813055,4,77,81,1,24,25,12,26,38
MNEE82301P,1,38,39,0,9,9,5,19,24
PAEE8A501N,7,88,95,3,32,35,15,14,29
RMEE83801C,6,66,72,3,21,24,3,24,27
SIEE81103Q,3,61,64,3,9,12,5,26,31
COEE809069,3,54,57,0,12,12,6,20,26
BORI02451C,49,68,117,8,17,25,0,0,0
PDEE86604D,2,77,79,0,22,22,10,22,32
BSEE828028,2,77,79,0,22,22,10,22,32
APRI03000A,2,77,79,0,22,22,10,22,32
VRMM81702V,7,16,23,2,2,4,9,14,23
CAEE088017,3,51,54,0,15,15,4,17,21
NAPS73000C,17,57,74,3,9,12,7,13,20
RMEE8FU022,2,86,88,0,16,16,4,23,27
SPEE801027,2,33,35,0,9,9,2,21,23
VAMM86301D,15,33,48,8,9,17,6,19,25
TPMM044004,15,33,48,8,9,17,6,19,25
CNMM839016,5,16,21,4,1,5,1,13,14
PSEE03901R,8,85,93,3,22,25,7,23,30
VIPM010008,35,100,135,1,2,3,10,28,38
CAMM895018,12,37,49,2,12,14,7,14,21
UDMM021006,3,14,17,0,0,0,0,0,0
CTPC01000A,25,62,87,1,9,10,12,14,26
FIEE82903L,3,70,73,1,17,18,3,27,30
VAEE815037,0,31,31,0,5,5,3,14,17
ENPC018019,28,62,90,2,13,15,18,8,26
PGEE06003Q,2,81,83,0,19,19,0,29,29
CAMM87201G,7,25,32,0,11,11,5,24,29
RMMM80701Q,9,70,79,5,27,32,13,28,41
BOEE068003,9,70,79,5,27,32,13,28,41
SIMM81501X,7,21,28,0,5,5,4,30,34
CZEE844052,2,43,45,0,8,8,12,20,32
FERI014017,56,87,143,8,33,41,10,24,34
TOEE82502V,4,42,46,0,11,11,4,21,25
VEMM875016,10,48,58,3,9,12,4,28,32
FRRA007014,36,90,126,6,35,41,16,16,32
CZEE863017,2,40,42,0,6,6,7,10,17
NAMM8AM018,10,38,48,0,7,7,16,13,29
RMEE81003P,5,61,66,1,23,24,8,14,22
CZEE84002G,2,50,52,0,16,16,9,18,27
NAEE812019,2,64,66,0,16,16,8,22,30
PSPS01000G,38,55,93,0,1,1,5,26,31
PNPC011012,38,55,93,0,1,1,5,26,31
TOMM87601N,16,34,50,4,14,18,9,25,34
BSTF01101C,80,100,180,7,7,14,19,19,38
BSMM802012,6,17,23,1,1,2,4,18,22
MIRH038016,79,134,213,10,40,50,18,33,51
CNEE828051,2,65,67,1,18,19,8,26,34
CSRI07302R,52,80,132,8,30,38,24,15,39
MNMM83201C,7,15,22,2,3,5,2,20,22
PZRH01650D,41,62,103,1,9,10,0,0,0
CSMM88701V,12,34,46,1,7,8,18,13,31
BNSL011021,21,56,77,4,14,18,11,12,23
RMMM87501A,10,35,45,4,14,18,6,21,27
PCEE819027,4,25,29,1,1,2,8,17,25
VEEE86505R,1,71,72,0,12,12,8,26,34
CEEE8AD046,2,82,84,0,18,18,16,16,32
TEMM821033,8,15,23,3,1,4,6,20,26
UDEE835037,2,61,63,0,11,11,0,26,26
RMEE8GM02L,2,114,116,1,32,33,6,23,29
SSMM820017,11,31,42,0,4,4,10,25,35
CNEE863047,5,81,86,3,25,28,4,38,42
PAPC01000V,49,129,178,16,25,41,21,17,38
CNEE819012,3,50,53,1,12,13,10,21,31
ROEE81302Q,2,41,43,2,8,10,2,18,20
PNMM819016,6,18,24,1,4,5,1,18,19
CSEE88303P,2,39,41,1,12,13,7,16,23
PGEE02302Q,4,74,78,2,15,17,6,28,34
RMSD10102P,17,85,102,4,27,31,4,26,30
BGMM847024,6,21,27,0,5,5,6,14,20
SAEE8BW01N,1,9,10,0,3,3,9,11,20
BGSL00201X,30,55,85,2,8,10,5,19,24
VRMM860014,8,17,25,1,3,4,5,22,27
CNEE85804Q,2,74,76,0,29,29,4,28,32
TOEE8BW01N,6,95,101,4,31,35,6,38,44
CNEE814086,3,28,31,1,6,7,6,21,27
RCEE85203N,5,66,71,1,10,11,10,17,27
TOEE8CH032,8,81,89,4,20,24,5,30,35
PAEE81501N,8,81,89,4,20,24,5,30,35
BAEE098011,0,79,79,0,31,31,7,15,22
PNEE828034,2,75,77,0,13,13,2,31,33
PREE80903E,5,49,54,0,11,11,4,26,30
BGRI004519,63,54,117,4,11,15,0,0,0
RIEE82503T,5,80,85,2,24,26,5,32,37
POMM818013,6,42,48,2,10,12,4,25,29
VVMM033001,4,9,13,0,3,3,0,0,0
SAEE8BQ02A,4,20,24,1,3,4,11,9,20
BREE03003V,4,20,24,1,3,4,11,9,20
BGEE89301T,9,59,68,3,15,18,0,26,26
TPTL021017,36,44,80,12,8,20,14,19,33
UDEE857034,8,73,81,4,26,30,6,23,29
TEEE82801R,3,50,53,1,22,23,4,23,27
RCMM809018,13,62,75,4,15,19,13,25,38
VEEE84501B,4,39,43,1,8,9,3,17,20
MOEE82204P,5,82,87,1,18,19,7,26,33
NAMM85301E,15,33,48,4,7,11,12,12,24
AQEE85003G,4,92,96,3,27,30,5,33,38
PATD011503,56,88,144,8,16,24,0,0,0
VAMM83303Q,10,34,44,2,13,15,5,24,29
SAPS120003,27,82,109,0,3,3,12,19,31
CHEE84303T,3,97,100,0,36,36,6,26,32
POPS002013,66,127,193,13,37,50,14,25,39
PRRH006028,58,102,160,8,35,43,25,41,66
MEEE878035,1,28,29,0,3,3,8,14,22
RAMM816016,4,22,26,3,3,6,6,19,25
ALEE82702N,2,59,61,0,23,23,3,22,25
AVEE86101Q,2,53,55,0,8,8,15,18,33
CEMM877015,10,41,51,2,14,16,8,13,21
SAMM84601T,6,17,23,2,1,3,8,11,19
BORC00302A,51,109,160,7,28,35,11,28,39
SSEE84809C,9,82,91,0,20,20,5,33,38
RMEE8B6016,3,86,89,1,29,30,7,22,29
MIEE8FQ01Q,4,83,87,1,21,22,6,29,35
VIEE85401D,2,35,37,1,7,8,5,20,25
CEMM8A603Q,13,40,53,2,7,9,9,23,32
SAEE010004,3,59,62,0,18,18,8,13,21
CAEE80703G,1,65,66,0,23,23,10,18,28
IMEE816051,2,74,76,0,18,18,6,28,34
CTEE8AC02E,2,74,76,0,18,18,6,28,34
TOTD067018,36,96,132,4,21,25,16,28,44
COTD00201N,81,100,181,3,8,11,18,41,59
GOEE81203L,4,37,41,1,1,2,8,24,32
FRMM466008,4,37,41,1,1,2,8,24,32
NUTD01201T,37,53,90,2,13,15,14,33,47
TEEE83202D,2,69,71,1,28,29,3,24,27
BOEE83601G,4,38,42,0,5,5,3,21,24
BLPS00302E,21,35,56,1,3,4,8,14,22
BAMM87402B,11,21,32,2,3,5,6,21,27
CSMM86701N,5,22,27,0,4,4,15,7,22
PEEE81901B,0,39,39,0,11,11,7,17,24
CSEE81804L,1,44,45,0,11,11,8,17,25
RMPS160002,22,66,88,1,2,3,2,26,28
VRMM709012,22,66,88,1,2,3,2,26,28
SARC067022,48,73,121,4,23,27,21,19,40
RCMM83203B,12,22,34,5,4,9,15,15,30
TSEE80803R,12,22,34,5,4,9,15,15,30
PAEE84503G,2,40,42,1,3,4,13,11,24
AVPS00306D,32,39,71,2,7,9,13,10,23
AGEE82408T,4,60,64,1,9,10,19,10,29
LEEE810028,3,64,67,0,12,12,22,10,32
SAPS04401Q,28,48,76,4,4,8,11,11,22
MTEE80901V,28,48,76,4,4,8,11,11,22
VREE86701X,3,48,51,0,12,12,1,20,21
MIEE8AU01E,10,68,78,5,17,22,7,21,28
AQEE82603P,2,33,35,1,9,10,6,22,28
PGMM86401V,7,28,35,3,11,14,6,20,26
CTEE881036,5,74,79,2,28,30,10,25,35
BSTD03101B,59,112,171,15,36,51,20,30,50
LEEE895017,3,37,40,0,12,12,14,12,26
FRMM828012,8,15,23,1,3,4,1,24,25
RMTA05202N,8,15,23,1,3,4,1,24,25
MCMM81001E,10,33,43,2,8,10,8,22,30
BSEE85902X,4,51,55,1,11,12,1,24,25
ISPS012017,25,56,81,0,1,1,6,22,28
BOMM85801B,14,37,51,2,9,11,8,25,33
AVEE878015,1,61,62,0,16,16,11,15,26
NUMM865055,12,15,27,1,2,3,4,20,24
SIMM815021,7,21,28,0,5,5,4,30,34
ENTD021014,61,98,159,11,18,29,19,16,35
GESL010504,59,167,226,15,50,65,11,29,40
PIEE82601T,3,62,65,1,19,20,4,24,28
VIMM87001A,9,32,41,1,4,5,4,25,29
MCMM81601D,9,24,33,2,6,8,2,19,21
PZPS00102P,28,82,110,0,8,8,15,18,33
LUEE814029,0,35,35,0,8,8,4,16,20
CEEE86501X,3,49,52,2,22,24,11,10,21
CSEE85110G,4,61,65,0,17,17,16,21,37
AVEE81201E,4,59,63,2,22,24,6,21,27
BNMM83801D,7,28,35,0,8,8,8,17,25
CZEE83903C,7,62,69,1,15,16,11,18,29
APEE82203R,3,54,57,0,12,12,6,33,39
ANTD00951B,31,93,124,3,6,9,0,0,0
FGEE06001V,0,39,39,0,14,14,5,9,14
SVEE820045,2,71,73,1,26,27,4,21,25
VRRH020011,43,90,133,11,27,38,13,24,37
PVEE82404V,6,67,73,4,13,17,7,26,33
CNEE81206C,5,57,62,3,9,12,5,28,33
TVEE88004T,2,58,60,0,9,9,7,25,32
TOMM8B2019,12,36,48,6,7,13,8,23,31
VEMM83501Q,5,21,26,1,3,4,2,16,18
VTMM80803Q,11,35,46,4,5,9,6,32,38
VREE895014,5,51,56,1,14,15,3,21,24
MEEE89702D,2,73,75,1,22,23,10,18,28
BSPM027011,72,95,167,5,20,25,18,29,47
BNTD01350V,42,74,116,5,8,13,0,0,0
VCMM808027,11,22,33,3,5,8,5,28,33
TOEE8CA015,8,49,57,5,10,15,15,22,37
KRMM82502B,13,13,26,2,2,4,19,3,22
NAEE15102V,2,83,85,1,22,23,16,11,27
PNEE82002C,3,47,50,3,7,10,0,19,19
PDEE859028,0,35,35,0,7,7,4,14,18
RERC010504,26,65,91,4,11,15,11,22,33
SRMM703015,26,65,91,4,11,15,11,22,33
NATF040003,87,77,164,10,9,19,23,19,42
AGEE855049,2,53,55,1,8,9,22,8,30
MCTA009019,40,62,102,4,13,17,23,39,62
TVMM86001C,10,30,40,3,4,7,6,20,26
CZEE86802B,2,42,44,0,10,10,7,15,22
REEE844041,3,84,87,1,17,18,7,28,35
VAMM822017,11,18,29,3,4,7,3,17,20
BGEE812015,6,79,85,3,25,28,6,28,34
PNMM828011,13,40,53,1,7,8,2,31,33
PGEE03702N,2,57,59,1,21,22,5,16,21
CAMM84802Q,19,46,65,5,14,19,11,38,49
VVMM825012,7,17,24,2,3,5,9,8,17
FEMM82601P,12,44,56,0,13,13,2,34,36
BAEE869032,1,58,59,0,22,22,10,14,24
REMM133007,1,58,59,0,22,22,10,14,24
NAEE8EV017,1,58,59,0,27,27,10,14,24
NAEE8GH032,2,50,52,0,17,17,9,11,20
NAEE85302L,1,34,35,1,15,16,12,12,24
RMEE8EL01E,4,82,86,1,26,27,4,19,23
CNEE83201C,2,27,29,1,8,9,2,15,17
PREE81503T,1,46,47,0,10,10,5,21,26
BAEE15803D,5,61,66,2,20,22,5,17,22
BAEE8AA018,2,63,65,0,27,27,12,17,29
TOEE80404X,4,57,61,0,13,13,7,31,38
CNMM80203N,5,22,27,0,5,5,3,27,30
ANEE82001C,3,83,86,0,35,35,2,29,31
FGEE099015,2,66,68,0,24,24,12,8,20
MEEE874072,4,58,62,1,19,20,11,23,34
METH01000T,56,52,108,3,4,7,8,21,29
NURH03002A,56,71,127,6,12,18,24,33,57
NATD08401G,56,114,170,7,35,42,27,14,41
RCEE80201E,2,25,27,1,4,5,15,9,24
CLRH00950B,55,84,139,12,31,43,0,0,0
PAEE88501X,1,62,63,0,25,25,11,15,26
PREE821046,1,62,63,0,25,25,11,15,26
SOEE81803Q,2,51,53,0,9,9,3,21,24
BAMM853019,3,17,20,1,4,5,13,13,26
MNEE827067,4,51,55,1,17,18,1,29,30
BOMM853029,4,51,55,1,17,18,1,29,30
FEEE808027,3,62,65,2,13,15,7,25,32
AVPS12000T,35,83,118,1,0,1,12,29,41
UDMM85201T,14,31,45,2,5,7,3,30,33
CAEE82301B,0,27,27,0,7,7,7,10,17
FIEE839037,7,47,54,1,8,9,8,25,33
FEEE809012,5,50,55,2,8,10,10,19,29
LOMM806024,8,30,38,1,8,9,4,24,28
MNEE83904B,6,62,68,3,19,22,3,30,33
FOEE806046,2,26,28,0,2,2,4,24,28
NAEE8DV04Q,2,26,28,0,2,2,4,24,28
LUMM823012,5,8,13,0,1,1,0,11,11
PAMM846018,16,31,47,3,7,10,17,15,32
VTTD070514,16,31,47,3,7,10,17,15,32
BGEE889016,4,47,51,1,14,15,2,17,19
MBMM89601Q,3,18,21,0,6,6,3,18,21
ALEE82203G,4,39,43,2,9,11,5,22,27
RMTD087012,38,92,130,10,25,35,13,19,32
FIEE84502D,6,40,46,2,5,7,7,18,25
BSEE808012,2,44,46,1,5,6,7,16,23
SATF04101A,53,51,104,10,17,27,19,13,32
ARTF02000T,96,119,215,9,25,34,15,36,51
RCEE815147,6,61,67,3,14,17,13,19,32
RCMM82101V,7,32,39,1,10,11,18,8,26
BOEE81401P,4,72,76,2,20,22,4,29,33
NUEE872059,4,43,47,3,11,14,6,22,28
VIEE887051,4,27,31,0,5,5,5,25,30
LERC039021,4,27,31,0,5,5,5,25,30
BOMM365005,4,27,31,0,5,5,5,25,30
MIEE8CW015,4,42,46,0,9,9,10,18,28
PETD03000D,28,43,71,3,12,15,9,9,18
MBEE89202E,0,59,59,0,13,13,11,19,30
BSPC020001,19,68,87,0,1,1,8,14,22
PGEE87005B,2,57,59,0,18,18,2,32,34
BAEE817028,2,57,59,0,18,18,2,32,34
LEMM86401E,5,24,29,1,6,7,13,8,21
PAEE8AA01A,4,64,68,1,29,30,11,14,25
AREE820029,3,58,61,1,14,15,2,25,27
NUEE87103B,4,55,59,1,11,12,8,20,28
BSPS11000A,66,94,160,2,3,5,14,29,43
TOEE852016,1,36,37,0,6,6,6,16,22
BAEE05600T,1,56,57,0,22,22,5,15,20
VETD01201C,38,80,118,6,15,21,6,23,29
SSEE01101E,2,20,22,1,7,8,0,0,0
ALEE837039,2,50,52,0,12,12,6,27,33
BSEE8AH03P,5,68,73,0,11,11,4,30,34
VIEE87902V,5,71,76,4,12,16,6,24,30
RMMM8AX017,13,27,40,5,9,14,1,26,27
RMEE82801T,3,57,60,1,12,13,8,19,27
VREE837025,6,86,92,2,21,23,7,19,26
MIEE82503X,12,93,105,3,21,24,10,23,33
LTEE85102R,2,72,74,0,37,37,4,23,27
AGRI02101R,59,93,152,8,17,25,24,19,43
GEEE81903V,1,35,36,0,7,7,2,21,23
FRMM81603T,4,23,27,2,5,7,7,26,33
APEE834022,2,73,75,1,21,22,7,34,41
RMEE8FH018,7,92,99,3,32,35,4,24,28
MIMM8BT018,8,31,39,5,6,11,8,17,25
FGPC052018,22,40,62,4,6,10,12,8,20
CAMM88401T,13,41,54,4,12,16,4,13,17
TVEE88102G,3,81,84,1,14,15,8,21,29
TOEE70601G,3,81,84,1,14,15,8,21,29
BSEE880029,3,51,54,0,9,9,2,18,20
MCMM80601V,2,16,18,1,0,1,5,13,18
RIEE80606G,1,28,29,0,5,5,5,15,20
NAEE83002X,0,44,44,0,18,18,6,11,17
BSMM894026,9,23,32,2,2,4,5,19,24
PATF02701E,81,105,186,10,26,36,28,21,49
CNEE83803D,2,55,57,0,11,11,2,25,27
NAEE885013,0,49,49,0,18,18,6,13,19
BOEE846049,5,65,70,1,18,19,7,20,27
RNEE01805A,4,48,52,0,13,13,1,24,25
CNEE82305T,1,47,48,0,12,12,9,25,34
BGMM834022,8,26,34,3,3,6,0,18,18
VEMM80601Q,9,19,28,0,2,2,4,21,25
TARH070002,59,90,149,12,36,48,16,19,35
BAMM85601R,7,28,35,1,15,16,4,18,22
PAEE8A502P,7,88,95,3,32,35,15,14,29
TOPM027013,66,99,165,11,19,30,13,28,41
TOMM8AF023,7,45,52,1,9,10,8,29,37
REEE850037,2,82,84,1,18,19,7,20,27
PTEE824048,2,58,60,1,14,15,6,24,30
SPEE81104X,3,32,35,1,7,8,2,17,19
CSMM89701D,19,62,81,3,6,9,8,21,29
PAEE03201C,2,45,47,1,12,13,7,8,15
TPMM05400P,2,45,47,1,12,13,7,8,15
NARC061511,61,142,203,11,52,63,0,0,0
PSEE01513T,3,102,105,2,41,43,6,18,24
TVEE868047,7,116,123,1,27,28,10,42,52
AVEE880015,2,60,62,0,18,18,11,19,30
VAMM815047,4,23,27,2,5,7,3,14,17
CNEE818049,1,36,37,0,8,8,9,19,28
ENPS01801C,28,62,90,2,13,15,18,8,26
MEEE848017,4,47,51,3,7,10,9,18,27
PIEE83502N,5,87,92,3,28,31,5,32,37
NAEE220024,2,56,58,1,20,21,11,11,22
CEMM70201V,2,56,58,1,20,21,11,11,22
PRMM00600X,7,28,35,1,3,4,0,0,0
MTEE810013,4,43,47,2,15,17,13,9,22
PVMM806037,14,23,37,4,7,11,7,20,27
CZEE86202C,0,40,40,0,12,12,5,9,14
UDEE831041,2,58,60,1,12,13,2,27,29
FGMM81603R,3,28,31,0,6,6,4,12,16
NAMM8G1014,7,52,59,1,9,10,9,16,25
RGPS00801T,48,77,125,8,14,22,30,19,49
BLEE82205E,2,46,48,0,6,6,4,18,22
NAEE16604P,2,58,60,1,12,13,9,9,18
LOEE81002R,9,63,72,5,10,15,8,22,30
APMM809039,2,12,14,0,2,2,2,23,25
PIEE81901P,1,83,84,0,30,30,7,31,38
VREE888011,3,35,38,1,3,4,2,17,19
BGEE8AD02T,1,66,67,0,12,12,5,27,32
BAEE85201E,0,58,58,0,22,22,9,12,21
MIEE8FA033,8,99,107,2,24,26,7,25,32
BSPS01103C,80,100,180,7,7,14,19,19,38
CTEE89801D,2,67,69,0,31,31,2,22,24
AVPC02000T,15,41,56,0,2,2,4,14,18
UDMM85202V,14,31,45,2,5,7,3,30,33
RGRH020038,63,77,140,13,28,41,36,34,70
ENMM81502C,13,42,55,1,10,11,10,20,30
VVMM80702D,10,16,26,0,3,3,12,7,19
PVEE801046,6,51,57,4,14,18,8,19,27
MOEE82904D,6,51,57,4,14,18,8,19,27
SSEE84502N,4,58,62,0,22,22,1,26,27
PDMM895019,24,61,85,6,10,16,8,43,51
MEMM8AC017,9,39,48,4,9,13,8,21,29
IMEE81201D,6,51,57,2,17,19,7,21,28
PTEE809013,8,52,60,3,19,22,2,20,22
ISEE81517X,2,65,67,1,11,12,11,24,35
PISD05001N,49,93,142,13,43,56,9,23,32
AVTF021519,48,73,121,6,15,21,0,0,0
CHPM01901C,32,153,185,10,45,55,12,26,38
LIEE007094,32,153,185,10,45,55,12,26,38
MERA023011,52,100,152,8,36,44,19,24,43
VVMM803059,12,34,46,1,4,5,17,13,30
UDMM834018,3,10,13,1,0,1,4,9,13
CARI020502,31,56,87,8,22,30,9,26,35
NARC141017,43,124,167,5,39,44,21,18,39
MNEE80404C,5,68,73,1,23,24,8,23,31
MEMM83203P,5,24,29,2,4,6,9,18,27
RMEE8G7013,4,52,56,3,15,18,2,20,22
SRRI02251G,53,90,143,7,35,42,0,0,0
BOEE81502G,3,45,48,2,8,10,3,17,20
TVRC02201Q,43,84,127,10,25,35,7,21,28
PEEE83801R,2,56,58,1,17,18,7,24,31
CAMM83002E,19,31,50,5,9,14,9,22,31
GEEE850062,7,89,96,3,24,27,10,35,45
VEMM84401E,2,37,39,0,12,12,2,21,23
AQPS00201L,24,56,80,1,9,10,8,16,24
IMEE81101N,7,59,66,1,18,19,7,21,28
NAEE8DY025,1,71,72,0,25,25,12,13,25
BARA06701A,64,83,147,5,18,23,24,19,43
RMPC101014,17,85,102,4,27,31,4,26,30
PRRA00651C,58,102,160,8,35,43,0,0,0
CNSL024518,57,86,143,3,8,11,0,0,0
VEEE700022,57,86,143,3,8,11,0,0,0
VRPS03000R,21,66,87,0,0,0,6,20,26
AVEE864028,5,52,57,1,19,20,9,20,29
CSMM864049,3,14,17,0,2,2,12,7,19
BOMM82701Q,4,25,29,0,4,4,2,22,24
TRPM010505,32,95,127,4,20,24,2,25,27
MEMM82501D,8,31,39,2,4,6,6,20,26
FGEE00502B,8,31,39,2,4,6,6,20,26
VIMM83701P,13,21,34,4,8,12,3,16,19
REEE836042,5,79,84,1,23,24,3,31,34
AVEE852022,3,53,56,1,14,15,2,24,26
CSMM827028,3,22,25,1,5,6,8,13,21
BOMM882018,4,43,47,0,8,8,5,28,33
VITD007018,74,101,175,14,32,46,11,24,35
CARI01050B,74,101,175,14,32,46,11,24,35
CTRA05351B,61,105,166,7,17,24,0,0,0
TVTD009512,44,80,124,7,11,18,0,0,0
LERF023014,44,80,124,7,11,18,0,0,0
RIEE82501Q,5,80,85,2,24,26,5,32,37
PSEE82101E,4,57,61,1,15,16,4,22,26
LEMM85601G,6,18,24,2,2,4,7,16,23
PAEE8AC012,4,57,61,2,17,19,7,19,26
TOMM852015,9,14,23,1,0,1,6,16,22
RMEE85301E,4,59,63,2,14,16,5,28,33
TOMM84902A,10,20,30,2,4,6,5,25,30
ARMM82502B,8,29,37,2,8,10,2,18,20
RMEE83802D,6,66,72,3,21,24,3,24,27
LITL009015,51,67,118,3,21,24,15,20,35
MTMM828028,51,67,118,3,21,24,15,20,35
FGEE856027,0,37,37,0,11,11,8,14,22
MIEE8CC02T,4,116,120,1,34,35,7,33,40
CAEE08804A,3,51,54,0,15,15,4,17,21
RCEE809019,3,125,128,0,41,41,13,25,38
SRMM838011,5,28,33,2,10,12,3,18,21
CEEE878023,1,50,51,0,15,15,9,12,21
CAMM896014,9,17,26,3,7,10,4,18,22
VREE83902R,6,54,60,1,12,13,5,18,23
FRMM821017,6,24,30,1,5,6,5,23,28
RMRC03201E,50,143,193,2,21,23,20,30,50
AVEE873012,1,46,47,0,7,7,10,18,28
SIMM82301V,2,33,35,0,10,10,2,14,16
TRMM81201T,8,23,31,2,7,9,2,18,20
APRI03050Q,8,23,31,2,7,9,2,18,20
ORMM82202G,7,23,30,2,4,6,4,14,18
PNPS011015,7,23,30,2,4,6,4,14,18
FGEE87601B,2,40,42,0,12,12,10,12,22
MIMM8ER01X,11,36,47,3,10,13,4,27,31
BSEE81201N,4,65,69,0,7,7,8,18,26
SATD06601C,66,112,178,5,26,31,27,22,49
BSEE802013,2,26,28,0,1,1,4,18,22
REEE81601N,1,27,28,0,1,1,6,14,20
TOEE8BJ04N,5,69,74,2,16,18,6,29,35
SIPM003018,40,85,125,6,26,32,9,18,27
FIEE87401C,6,67,73,1,16,17,3,31,34
NAMM82801T,10,26,36,6,4,10,7,14,21
RCEE83205E,3,55,58,1,10,11,15,15,30
PAEE84501D,2,40,42,1,3,4,13,11,24
RMEE807062,4,120,124,1,33,34,13,28,41
CZMM84401R,3,29,32,0,4,4,12,20,32
RMEE86701C,4,71,75,2,19,21,8,20,28
MCMM81401T,11,25,36,3,8,11,5,17,22
VATD011016,45,95,140,4,25,29,8,27,35
RMEE87502C,1,71,72,1,26,27,6,21,27
PCMM819015,8,16,24,2,1,3,8,17,25
VEEE86502N,1,71,72,0,12,12,8,26,34
FRRI00701Q,36,90,126,6,35,41,16,16,32
NAEE8AM019,1,50,51,0,7,7,16,13,29
NAEE11003N,2,41,43,0,12,12,6,13,19
SSMM82202X,7,16,23,1,4,5,1,19,20
CNEE863014,5,81,86,3,25,28,4,38,42
BAEE825027,3,65,68,1,17,18,9,21,30
PAPC030004,24,99,123,0,4,4,17,21,38
TOTD01650Q,72,106,178,12,41,53,0,0,0
BSRH03151P,59,112,171,15,36,51,0,0,0
RMEE8GP013,2,53,55,1,14,15,3,25,28
VBEE80307Q,1,31,32,1,6,7,8,16,24
CNMM818015,14,20,34,2,4,6,9,19,28
TORI013019,72,100,172,22,27,49,19,27,46
TVEE854038,2,78,80,0,21,21,10,21,31
TOEE8BV02V,3,116,119,0,35,35,9,35,44
CNEE81414D,3,28,31,1,6,7,6,21,27
ENPM02102A,61,98,159,11,18,29,19,16,35
PIEE826041,3,62,65,1,19,20,4,24,28
BNPS011013,3,62,65,1,19,20,4,24,28
BGRI00401X,63,54,117,4,11,15,15,17,32
CHMM820023,6,27,33,3,5,8,0,0,0
SRMM81401C,6,24,30,2,6,8,3,20,23
VCEE808028,4,60,64,2,20,22,5,28,33
NAEE8FV01T,3,32,35,3,9,12,11,15,26
MIEE8BJ015,8,73,81,4,14,18,8,20,28
NAEE16600E,2,58,60,1,12,13,9,9,18
NAEE185011,3,63,66,0,10,10,11,10,21
PVPM01000A,47,133,180,5,10,15,8,28,36
PAEE86402X,3,32,35,0,10,10,8,13,21
CERH032518,50,108,158,8,39,47,0,0,0
PARH01101L,56,88,144,8,16,24,29,9,38
MIPS26000A,26,64,90,1,3,4,5,19,24
SAPS11000C,35,100,135,4,10,14,15,16,31
CHEE84301Q,3,97,100,0,36,36,6,26,32
BGPC00201X,30,55,85,2,8,10,5,19,24
LIEE00406D,30,55,85,2,8,10,5,19,24
RCMM85201E,14,31,45,3,6,9,10,17,27
BLEE82705N,1,18,19,0,4,4,5,13,18
MOMM83001D,4,36,40,1,9,10,3,31,34
VVEE83003L,4,36,40,1,9,10,3,31,34
BORC003019,51,109,160,7,28,35,11,28,39
CRRI008015,56,88,144,5,25,30,10,29,39
NARM00301Q,47,58,105,0,10,10,13,13,26
CEEE8A4035,4,61,65,2,11,13,11,17,28
BIPS00401B,18,56,74,4,4,8,5,19,24
MBEE82601E,2,47,49,0,11,11,1,19,20
TOTD06604G,2,47,49,0,11,11,1,19,20
CNMM80701P,9,42,51,0,12,12,6,25,31
FITD03301E,37,83,120,2,7,9,6,16,22
SRMM83001A,7,24,31,0,7,7,6,12,18
AVRC01850V,34,72,106,4,16,20,0,0,0
TEMM82801Q,10,23,33,4,8,12,4,23,27
RCPS010001,45,126,171,2,18,20,24,22,46
NUTF012014,37,53,90,2,13,15,14,33,47
MEPC003013,19,85,104,0,4,4,13,17,30
MEMM83301C,8,32,40,0,9,9,9,24,33
PDEE853018,2,63,65,1,13,14,6,26,32
NAEE8EX01V,3,70,73,1,21,22,15,12,27
VAEE83305V,3,61,64,2,18,20,5,24,29
TOEE8AM02C,3,74,77,1,19,20,7,29,36
REEE843023,1,46,47,1,8,9,0,24,24
TSEE80903L,3,44,47,1,9,10,6,16,22
MNEE81601G,3,51,54,2,13,15,1,28,29
MTMM82103E,2,15,17,0,3,3,8,8,16
ORMM810029,7,22,29,1,6,7,5,17,22
APEE841058,2,64,66,0,19,19,8,29,37
TOEE8AG02X,3,59,62,3,17,20,7,26,33
MCRI009015,40,62,102,4,13,17,23,39,62
SAEE8B206G,1,67,68,1,19,20,11,15,26
CASL01000N,60,118,178,11,35,46,9,21,30
REEE84401T,3,84,87,1,17,18,7,28,35
CSEE864039,1,18,19,1,3,4,12,7,19
CSMM86801D,5,25,30,1,6,7,14,6,20
SAEE010015,3,59,62,0,18,18,8,13,21
CSEE82404X,2,36,38,1,13,14,5,17,22
CTRF043014,72,188,260,11,84,95,22,27,49
SAEE89102T,2,41,43,1,14,15,10,11,21
LITF011509,60,79,139,9,21,30,0,0,0
LEEE895039,3,37,40,0,12,12,14,12,26
RMRA06101G,58,110,168,16,49,65,22,28,50
VRMM136004,58,110,168,16,49,65,22,28,50
PDMM83602E,10,35,45,0,7,7,6,25,31
ISPC003019,21,67,88,2,15,17,10,24,34
LEEE89401B,5,41,46,1,11,12,8,11,19
GETD03000V,5,41,46,1,11,12,8,11,19
CNTD01601V,55,73,128,7,19,26,5,23,28
MIMM84101P,5,18,23,0,6,6,2,12,14
SPEE816021,3,38,41,0,11,11,4,25,29
BOEE17200G,4,65,69,1,13,14,5,22,27
MEMM856015,8,19,27,1,3,4,5,13,18
LEEE87002X,8,19,27,1,3,4,5,13,18
BOEE85202E,2,66,68,1,17,18,10,22,32
PSPS020006,63,129,192,4,9,13,16,35,51
GEEE83501P,3,65,68,1,16,17,4,21,25
AVEE86701P,3,43,46,1,6,7,13,16,29
RMTL05201D,54,92,146,14,33,47,16,27,43
RIEE810012,2,31,33,1,7,8,4,20,24
ALSL013014,59,88,147,13,25,38,36,44,80
TVPS002012,51,71,122,2,2,4,7,23,30
NAEE361005,1,69,70,1,24,25,8,12,20
ANEE836012,1,48,49,1,13,14,1,29,30
TVMM88002P,8,35,43,0,11,11,7,25,32
CSEE85003B,3,29,32,1,7,8,8,15,23
VEEE83501R,2,40,42,0,9,9,2,16,18
PZTD00101D,28,82,110,0,8,8,15,18,33
PAEE84602A,3,56,59,1,19,20,17,15,32
NAEE8E6035,1,41,42,0,11,11,10,11,21
NAEE8C601T,2,55,57,0,22,22,9,18,27
BSTD02801G,27,81,108,3,21,24,10,21,31
NOEE00700R,1,51,52,1,13,14,0,0,0
NAMM8CQ01C,7,25,32,2,2,4,10,15,25
LTMM84301Q,5,28,33,2,12,14,8,21,29
BSEE86701T,5,62,67,3,17,20,3,26,29
BNTD01301E,42,74,116,5,8,13,18,12,30
RMEE88304D,2,36,38,1,10,11,4,16,20
BGMM84201X,11,30,41,2,5,7,2,21,23
VIEE82604C,0,43,43,0,12,12,3,16,19
ALMM816026,12,31,43,5,8,13,8,25,33
RMPC11601T,25,81,106,2,8,10,8,20,28
MSEE81303D,3,48,51,0,20,20,3,24,27
KRMM82501A,13,13,26,2,2,4,19,3,22
CHEE81609Q,3,31,34,0,5,5,10,16,26
BSPM020005,51,102,153,3,5,8,8,24,32
BAEE817017,1,30,31,1,12,13,7,8,15
PVEE824072,6,67,73,4,13,17,7,26,33
FRMM807011,5,12,17,1,2,3,4,16,20
SAEE8BJ04N,5,26,31,2,5,7,7,12,19
CEEE82902T,2,50,52,0,14,14,11,14,25
CZMM868019,5,23,28,1,3,4,7,15,22
PGEE05100T,2,87,89,0,24,24,5,26,31
NAMM04900V,2,87,89,0,24,24,5,26,31
PGEE03703P,2,57,59,1,21,22,5,16,21
PZRH010049,2,57,59,1,21,22,5,16,21
PGMM85101R,7,37,44,2,10,12,2,28,30
FEEE82605X,6,70,76,2,12,14,2,34,36
REPC02000N,28,56,84,1,5,6,6,23,29
LTMM82101V,13,36,49,4,11,15,10,16,26
CEEE07501G,13,36,49,4,11,15,10,16,26
UDEE80903P,3,25,28,0,2,2,5,18,23
BGMM82203R,15,36,51,5,9,14,2,27,29
BGEE826013,3,70,73,0,14,14,3,23,26
PRMM81501P,4,20,24,0,3,3,5,21,26
TVEE706021,4,20,24,0,3,3,5,21,26
BSMM84002T,13,41,54,2,6,8,11,22,33
TOTN03950A,43,93,136,9,12,21,0,0,0
PEEE83401D,5,82,87,1,20,21,10,23,33
BGEE872051,4,60,64,2,14,16,3,28,31
CBEE857026,2,61,63,1,21,22,9,12,21
AGTD02151R,59,93,152,8,17,25,0,0,0
MEEE87109L,3,61,64,1,19,20,14,12,26
RERF07050D,61,66,127,17,15,32,7,23,30
RCRA00101R,21,63,84,2,20,22,18,5,23
UDMM81502X,3,26,29,0,5,5,1,19,20
CZEE864046,2,66,68,0,21,21,8,25,33
ORMM81801V,3,22,25,1,6,7,4,15,19
IMRH004505,53,90,143,15,26,41,0,0,0
GOEE806017,1,33,34,0,6,6,4,17,21
CHEE83102E,5,54,59,2,15,17,4,24,28
NARI084011,56,114,170,7,35,42,27,14,41
TVMM86003E,10,30,40,3,4,7,6,20,26
RCEE80207R,2,25,27,1,4,5,15,9,24
PAMM88501V,18,26,44,8,3,11,11,15,26
CORI00301V,36,51,87,2,5,7,3,24,27
NAMM868018,5,18,23,1,3,4,5,12,17
SOMM81701R,8,27,35,3,5,8,6,14,20
SREE83002C,1,47,48,0,20,20,6,12,18
CSRH010004,19,43,62,4,11,15,17,24,41
BLPS00301D,21,35,56,1,3,4,8,14,22
SSEE85205X,4,88,92,0,24,24,8,23,31
CNEE83202D,2,27,29,1,8,9,2,15,17
SSEE856024,6,57,63,3,16,19,6,28,34
TEEE83102N,4,53,57,2,20,22,6,27,33
RMMM8BF015,10,15,25,3,2,5,5,16,21
SRMM86201T,1,24,25,0,9,9,5,18,23
BITF010505,115,141,256,15,36,51,27,34,61
TVEE83206E,4,67,71,1,22,23,4,23,27
LOEE806047,3,46,49,0,10,10,4,24,28
ANEE70001A,3,46,49,0,10,10,4,24,28
MORA011028,82,117,199,25,48,73,27,40,67
VREE87701E,5,65,70,4,13,17,4,19,23
NURH03005D,56,71,127,6,12,18,24,33,57
PRTF008017,66,83,149,15,18,33,12,22,34
RMEE8GE01B,4,68,72,1,21,22,6,20,26
MBEE8CM03X,4,58,62,0,12,12,8,15,23
TSEE81004T,8,53,61,2,8,10,8,17,25
VTTD07001P,8,53,61,2,8,10,8,17,25
PZEE888062,2,53,55,1,15,16,9,16,25
COMM83301X,8,29,37,2,8,10,2,17,19
BSEE81905L,2,46,48,0,7,7,9,16,25
MNTD00301T,32,68,100,5,5,10,8,19,27
TOEE8AF013,1,64,65,0,16,16,8,29,37
SAEE8AY03R,2,47,49,1,11,12,10,18,28
RCMM81501G,12,26,38,3,7,10,13,19,32
CLEE82204A,3,64,67,0,20,20,14,12,26
LCEE80505P,3,48,51,0,6,6,9,18,27
REMM850014,0,36,36,0,7,7,7,20,27
PAMM85901A,16,39,55,1,12,13,19,8,27
BGMM84503D,12,37,49,4,6,10,4,20,24
ISMM82605Q,10,29,39,2,5,7,6,22,28
NAPS02000Q,27,77,104,3,11,14,17,11,28
ATEE809047,3,46,49,1,13,14,9,17,26
FEEE808038,3,62,65,2,13,15,7,25,32
CARH021012,37,63,100,7,23,30,10,19,29
MIMM8CX01X,7,38,45,6,9,15,9,18,27
BLMM82504X,6,13,19,0,2,2,5,24,29
MIEE8F1011,6,73,79,2,19,21,3,27,30
CAEE8AD01L,3,8,11,0,0,0,0,0,0
MNTD001016,30,75,105,2,8,10,5,22,27
MBEE89601R,4,54,58,2,15,17,3,18,21
BSRH02001V,45,87,132,10,28,38,18,22,40
RMTD087023,38,92,130,10,25,35,13,19,32
LEEE88601C,4,48,52,1,16,17,16,9,25
RAEE809014,7,59,66,2,11,13,7,27,34
PGMM83101G,2,29,31,0,11,11,2,26,28
PDEE89401E,5,72,77,4,11,15,8,32,40
VIEE887073,4,27,31,0,5,5,5,25,30
CSMM842019,8,24,32,2,6,8,16,9,25
PIMM83003E,15,24,39,8,3,11,3,31,34
GEEE84802T,3,43,46,1,11,12,5,18,23
NAPS13201X,29,92,121,8,26,34,22,14,36
RMEE842025,1,87,88,0,17,17,6,24,30
CTEE8AT01D,2,53,55,0,18,18,5,14,19
VTEE80301G,1,31,32,0,9,9,3,19,22
FRMM81604V,4,23,27,2,5,7,7,26,33
TOEE8B102G,9,109,118,3,32,35,6,29,35
VIMM835013,5,22,27,3,6,9,5,10,15
TVMM88102E,13,40,53,2,6,8,8,21,29
TOMM32500B,13,40,53,2,6,8,8,21,29
VTMM813037,5,37,42,3,14,17,11,15,26
NAEE8DZ021,2,50,52,0,13,13,15,12,27
ALEE832025,2,53,55,0,14,14,5,21,26
RIMM82002L,15,29,44,4,5,9,1,40,41
ALEE837017,2,50,52,0,12,12,6,27,33
VRTA01202P,110,152,262,23,55,78,21,43,64
CNRC026016,71,127,198,27,38,65,16,33,49
RCMM854016,4,16,20,0,4,4,11,13,24
PVMM82901T,11,54,65,2,15,17,8,33,41
NAEE15101T,2,83,85,1,22,23,16,11,27
CTEE83903Q,2,33,35,0,7,7,8,11,19
PRTD006019,58,102,160,8,35,43,25,41,66
CNTL024018,57,86,143,3,8,11,9,23,32
BSMM894015,9,23,32,2,2,4,5,19,24
PARI02701N,81,105,186,10,26,36,28,21,49
CHMM82507B,7,24,31,1,6,7,3,27,30
BNRH030005,33,86,119,4,33,37,8,23,31
CZRA01102N,35,75,110,4,24,28,13,16,29
VBEE81211Q,3,78,81,2,24,26,8,38,46
SIEE822025,8,80,88,2,24,26,3,29,32
TARH07050B,59,90,149,12,36,48,16,19,35
PNEE828045,2,75,77,0,13,13,2,31,33
SAEE8BE02V,2,33,35,0,6,6,7,17,24
NAEE084018,2,33,35,0,6,6,7,17,24
PDEE86603C,2,77,79,0,22,22,10,22,32
PZEE858066,3,36,39,1,5,6,8,15,23
MCEE80601X,2,29,31,0,3,3,5,13,18
SPEE80210C,2,31,33,0,10,10,2,24,26
SSMM05400A,12,16,28,5,4,9,0,0,0
NAEE8GH01X,2,50,52,0,17,17,9,11,20
AVEE83202R,1,30,31,0,2,2,2,18,20
BAEE02608A,1,30,31,0,2,2,2,18,20
BGEE87202T,4,60,64,2,14,16,3,28,31
PZTD024016,25,86,111,0,17,17,14,21,35
NAEE85203T,1,54,55,0,21,21,6,15,21
TPMM806019,18,30,48,8,6,14,23,17,40
AGMM82201T,13,37,50,6,6,12,11,12,23
RGEE83003L,1,33,34,0,6,6,12,8,20
CSSD07601C,6,40,46,0,11,11,1,0,1
REMM81602N,5,10,15,0,1,1,6,14,20
NAPS08401Q,56,114,170,7,35,42,27,14,41
CLRA00902X,55,84,139,12,31,43,43,19,62
RMEE8EZ01D,1,43,44,1,10,11,6,18,24
FGEE81602R,2,31,33,0,6,6,4,12,16
OREE81901Q,4,52,56,1,15,16,4,27,31
MEEE81601Q,4,51,55,0,14,14,8,23,31
NAEE8G1015,4,41,45,0,8,8,9,16,25
RMEE80703V,4,120,124,1,33,34,13,28,41
MITF03801E,79,134,213,10,40,50,18,33,51
PREE822031,2,34,36,1,7,8,2,20,22
VEMM80602R,9,19,28,0,2,2,4,21,25
RGRH00801G,48,77,125,8,14,22,30,19,49
BAMM89801V,8,30,38,1,7,8,6,22,28
BSMM84801B,16,34,50,4,4,8,4,23,27
TOTF027014,66,99,165,11,19,30,13,28,41
BGEE88101G,1,61,62,0,17,17,3,23,26
CBEE852012,4,35,39,1,9,10,0,0,0
ANEE830013,3,71,74,0,29,29,5,31,36
PZEE82103C,2,64,66,0,9,9,7,26,33
CZEE85903N,2,41,43,0,5,5,10,20,30
PAEE03206N,2,45,47,1,12,13,7,8,15
PZMM82703A,9,21,30,3,2,5,6,16,22
VRMM88801X,4,18,22,0,2,2,2,17,19
CNEE854019,2,81,83,0,23,23,9,22,31
NATD06101V,61,142,203,11,52,63,22,16,38
TOEE87501V,4,53,57,1,17,18,7,18,25
GEEE809016,3,29,32,0,9,9,2,17,19
TOEE82601N,1,46,47,1,9,10,5,18,23
PVEE801057,6,51,57,4,14,18,8,19,27
MOEE82902B,1,63,64,0,13,13,3,26,29
PZMM82601C,8,20,28,0,5,5,7,26,33
RNTD00201X,56,103,159,6,19,25,6,33,39
NAEE220002,2,56,58,1,20,21,11,11,22
BGEE86003L,4,61,65,1,15,16,5,23,28
PTEE809035,8,52,60,3,19,22,2,20,22
ISEE81511N,2,65,67,1,11,12,11,24,35
MIEE88401N,2,56,58,1,11,12,7,19,26
PAMM8BD02C,9,8,17,1,3,4,9,7,16
PISD05000L,49,93,142,13,43,56,9,23,32
RCTL034505,46,44,90,3,6,9,0,0,0
RGMM810018,19,38,57,4,7,11,16,17,33
VVMM803026,12,34,46,1,4,5,17,13,30
MEEE8AC04B,4,41,45,1,12,13,8,21,29
BREE81101A,5,69,74,3,26,29,13,15,28
BLMM822019,9,23,32,1,1,2,4,18,22
LOEE81103N,2,59,61,0,15,15,4,24,28
TAEE85601E,0,44,44,0,13,13,5,15,20
MIMM8FE017,15,38,53,7,8,15,6,22,28
TSEE81804C,4,29,33,0,2,2,7,25,32
NAMM8DY013,12,25,37,7,7,14,12,13,25
CTEE89803G,2,67,69,0,31,31,2,22,24
ANMM80801R,6,20,26,1,5,6,4,25,29
ARMM820039,8,33,41,4,12,16,2,25,27
NAEE8BX024,1,38,39,1,12,13,6,17,23
AVMM70001A,1,38,39,1,12,13,6,17,23
CSEE81102Q,0,56,56,0,17,17,9,10,19
ENMM81501B,13,42,55,1,10,11,10,20,30
VREE860048,2,40,42,0,8,8,5,22,27
TOEE8BV01T,3,116,119,0,35,35,9,35,44
MEEE8AC07E,4,41,45,1,12,13,8,21,29
VRPS04000B,35,71,106,0,1,1,5,24,29
TRPS020009,18,63,81,0,4,4,6,19,25
NAEE8F702E,2,42,44,1,12,13,7,13,20
ORMM70001R,2,42,44,1,12,13,7,13,20
AVMM85201X,10,35,45,0,8,8,2,24,26
VAEE87502T,3,76,79,0,18,18,4,31,35
BGEE85203N,5,64,69,1,15,16,5,19,24
MIMM8FP01V,19,59,78,4,19,23,12,21,33
MOPS02000B,25,74,99,6,8,14,6,22,28
CARI02000L,31,56,87,8,22,30,9,26,35
ARMM82503C,8,29,37,2,8,10,2,18,20
MIMM8D702P,12,52,64,7,18,25,3,30,33
SSEE806023,2,54,56,0,9,9,3,23,26
FISL032515,69,128,197,11,29,40,0,0,0
SSEE01100D,2,20,22,1,7,8,0,0,0
PAEE117017,5,101,106,0,46,46,15,11,26
FGMM856015,11,25,36,5,11,16,8,14,22
LUEE84704P,3,66,69,1,12,13,4,32,36
FIEE85102R,3,59,62,0,12,12,6,16,22
TOEE8AN028,4,75,79,3,19,22,7,28,35
MCEE834025,1,51,52,0,16,16,9,25,34
CASL01701D,46,98,144,7,28,35,7,24,31
MTMM83502B,12,37,49,4,10,14,15,14,29
MCMM83002R,5,45,50,2,11,13,5,24,29
LUEE830027,5,61,66,1,11,12,3,27,30
AQTD00250R,24,56,80,1,9,10,0,0,0
NARH12850A,57,98,155,3,26,29,0,0,0
MIMM82501R,18,30,48,3,8,11,10,23,33
CBEE84602Q,4,52,56,1,10,11,6,18,24
CTRI05301N,61,105,166,7,17,24,38,43,81
CEEE8A4057,4,61,65,2,11,13,11,17,28
BISL00101R,41,75,116,7,12,19,10,18,28
TORI066517,41,75,116,7,12,19,10,18,28
CNEE80703T,2,58,60,1,13,14,6,25,31
BOEE85105T,6,93,99,0,21,21,7,26,33
RMMM83801B,10,37,47,4,15,19,3,24,27
MIEE86201R,4,50,54,1,13,14,6,17,23
CAEE88504T,3,42,45,0,9,9,7,22,29
LCEE70001E,3,42,45,0,9,9,7,22,29
MIEE84202L,3,70,73,1,14,15,5,23,28
BSEE828017,4,52,56,1,9,10,10,25,35
FGMM87601A,11,41,52,3,7,10,10,12,22
TRMM82201C,3,36,39,0,10,10,4,21,25
FIEE87402D,6,67,73,1,16,17,3,31,34
BSEE894038,2,52,54,1,6,7,5,19,24
TSMM80901D,2,26,28,0,6,6,6,16,22
CZEE844063,2,43,45,0,8,8,12,20,32
NAEE8BM03N,0,57,57,0,20,20,5,21,26
VREE83903T,6,54,60,1,12,13,5,18,23
VATD009016,46,94,140,2,18,20,10,26,36
AQMM82601G,10,10,20,2,3,5,6,22,28
PAEE884025,1,51,52,0,17,17,12,11,23
NAEE11006R,2,41,43,0,12,12,6,13,19
NAEE81101D,3,44,47,1,13,14,9,14,23
VEEE827052,3,66,69,1,10,11,2,23,25
NAEE069027,5,58,63,3,24,27,6,14,20
TASD023016,5,58,63,3,24,27,6,14,20
BSEE802057,2,26,28,0,1,1,4,18,22
RMEE8F8029,2,69,71,1,25,26,8,21,29
RMEE8BK017,4,27,31,0,5,5,7,8,15
SIPM00101L,26,76,102,2,10,12,5,20,25
TORI01201D,62,80,142,4,10,14,19,24,43
ENPS01000R,11,33,44,0,0,0,9,12,21
APMM826011,13,33,46,3,10,13,6,34,40
TVEE83006V,2,64,66,0,8,8,7,18,25
RIEE817095,5,61,66,1,21,22,3,32,35
RMEE8CD015,0,63,63,0,20,20,3,23,26
PSMM808013,4,8,12,0,1,1,2,14,16
CHMM820012,6,27,33,3,5,8,0,0,0
NOEE807051,5,58,63,2,19,21,6,31,37
PIEE812032,3,62,65,1,17,18,5,28,33
CZMM82403N,11,24,35,1,3,4,14,19,33
TVEE83104L,1,36,37,0,7,7,4,16,20
MEEE856049,1,26,27,1,2,3,5,13,18
PAPC04000P,21,72,93,0,2,2,11,17,28
CNMM819022,7,28,35,2,5,7,10,21,31
TOTF014012,58,65,123,18,17,35,16,24,40
CEEE843013,0,27,27,0,13,13,10,9,19
VEEE82402B,2,62,64,0,17,17,8,20,28
CERI03202B,2,62,64,0,17,17,8,20,28
PARH02150G,47,110,157,18,54,72,0,0,0
TERC01101C,60,131,191,16,56,72,19,26,45
MIPS290006,29,64,93,1,1,2,6,22,28
OREE82303D,3,41,44,0,14,14,6,27,33
NAEE8FU012,3,102,105,1,37,38,15,18,33
UDEE85202X,4,55,59,1,7,8,3,30,33
RGRH02053N,63,77,140,13,28,41,36,34,70
FRMM81203E,4,17,21,0,5,5,7,12,19
PDEE89504D,6,158,164,0,28,28,8,43,51
RCEE851061,0,40,40,0,9,9,14,11,25
PEEE82701A,3,27,30,1,7,8,5,17,22
FIEE869022,10,100,110,3,27,30,9,35,44
NAEE87401L,3,29,32,1,11,12,7,10,17
CRSL00801R,56,88,144,5,25,30,10,29,39
VRMM89601V,23,43,66,6,10,16,7,33,40
PREE80902D,5,49,54,0,11,11,4,26,30
BSRC028018,27,81,108,3,21,24,10,21,31
PAPC001015,32,70,102,8,28,36,11,11,22
CRMM81402P,7,25,32,1,3,4,4,22,26
AVRH01650C,64,76,140,11,28,39,0,0,0
TEEE826048,0,66,66,0,30,30,8,27,35
RCPM05001D,30,76,106,1,15,16,17,10,27
MSEE81302C,3,48,51,0,20,20,3,24,27
PDMM853017,10,29,39,0,1,1,6,26,32
NAMM8EW012,10,35,45,6,7,13,11,10,21
CBPS02201P,27,63,90,2,1,3,10,19,29
SARA010016,71,113,184,10,50,60,25,20,45
CHEE84304V,3,97,100,0,36,36,6,26,32
RGEE820021,1,32,33,1,4,5,8,21,29
CTRI01601P,69,100,169,7,46,53,19,21,40
FREE851025,1,37,38,0,8,8,2,18,20
BOEE882019,7,78,85,2,17,19,5,28,33
BORC00350N,51,109,160,7,28,35,0,0,0
CATD100508,51,109,160,7,28,35,0,0,0
CBEE85303X,1,36,37,1,9,10,4,18,22
NATH003501,47,58,105,0,10,10,0,0,0
BRRF003016,23,73,96,4,14,18,9,12,21
AVEE851048,1,31,32,0,7,7,3,12,15
SARI07401R,59,72,131,6,12,18,28,16,44
PGEE03701L,2,57,59,1,21,22,5,16,21
BGMM854016,10,22,32,4,4,8,6,12,18
MEMM83701Q,10,56,66,0,13,13,11,24,35
VISL01302N,10,56,66,0,13,13,11,24,35
CTPS04401N,19,47,66,1,4,5,6,14,20
TVEE86603E,4,56,60,1,13,14,10,24,34
AGEE01104L,6,59,65,1,16,17,15,6,21
PAPS100008,47,93,140,3,9,12,27,19,46
CAEE088028,3,51,54,0,15,15,4,17,21
LIMM00100P,3,51,54,0,15,15,4,17,21
FOEE827025,2,65,67,0,14,14,8,26,34
MOEE82602X,6,83,89,2,18,20,7,27,34
CSEE81801D,1,44,45,0,11,11,8,17,25
TOMM8AM01A,13,32,45,5,9,14,7,29,36
ARMM83102P,6,18,24,1,4,5,2,18,20
NAEE01701D,5,51,56,3,18,21,3,13,16
VIEE813039,2,60,62,0,14,14,6,28,34
RMTD03201T,50,143,193,2,21,23,20,30,50
RMRI080501,24,46,70,5,16,21,11,14,25
BLEE81401B,2,40,42,0,5,5,5,12,17
RMPC250005,30,53,83,0,0,0,9,15,24
BOMM86901T,10,48,58,4,9,13,8,18,26
SAEE89103V,2,41,43,1,14,15,10,11,21
MIMM84202G,16,27,43,9,4,13,5,23,28
MIEE8B003R,5,83,88,1,20,21,10,23,33
CNEE80201L,2,44,46,1,11,12,3,27,30
VIEE814013,3,72,75,2,13,15,7,34,41
BOMM85201C,9,41,50,1,13,14,10,22,32
PSPS050002,17,47,64,1,6,7,6,16,22
RMRC05201Q,54,92,146,14,33,47,16,27,43
MEMM82001A,6,31,37,3,10,13,7,12,19
PGEE82502A,1,32,33,0,6,6,4,14,18
RMEE87403N,5,98,103,3,30,33,8,27,35
BOMM859017,8,13,21,2,2,4,3,17,20
FEEE808049,3,62,65,2,13,15,7,25,32
PSMM824011,8,37,45,3,6,9,5,32,37
CAMM8AB043,8,36,44,1,7,8,1,26,27
LOEE806058,3,46,49,0,10,10,4,24,28
ANEE836034,1,48,49,1,13,14,1,29,30
RMEE8GD01G,2,78,80,1,22,23,5,23,28
PZRC01301C,2,78,80,1,22,23,5,23,28
TSEE81001P,8,53,61,2,8,10,8,17,25
GEEE82703T,5,79,84,2,20,22,8,31,39
AREE841019,6,46,52,2,13,15,4,23,27
PZEE88804X,2,53,55,1,15,16,9,16,25
TOEE86904P,3,45,48,0,13,13,2,28,30
TOEE82003R,8,64,72,3,15,18,12,23,35
RCEE815125,6,61,67,3,14,17,13,19,32
CAEE8AF03A,1,69,70,0,15,15,4,22,26
NAEE81102E,3,44,47,1,13,14,9,14,23
MSEE82001E,4,70,74,2,20,22,2,29,31
VIEE826019,0,43,43,0,12,12,3,16,19
ALEE816027,3,52,55,0,15,15,8,25,33
NUMM872014,12,27,39,1,6,7,6,22,28
BIMM80601D,6,38,44,2,11,13,9,29,38
RMEE892037,1,26,27,0,8,8,7,13,20
PZEE84202C,3,44,47,0,13,13,5,20,25
RMMM8BV016,5,16,21,3,4,7,2,15,17
MBMM894014,9,34,43,1,7,8,7,18,25
BSPM02050E,51,102,153,3,5,8,8,24,32
MIMM8F101X,13,75,88,3,21,24,3,27,30
PVEE801024,13,75,88,3,21,24,3,27,30
NAEE35500T,0,25,25,0,4,4,0,0,0
PVMM82402Q,16,36,52,6,11,17,7,26,33
APEE826078,1,57,58,0,16,16,6,34,40
VEEE83503V,2,40,42,0,9,9,2,16,18
CSEE8AV012,4,34,38,0,9,9,7,12,19
AQPM021013,31,105,136,4,22,26,3,30,33
RMMM8CD014,8,27,35,1,7,8,3,23,26
NOEE00702V,1,51,52,1,13,14,0,0,0
NAMM005005,4,74,78,0,23,23,6,10,16
SPEE81902C,5,79,84,0,25,25,3,26,29
VAMM84201C,8,25,33,3,6,9,2,17,19
CNEE84602B,1,38,39,0,7,7,7,19,26
TVEE846017,1,63,64,1,15,16,4,24,28
MERC03201P,32,105,137,3,14,17,16,19,35
KREE81001N,1,49,50,0,20,20,6,14,20
PDMM89402E,13,46,59,1,2,3,8,32,40
CEEE8A001Q,1,71,72,0,26,26,8,15,23
RMTD11601R,25,81,106,2,8,10,8,20,28
PVPC010006,28,73,101,1,6,7,5,18,23
NARI12951P,58,92,150,10,33,43,0,0,0
BGEE82204V,5,71,76,1,14,15,2,27,29
NAEE8DZ043,2,50,52,0,13,13,15,12,27
PNEE821028,2,44,46,1,7,8,2,21,23
SAEE8BJ02G,5,26,31,2,5,7,7,12,19
MBEE8EW017,5,60,65,3,18,21,8,19,27
PZMM86901A,7,20,27,1,0,1,6,13,19
VCEE80204B,2,29,31,0,7,7,9,23,32
FOEE021038,2,64,66,2,12,14,1,30,31
SAEE8BJ01E,5,26,31,2,5,7,7,12,19
MOEE83001E,0,65,65,0,16,16,3,31,34
CEPQ011019,30,111,141,8,18,26,18,24,42
BGEE86605N,4,55,59,0,13,13,5,19,24
BLTL00801V,70,76,146,6,8,14,12,24,36
PZRA010045,40,57,97,6,19,25,25,30,55
VTEE813027,1,39,40,0,12,12,11,15,26
MNEE80803P,4,89,93,2,33,35,7,27,34
NAEE868019,0,28,28,0,6,6,5,12,17
SREE831017,2,40,42,1,18,19,5,14,19
AGMM81504T,23,53,76,3,17,20,17,5,22
PDEE86502G,3,63,66,1,15,16,7,18,25
SAEE83003B,1,18,19,0,2,2,7,10,17
FIEE850032,4,62,66,3,12,15,7,23,30
APMM82801L,13,28,41,4,6,10,5,30,35
CSRA070501,10,13,23,0,3,3,4,5,9
PEEE81906L,0,39,39,0,11,11,7,17,24
VAMM865037,15,34,49,1,12,13,2,26,28
TPPM03201C,38,92,130,4,10,14,20,17,37
PAMM8A501L,19,46,65,3,17,20,15,14,29
BATF03150C,19,46,65,3,17,20,15,14,29
NAEE8GT03V,4,53,57,2,14,16,12,11,23
PCEE807043,4,49,53,0,8,8,0,29,29
BITF01000Q,115,141,256,15,36,51,27,34,61
ANEE82301X,1,44,45,0,14,14,3,23,26
MTMM811041,12,19,31,5,2,7,9,13,22
SSEE82006D,4,54,58,1,10,11,10,25,35
SVMM80601P,14,33,47,4,4,8,6,28,34
MBEE8GA03E,6,70,76,1,16,17,8,26,34
TOMM8AF012,7,45,52,1,9,10,8,29,37
LCEE80504N,3,48,51,0,6,6,9,18,27
CTPC04401E,19,47,66,1,4,5,6,14,20
VREE83301R,5,47,52,2,5,7,6,17,23
ISMM82601G,10,29,39,2,5,7,6,22,28
NAPS02002T,27,77,104,3,11,14,17,11,28
PSEE015007,3,102,105,2,41,43,6,18,24
POEE809019,7,49,56,1,9,10,1,25,26
AVEE844023,7,49,56,1,9,10,1,25,26
MEMM842017,8,25,33,1,4,5,7,26,33
SAMM881015,5,13,18,2,1,3,8,11,19
MORA011039,82,117,199,25,48,73,27,40,67
PRTF008028,66,83,149,15,18,33,12,22,34
NAEE00301G,66,83,149,15,18,33,12,22,34
VTTD07000N,66,83,149,15,18,33,12,22,34
MBEE8AA02T,3,41,44,2,11,13,2,20,22
CTEE880029,3,66,69,2,30,32,10,11,21
TREE809024,2,35,37,1,9,10,1,21,22
RGTD006012,46,44,90,2,14,16,22,7,29
VIEE88701R,4,27,31,0,5,5,5,25,30
GEMM84801Q,7,34,41,2,12,14,5,18,23
RMEE842014,1,87,88,0,17,17,6,24,30
CBMM828036,9,16,25,2,6,8,3,20,23
CTEE8AT02E,2,53,55,0,18,18,5,14,19
AVPS06001C,21,87,108,1,12,13,10,20,30
BOEE87802P,15,58,73,2,9,11,9,17,26
TPEE83902P,3,59,62,2,19,21,16,12,28
ALEE809046,3,40,43,1,10,11,3,20,23
TOMM8B101D,11,29,40,4,9,13,6,29,35
BOEE86002D,3,70,73,2,14,16,6,25,31
RNEE80601V,3,104,107,1,35,36,13,33,46
TEEE842046,2,57,59,0,17,17,7,26,33
LEEE081009,2,48,50,1,11,12,4,17,21
PGEE83202D,2,48,50,1,11,12,4,17,21
PZEE88504C,0,54,54,0,7,7,8,20,28
NAEE8C5012,1,72,73,0,22,22,10,16,26
RIEE82006T,1,58,59,0,12,12,1,40,41
TVSL022014,43,84,127,10,25,35,7,21,28
TPMM829012,24,45,69,13,18,31,23,10,33
ALEE03703A,24,45,69,13,18,31,23,10,33
CSMM84202A,8,24,32,2,6,8,16,9,25
VEEE84402L,1,56,57,1,17,18,2,21,23
TOEE888022,6,75,81,2,24,26,14,25,39
BGEE846018,4,84,88,2,20,22,2,27,29
NAEE8BX046,1,38,39,1,12,13,6,17,23
PRRH00653P,58,102,160,8,35,43,0,0,0
CNSL02401V,57,86,143,3,8,11,9,23,32
ATEE817035,4,67,71,0,18,18,10,21,31
GEEE818022,2,22,24,0,4,4,0,0,0
PGTD01301B,39,60,99,10,20,30,5,12,17
PGEE01700A,3,80,83,0,19,19,5,25,30
RIMM82501P,13,45,58,4,10,14,5,32,37
TVEE88101E,3,81,84,1,14,15,8,21,29
VEMM84201V,5,17,22,1,3,4,5,14,19
SREE837016,0,54,54,0,16,16,12,11,23
NAEE084007,0,54,54,0,16,16,12,11,23
RMEE8FR014,1,84,85,0,23,23,5,25,30
BAEE71101B,1,84,85,0,23,23,5,25,30
MIEE8A402C,2,62,64,1,14,15,5,21,26
PZEE858055,3,36,39,1,5,6,8,15,23
CNRH02652T,71,127,198,27,38,65,0,0,0
CEMM899012,10,27,37,5,5,10,11,9,20
PVEE82902X,7,109,116,0,25,25,8,33,41
BAEE87402C,3,62,65,1,20,21,6,21,27
REPC030008,30,77,107,0,6,6,10,23,33
BSMM872018,3,18,21,0,3,3,6,14,20
LTEE821021,2,57,59,1,23,24,10,16,26
CEEE073032,5,102,107,1,34,35,15,16,31
AREE83703Q,5,102,107,1,34,35,15,16,31
UDMM81103N,10,28,38,3,7,10,2,24,26
BGEE82702X,1,60,61,1,16,17,2,20,22
GOEE80502C,3,37,40,0,9,9,3,23,26
TPMM815014,14,54,68,8,21,29,11,21,32
BSEE84001T,6,73,79,2,12,14,11,22,33
SAEE8BJ03L,5,26,31,2,5,7,7,12,19
BGMM87302L,14,21,35,3,3,6,1,27,28
CBMM857014,4,12,16,0,3,3,9,12,21
PTEE817034,1,53,54,0,15,15,6,15,21
CLTD016018,51,38,89,8,5,13,15,11,26
CBEE84601P,4,52,56,1,10,11,6,18,24
CNMM83801A,5,26,31,0,4,4,2,25,27
RCPC001014,21,63,84,2,20,22,18,5,23
AGEE82202X,6,39,45,2,8,10,11,12,23
CEEE893036,1,50,51,0,11,11,4,19,23
MOEE804012,1,64,65,1,23,24,4,20,24
BAEE80802D,2,28,30,0,11,11,7,8,15
BNPS010006,26,68,94,0,0,0,14,15,29
CZSL00901X,23,69,92,1,16,17,11,15,26
BNMM839019,17,38,55,7,9,16,10,8,18
SIMM822013,10,41,51,3,13,16,3,29,32
BGEE83409A,3,55,58,1,9,10,0,18,18
RMEE80803P,3,56,59,0,14,14,7,17,24
BSEE84802D,2,47,49,0,7,7,4,23,27
SAEE8BE074,2,33,35,0,6,6,7,17,24
BGMM88102G,12,30,42,2,5,7,3,23,26
ANEE830035,3,71,74,0,29,29,5,31,36
LCEE82704E,3,81,84,1,21,22,3,32,35
FREE70401N,3,81,84,1,21,22,3,32,35
PZEE82102B,2,64,66,0,9,9,7,26,33
SPEE81103V,3,32,35,1,7,8,2,17,19
TVEE820079,1,76,77,0,13,13,2,31,33
PAEE03200B,2,45,47,1,12,13,7,8,15
PCEE81201B,5,107,112,0,28,28,9,37,46
MIEE8ER022,3,85,88,1,24,25,4,27,31
RMEE8DE03N,2,81,83,1,23,24,9,20,29
RIEE809041,2,81,83,1,23,24,9,20,29
CNEE85905L,5,76,81,2,24,26,9,30,39
MSSL01401L,62,107,169,15,42,57,10,22,32
NAEE8CV012,3,66,69,2,25,27,6,14,20
BARH02901Q,51,120,171,11,37,48,5,26,31
VBEE80411R,1,43,44,1,10,11,5,26,31
AVMM83202Q,7,21,28,1,1,2,2,18,20
MEEE848028,4,47,51,3,7,10,9,18,27
PDMM824017,8,29,37,2,4,6,4,26,30
NAEE85201Q,1,54,55,0,21,21,6,15,21
NUEE865023,2,22,24,0,3,3,4,20,24
GERI07001Q,2,22,24,0,3,3,4,20,24
BIEE81502A,10,48,58,3,9,12,6,30,36
CEEE71001V,10,48,58,3,9,12,6,30,36
TOMM82501R,7,23,30,5,7,12,4,21,25
AGRH02000C,37,40,77,10,5,15,29,9,38
ORMM819105,14,31,45,5,10,15,4,27,31
FGMM81604T,14,31,45,5,10,15,4,27,31
CTEE86402B,4,78,82,2,36,38,12,19,31
COEE824038,4,78,82,1,12,13,4,28,32
BAEE89801X,3,63,66,0,24,24,6,22,28
BRMM811019,7,30,37,4,15,19,13,15,28
GREE82702C,1,51,52,0,18,18,7,16,23
CLEE810022,2,33,35,0,7,7,13,9,22
CTMM80902T,13,34,47,2,14,16,8,17,25
LOMM81101E,10,43,53,1,7,8,4,24,28
MIMM87202B,10,31,41,3,6,9,9,25,34
LEEE86503D,2,54,56,0,21,21,11,10,21
BSRC01101V,80,100,180,7,7,14,19,19,38
CTMM89801C,4,23,27,2,13,15,2,22,24
ANEE808063,3,46,49,0,11,11,4,25,29
CTSL01004E,3,46,49,0,11,11,4,25,29
COEE841032,3,79,82,0,17,17,7,22,29
PSEE807018,0,22,22,0,4,4,4,18,22
MEEE8AC03A,4,41,45,1,12,13,8,21,29
PAMM81401R,7,25,32,2,8,10,14,6,20
NAMM8F601L,4,23,27,0,5,5,12,10,22
BGEE86001E,4,61,65,1,15,16,5,23,28
MIEE8DA01Q,3,52,55,1,10,11,10,12,22
VAEE87501R,3,76,79,0,18,18,4,31,35
BGMM85202G,10,32,42,1,5,6,5,19,24
PISD050524,49,93,142,13,43,56,9,23,32
BGPM00301X,52,80,132,8,13,21,12,22,34
BOMM80801A,11,47,58,4,15,19,3,30,33
CBEE816031,2,52,54,1,6,7,0,0,0
POEE81602D,5,65,70,1,11,12,5,26,31
CARI04000T,43,58,101,7,22,29,10,19,29
MEEE8AC05C,4,41,45,1,12,13,8,21,29
MBEE8CP01D,2,66,68,0,17,17,4,29,33
AGEE863015,11,76,87,4,9,13,15,13,28
SSMM806011,10,29,39,1,10,11,3,23,26
SSEE02500B,7,87,94,4,29,33,2,28,30
PAEE117006,5,101,106,0,46,46,15,11,26
FREE84503V,1,51,52,1,11,12,4,21,25
MIMM8FE028,15,38,53,7,8,15,6,22,28
LUEE831023,4,43,47,0,9,9,1,27,28
RMMM84301V,3,25,28,2,2,4,4,15,19
ANTD017011,28,55,83,9,13,22,20,45,65
PGMM84502E,6,28,34,1,9,10,5,18,23
VRPS06000L,23,83,106,1,3,4,6,22,28
TRPS03000X,22,68,90,0,6,6,2,21,23
ORPM01000T,38,88,126,2,15,17,6,20,26
NOSL010001,46,99,145,11,27,38,13,20,33
LUEE84602R,1,62,63,1,13,14,5,24,29
SAEE84702Q,4,32,36,0,10,10,11,8,19
PSMM82002P,13,26,39,1,6,7,7,31,38
CEMM8A4034,15,27,42,4,4,8,11,17,28
BISL00102T,15,27,42,4,4,8,11,17,28
TOTF06601P,62,104,166,15,20,35,13,28,41
AVRC01801E,34,72,106,4,16,20,15,11,26
RMEE8A602L,5,67,72,1,19,20,5,22,27
LUEE84703N,3,66,69,1,12,13,4,32,36
MIEE8CC03V,4,116,120,1,34,35,7,33,40
RAEE82603X,5,72,77,2,18,20,3,31,34
CTMM8AL01C,12,29,41,4,9,13,7,20,27
TOEE888011,6,75,81,2,24,26,14,25,39
RIRI00701X,58,65,123,5,6,11,11,32,43
NAEE8FF01N,3,68,71,2,19,21,10,20,30
BSEE894016,2,52,54,1,6,7,5,19,24
FGRH010002,39,48,87,4,15,19,32,41,73
MIEE825052,12,93,105,3,21,24,10,23,33
ALEE82601R,3,43,46,2,13,15,9,20,29
VREE83901Q,6,54,60,1,12,13,5,18,23
NAMM88301A,12,36,48,4,5,9,10,15,25
ROMM823029,4,19,23,1,3,4,4,15,19
TVEE859019,1,37,38,0,9,9,9,22,31
UDMM84001G,2,15,17,0,1,1,4,21,25
RCEE80410L,3,74,77,1,16,17,19,16,35
PAEE884014,1,51,52,0,17,17,12,11,23
TREE81302Q,2,28,30,0,6,6,2,21,23
SAEE89202N,2,48,50,2,17,19,10,8,18
LCMM70001D,2,48,50,2,17,19,10,8,18
LITL00951E,51,67,118,3,21,24,0,0,0
BSMM81302D,8,45,53,2,7,9,7,25,32
BNEE83302C,4,44,48,0,6,6,9,15,24
BSMM85902V,7,29,36,2,7,9,1,24,25
PDEE83601E,3,60,63,2,13,15,6,25,31
TPEE807016,11,57,68,2,19,21,11,14,25
CEMM8AJ02G,1,8,9,0,0,0,11,10,21
GOTA006015,53,79,132,3,15,18,16,26,42
VEMM817016,7,21,28,0,5,5,2,18,20
TVEE83005T,2,64,66,0,8,8,7,18,25
TAEE808026,1,49,50,1,21,22,9,10,19
LEEE82305D,0,51,51,0,10,10,10,16,26
CEEE8AZ038,0,57,57,0,9,9,13,12,25
VEEE86403V,5,61,66,4,7,11,8,25,33
SVRI003012,51,77,128,6,22,28,13,19,32
PSEE808014,3,22,25,0,3,3,2,14,16
NAEE8AN015,0,25,25,0,8,8,8,13,21
REMM82302R,11,33,44,4,10,14,5,24,29
RCEE86401T,1,39,40,0,13,13,13,11,24
PVTD03000A,27,74,101,3,7,10,3,23,26
BGMM88101E,12,30,42,2,5,7,3,23,26
BNMM83802E,7,28,35,0,8,8,8,17,25
AGEE82902P,4,46,50,3,14,17,17,12,29
NAMM8FQ018,17,31,48,5,10,15,13,13,26
RMMM8CF01Q,5,18,23,0,4,4,4,19,23
VEEE82401A,2,62,64,0,17,17,8,20,28
TAPS02301Q,2,62,64,0,17,17,8,20,28
TERI009015,65,64,129,3,17,20,10,22,32
LETD080506,27,66,93,1,7,8,8,17,25
PTRA010008,81,122,203,16,65,81,15,30,45
SPEE81201L,0,39,39,0,7,7,0,20,20
RMEE8BK06C,0,39,39,0,7,7,0,20,20
NAMM8AD01X,4,34,38,1,9,10,9,12,21
PAEE077012,2,71,73,1,25,26,18,5,23
PDEE89506G,6,158,164,0,28,28,8,43,51
AVMM878014,10,32,42,3,5,8,11,15,26
MEEE06000T,1,62,63,0,18,18,5,12,17
CSMM850018,8,18,26,1,3,4,8,15,23
NAMM0AZ003,33,84,117,10,23,33,9,12,21
CAEE87903D,3,66,69,2,26,28,5,21,26
AGTD090506,39,49,88,2,2,4,0,0,0
PAEE8BD02D,1,22,23,0,3,3,9,7,16
NUEE87102A,4,55,59,1,11,12,8,20,28
RGEE810019,1,43,44,0,11,11,16,17,33
RGMM80501R,10,9,19,2,2,4,7,17,24
LOMM81501T,7,34,41,3,12,15,3,29,32
MOMM810029,9,27,36,4,2,6,7,29,36
CREE81402Q,3,47,50,0,12,12,4,22,26
VTTD01201P,47,74,121,5,20,25,12,22,34
MSEE82103C,3,43,46,2,11,13,4,25,29
VIMM826029,2,23,25,1,3,4,3,16,19
MSEE81305G,3,48,51,0,20,20,3,24,27
CBPC02201G,27,63,90,2,1,3,10,19,29
MIPS340002,19,55,74,1,2,3,5,19,24
PNMM82001A,8,21,29,3,4,7,0,19,19
SARA01010L,71,113,184,10,50,60,25,20,45
AGEE819035,4,55,59,0,14,14,27,15,42
MNEE800045,4,72,76,3,20,23,6,31,37
MBEE8E2013,2,85,87,1,21,22,4,26,30
MIEE89703T,4,103,107,1,28,29,11,24,35
BOEE82802N,3,69,72,2,11,13,10,25,35
MCEE80203P,2,40,42,0,7,7,3,18,21
RORH01000C,31,75,106,8,22,30,9,32,41
FOEE819026,1,58,59,0,11,11,9,23,32
FREE851014,1,37,38,0,8,8,2,18,20
PEMM830015,6,43,49,0,9,9,3,29,32
BOTD00301L,51,109,160,7,28,35,11,28,39
SSEE84808B,9,82,91,0,20,20,5,33,38
VVEE83006Q,3,37,40,0,9,9,17,9,26
NATH00301L,47,58,105,0,10,10,13,13,26
AQEE83408V,0,54,54,0,16,16,13,19,32
RMTD113019,37,123,160,6,31,37,9,29,38
MIEE8FP021,11,103,114,4,28,32,12,21,33
TAEE84701Q,1,31,32,0,11,11,9,7,16
NAEE8EX02X,3,70,73,1,21,22,15,12,27
GREE816077,5,35,40,4,3,7,5,19,24
BGEE854028,2,51,53,0,11,11,6,12,18
MTEE828018,6,49,55,1,12,13,3,28,31
PGEE85103X,3,59,62,0,25,25,2,28,30
RCTL031019,31,58,89,5,13,18,13,16,29
TVEE86604G,4,56,60,1,13,14,10,24,34
RCPM05000C,30,76,106,1,15,16,17,10,27
NAMM8BK01V,11,37,48,5,5,10,8,16,24
VIEE85505D,1,56,57,0,14,14,11,20,31
PAEE819011,2,21,23,1,6,7,5,7,12
BAEE03001P,1,24,25,0,3,3,0,0,0
NAEE8EW013,1,34,35,0,11,11,11,10,21
SVEE80206N,4,41,45,2,9,11,5,25,30
PIEE833011,5,70,75,2,30,32,5,25,30
TOEE808036,16,108,124,9,38,47,9,36,45
MOEE82601V,6,83,89,2,18,20,7,27,34
RMEE27801N,0,22,22,0,3,3,0,0,0
FEMM824013,7,24,31,1,4,5,6,22,28
CNEE83303A,5,38,43,1,13,14,4,26,30
TOEE8AM01B,3,74,77,1,19,20,7,29,36
ANTD01751A,28,55,83,9,13,22,0,0,0
REEE843012,1,46,47,1,8,9,0,24,24
CTRA01650B,69,100,169,7,46,53,0,0,0
AGTD01801G,26,57,83,5,12,17,17,8,25
AVSD008517,31,34,65,3,6,9,0,0,0
ENEE826053,4,55,59,1,10,11,17,18,35
MCTA00951P,40,62,102,4,13,17,0,0,0
TOMM80401Q,8,20,28,2,3,5,7,31,38
RMSD06000G,40,110,150,7,30,37,9,25,34
BREE83502X,0,59,59,0,16,16,11,13,24
APEE80406A,9,59,68,1,20,21,9,34,43
VISL013523,51,68,119,6,18,24,0,0,0
MIEE844017,7,50,57,6,13,19,3,18,21
CSRA07000G,10,13,23,0,3,3,4,5,9
NUMM83201N,5,22,27,1,4,5,4,17,21
PAPS24000G,16,52,68,1,2,3,15,11,26
VIEE814035,3,72,75,2,13,15,7,34,41
CNEE80203P,2,44,46,1,11,12,3,27,30
TOMM84001V,6,26,32,3,11,14,5,26,31
CSMM86705T,5,22,27,0,4,4,15,7,22
LEMM895027,8,30,38,2,15,17,14,12,26
FEMM808037,10,34,44,0,6,6,7,25,32
CBEE82003L,3,46,49,0,15,15,7,19,26
MIEE84102R,1,44,45,0,9,9,2,12,14
VAPM00901B,46,94,140,2,18,20,10,26,36
PZRC01352V,46,94,140,2,18,20,10,26,36
TSEE81102G,7,61,68,3,13,16,0,25,25
ARMM06700C,7,61,68,3,13,16,0,25,25
PZMM886014,8,27,35,1,3,4,4,22,26
PNEE83301D,4,50,54,1,10,11,2,20,22
CAEE8AF029,1,69,70,0,15,15,4,22,26
MCMM820015,5,12,17,1,1,2,4,26,30
VEEE827041,3,66,69,1,10,11,2,23,25
PSRH02000X,37,90,127,6,31,37,12,31,43
BGMM8AC01X,22,32,54,9,9,18,4,23,27
POMM809018,11,17,28,5,0,5,1,25,26
RMTD051017,38,58,96,12,11,23,9,16,25
MBEE8AL02T,4,57,61,0,15,15,4,17,21
MBEE894015,7,50,57,5,15,20,7,18,25
PVEE801013,6,51,57,4,14,18,8,19,27
TVPC00201V,51,71,122,2,2,4,7,23,30
TPEE82106N,3,103,106,1,29,30,21,11,32
SAEE882012,3,103,106,1,29,30,21,11,32
BNEE827058,3,51,54,0,12,12,13,10,23
APEE826067,1,57,58,0,16,16,6,34,40
AQMM84801C,22,47,69,6,13,19,5,30,35
VEEE83502T,2,40,42,0,9,9,2,16,18
TAMM86401C,2,6,8,0,4,4,6,12,18
PAEE846019,3,56,59,1,19,20,17,15,32
LETD047016,37,87,124,3,11,14,15,13,28
CEEE86604V,1,27,28,0,4,4,8,11,19
CHEE820057,1,50,51,0,13,13,0,0,0
NOEE00701T,1,51,52,1,13,14,0,0,0
LTEE842022,2,63,65,0,25,25,5,21,26
TVEE83101D,1,36,37,0,7,7,4,16,20
BIEE80006R,2,53,55,0,12,12,6,31,37
BAEE876013,4,79,83,0,27,27,5,22,27
BSMM86701R,13,36,49,3,11,14,3,26,29
VCEE80804A,4,60,64,2,20,22,5,28,33
TVEE84605B,4,60,64,2,20,22,5,28,33
NAMM8FV01R,16,58,74,2,8,10,11,15,26
KRMM81001L,10,29,39,2,3,5,6,14,20
BLMM816023,19,25,44,6,3,9,6,19,25
RMRC118015,29,111,140,5,35,40,14,20,34
RMEE8CF03V,3,53,56,1,12,13,4,19,23
GEMM85801A,7,39,46,2,11,13,14,28,42
NAMM8FL015,17,50,67,8,10,18,12,15,27
PVEE70401N,17,50,67,8,10,18,12,15,27
MEMM86201C,6,28,34,3,8,11,4,14,18
VTMM82303T,10,45,55,1,14,15,4,21,25
GEMM84802R,7,34,41,2,12,14,5,18,23
NARI129019,58,92,150,10,33,43,18,15,33
RAEE809025,7,59,66,2,11,13,7,27,34
AVPM06000C,20,74,94,1,12,13,10,17,27
REMM83201E,4,20,24,2,5,7,7,16,23
ENEE81501C,1,59,60,0,19,19,10,20,30
PZMM86902B,7,20,27,1,0,1,6,13,19
NAEE33501N,2,43,45,0,13,13,9,9,18
MIMM8EB015,10,26,36,1,6,7,4,23,27
CERI006517,49,62,111,9,12,21,0,0,0
CZRH040505,33,69,102,6,27,33,27,45,72
NAPM14201G,27,90,117,4,18,22,19,19,38
PZRA01051B,40,57,97,6,19,25,0,0,0
MNMM80801G,13,44,57,5,15,20,7,27,34
PAPC00150D,32,70,102,8,28,36,0,0,0
VAEE84203G,2,46,48,0,13,13,2,17,19
AGMM81501P,23,53,76,3,17,20,17,5,22
FGMM856026,11,25,36,5,11,16,8,14,22
CEEE8A102L,1,54,55,1,15,16,11,18,29
MOEE03603L,2,95,97,0,18,18,9,30,39
CREE81501E,4,41,45,2,9,11,5,19,24
PAEE8AH015,2,63,65,0,13,13,13,12,25
BGEE82202R,5,71,76,1,14,15,2,27,29
GEPS00401G,51,86,137,7,26,33,8,20,28
REPM010007,37,105,142,3,11,14,10,23,33
MEMM87401P,12,31,43,2,5,7,11,23,34
BOEE068036,12,31,43,2,5,7,11,23,34
TAEE83901R,4,80,84,2,41,43,10,15,25
CEEE89401X,4,125,129,2,59,61,27,12,39
NATF08601D,31,42,73,1,2,3,11,13,24
MBMM8GA01B,14,33,47,5,9,14,8,26,34
VBMM80901B,9,30,39,5,12,17,3,19,22
AVMM851036,5,14,19,1,2,3,3,12,15
BLRI00801T,70,76,146,6,8,14,12,24,36
SSTD029013,54,87,141,11,31,42,13,25,38
SATL073012,54,87,141,11,31,42,13,25,38
CSEE82401R,2,36,38,1,13,14,5,17,22
SRMM831016,4,16,20,0,3,3,5,14,19
BAEE86002E,2,60,62,2,16,18,7,22,29
CSEE81101P,0,56,56,0,17,17,9,10,19
PDEE86602B,2,77,79,0,22,22,10,22,32
NAMM488001,29,74,103,8,13,21,12,12,24
TAMM824012,4,18,22,1,6,7,2,15,17
TVMM818023,11,36,47,3,7,10,6,22,28
LEMM832013,8,19,27,1,3,4,8,11,19
VAEE865027,3,66,69,2,11,13,2,26,28
TPPM033018,66,114,180,17,51,68,33,46,79
SSEE700016,66,114,180,17,51,68,33,46,79
PSEE015029,3,102,105,2,41,43,6,18,24
TVEE86706D,5,104,109,0,21,21,7,23,30
REEE815041,2,28,30,0,5,5,5,17,22
SSEE856035,6,57,63,3,16,19,6,28,34
FIMM82901D,11,34,45,4,5,9,3,27,30
TOMM8AM02B,13,32,45,5,9,14,7,29,36
SOMM80903X,10,23,33,1,4,5,8,18,26
NAMM8EP01T,10,23,33,1,4,5,8,18,26
TOEE80504Q,6,84,90,3,27,30,6,20,26
AVEE844034,6,84,90,3,27,30,6,20,26
MEMM842039,8,25,33,1,4,5,7,26,33
CTEE08300Q,4,31,35,1,6,7,6,9,15
RNEE81402V,2,66,68,0,20,20,3,31,34
TRMM80401V,13,77,90,5,33,38,4,26,30
PRRI00802B,66,83,149,15,18,33,12,22,34
MBEE8CM01T,4,58,62,0,12,12,8,15,23
BNMM82501B,8,18,26,0,1,1,3,19,22
VTTF01050N,73,67,140,5,4,9,15,22,37
MTEE82001N,4,41,45,1,11,12,7,16,23
RMEE80801L,3,56,59,0,14,14,7,17,24
AGEE83803E,7,41,48,1,14,15,13,10,23
RGPS006016,46,44,90,2,14,16,22,7,29
TOEE8AF035,1,64,65,0,16,16,8,29,37
VRMM83402L,7,32,39,1,4,5,5,18,23
CTEE8BB029,3,58,61,1,25,26,7,13,20
PARI01050L,3,58,61,1,25,26,7,13,20
PGEE82504C,1,32,33,0,6,6,4,14,18
BOMM87801L,3,17,20,2,1,3,9,17,26
BGEE80601T,0,44,44,0,6,6,6,20,26
BAEE80604X,2,70,72,0,23,23,8,20,28
VREE84304E,5,71,76,3,16,19,8,18,26
BIEE81504C,10,48,58,3,9,12,6,30,36
IMEE81202E,6,51,57,2,17,19,7,21,28
BOMM862013,9,24,33,1,3,4,8,22,30
AREE81307B,8,76,84,3,23,26,4,32,36
FIPM01901D,22,91,113,4,19,23,7,17,24
UDEE834019,4,12,16,0,0,0,4,9,13
ARPC010002,48,51,99,1,5,6,8,17,25
PZEE88505D,0,54,54,0,7,7,8,20,28
MIMM8BA01D,13,31,44,4,10,14,7,23,30
BGEE860101,4,61,65,1,15,16,5,23,28
CSEE8AW01T,7,41,48,1,8,9,6,12,18
BGEE846029,4,84,88,2,20,22,2,27,29
NAEE8BX013,1,38,39,1,12,13,6,17,23
BGPC001014,29,34,63,1,3,4,5,15,20
VVMM80704G,10,16,26,0,3,3,12,7,19
GEMM81801X,1,16,17,0,2,2,0,0,0
PGRC01401X,52,118,170,11,23,34,11,23,34
MEEE8AC029,4,41,45,1,12,13,8,21,29
TRMM05000L,4,41,45,1,12,13,8,21,29
NAEE8F601N,2,43,45,0,6,6,12,10,22
VIEE836021,2,37,39,0,7,7,2,18,20
TOEE89404B,4,61,65,0,13,13,16,31,47
ATEE00107R,3,82,85,1,27,28,9,17,26
BGRC00301B,52,80,132,8,13,21,12,22,34
TVEE88206G,1,60,61,1,6,7,5,25,30
APEE826056,1,57,58,0,16,16,6,34,40
BIEE80004P,2,53,55,0,12,12,6,31,37
CNMM84602A,15,23,38,3,6,9,7,19,26
ALEE833043,1,77,78,0,25,25,8,28,36
PVMM806015,14,23,37,4,7,11,7,20,27
KREE80901D,2,33,35,1,7,8,8,15,23
TPEE829013,6,69,75,2,26,28,23,10,33
PVEE829042,7,109,116,0,25,25,8,33,41
BSMM8AG02R,7,37,44,0,4,4,2,25,27
SREE838023,0,33,33,0,10,10,3,18,21
TPEE815037,5,56,61,3,26,29,11,21,32
RMMM72004C,5,56,61,3,26,29,11,21,32
NATD12651T,47,107,154,2,26,28,0,0,0
RAEE816039,1,38,39,0,6,6,6,19,25
ATEE817046,4,67,71,0,18,18,10,21,31
CLRI01601N,51,38,89,8,5,13,15,11,26
VCMM802017,8,22,30,5,4,9,9,23,32
CBEE84604T,4,52,56,1,10,11,6,18,24
CNEE83801B,2,55,57,0,11,11,2,25,27
AVEE85401L,2,29,31,0,4,4,7,9,16
CZEE814045,0,42,42,0,7,7,9,8,17
BNPM02000T,37,97,134,2,5,7,13,18,31
SAMM8A6012,6,36,42,0,4,4,14,12,26
BNEE83902B,2,11,13,1,2,3,10,8,18
UDMM822012,4,15,19,1,1,2,2,25,27
TAMM80601C,9,14,23,1,2,3,8,10,18
LCEE82705G,3,81,84,1,21,22,3,32,35
MNEE81501Q,4,65,69,1,23,24,7,25,32
PCMM81202B,12,44,56,6,10,16,9,37,46
CHEE840018,3,32,35,1,7,8,7,19,26
FIMM87401B,7,44,51,0,8,8,3,31,34
PATD03701V,40,125,165,7,56,63,19,20,39
SSEE82801V,1,29,30,1,4,5,2,13,15
CSRF05101X,43,159,202,4,35,39,14,22,36
AGEE82402G,4,60,64,1,9,10,19,10,29
GERI070515,48,46,94,7,9,16,17,26,43
UDMM828011,2,24,26,0,6,6,2,18,20
CSTD074016,28,55,83,7,28,35,18,23,41
ARTD01302E,28,55,83,7,28,35,18,23,41
MOMM804011,6,26,32,2,6,8,4,20,24
GEEE02201N,1,22,23,0,4,4,0,0,0
RNEE018016,4,48,52,0,13,13,1,24,25
SSMM82009G,11,31,42,0,4,4,10,25,35
VCEE81401E,7,60,67,4,13,17,14,23,37
NAMM8D401Q,11,34,45,4,11,15,13,16,29
AVMM873044,18,31,49,2,6,8,10,18,28
COEE83401R,3,70,73,1,14,15,4,25,29
MEEE81605X,4,51,55,0,14,14,8,23,31
MIPS039018,24,44,68,2,5,7,6,15,21
NAEE11002L,2,41,43,0,12,12,6,13,19
PAEE034058,5,84,89,3,26,29,10,15,25
CNMM86401V,13,34,47,6,7,13,6,34,40
BAEE82701T,1,45,46,0,19,19,3,18,21
ANEE830046,3,71,74,0,29,29,5,31,36
NAMM47600P,8,53,61,1,11,12,5,10,15
TAEE824024,3,38,41,0,9,9,2,15,17
APEE80904B,1,27,28,0,3,3,2,23,25
NAPM43000V,30,115,145,11,22,33,12,21,33
NATD06201P,50,110,160,15,29,44,22,16,38
CSMM81002V,10,11,21,1,1,2,7,5,12
RMMM8DE01E,8,33,41,2,8,10,9,20,29
BNMM813026,4,19,23,1,3,4,5,15,20
CNEE85902D,5,76,81,2,24,26,9,30,39
CARH02151B,37,63,100,7,23,30,0,0,0
CTSL01002C,50,130,180,11,47,58,20,27,47
TOEE82604R,1,46,47,1,9,10,5,18,23
COEE841021,3,79,82,0,17,17,7,22,29
RATD030506,22,66,88,2,5,7,8,20,28
ISTD013518,55,55,110,4,12,16,0,0,0
RNTD00301Q,58,72,130,7,10,17,19,14,33
FRMM84001L,13,42,55,6,6,12,6,20,26
BOTD080001,45,119,164,15,29,44,10,21,31
BGEE86101A,5,51,56,1,12,13,3,25,28
GEEE817026,1,52,53,0,18,18,5,27,32
BOEE80803D,9,84,93,2,29,31,3,30,33
CBEE816053,2,52,54,1,6,7,0,0,0
NAPS032013,32,70,102,3,20,23,13,9,22
TOEE86903N,3,45,48,0,13,13,2,28,30
REEE82303V,4,74,78,1,24,25,5,24,29
MBMM8CP02D,11,33,44,2,5,7,4,29,33
RCEE848065,4,46,50,0,14,14,19,8,27
PAEE818015,0,23,23,0,6,6,9,8,17
RMEE818039,3,68,71,0,16,16,8,18,26
FREE84501R,1,51,52,1,11,12,4,21,25
BAEE17702T,4,69,73,3,25,28,3,19,22
NAEE185033,3,63,66,0,10,10,11,10,21
TOTD01402R,58,65,123,18,17,35,16,24,40
VREE84801E,5,39,44,3,7,10,3,21,24
MIEE8FU01C,7,81,88,4,21,25,5,16,21
TOMM8A801N,8,68,76,3,16,19,7,32,39
MIEE8FF036,5,59,64,3,13,16,2,20,22
FGEE106002,1,41,42,0,11,11,6,11,17
UDEE852053,4,55,59,1,7,8,3,30,33
TPEE83903Q,3,59,62,2,19,21,16,12,28
VRRA02000Q,47,74,121,13,20,33,15,16,31
CSEE865024,2,71,73,1,13,14,18,12,30
BOEE82701R,5,43,48,3,7,10,2,22,24
ORTF02050V,77,55,132,7,11,18,14,22,36
LERH001503,54,89,143,11,29,40,0,0,0
PSEE831059,3,43,46,1,9,10,7,30,37
SIMM80801R,6,31,37,1,8,9,5,25,30
CTEE82603N,2,46,48,1,9,10,2,25,27
AVRH018504,34,72,106,4,16,20,0,0,0
TPPC024019,12,51,63,1,5,6,17,9,26
SSEE02509R,7,87,94,4,29,33,2,28,30
PGTD010508,20,63,83,4,11,15,6,18,24
ENMM82101P,19,40,59,3,11,14,19,18,37
PTEE82703P,4,73,77,2,23,25,6,31,37
MCEE83101L,3,32,35,1,7,8,3,25,28
LEMM8AH051,4,23,27,0,7,7,9,15,24
RMPS10000A,29,52,81,4,3,7,8,14,22
BNEE85401C,1,58,59,0,12,12,12,11,23
PNEE82001B,3,47,50,3,7,10,0,19,19
FGPS210002,16,42,58,0,0,0,7,14,21
MIEE8AS01V,7,62,69,3,14,17,1,27,28
FREE80401E,1,39,40,1,11,12,4,15,19
CSMM873011,9,19,28,0,5,5,16,5,21
NAMM88302B,12,36,48,4,5,9,10,15,25
ROEE82304C,1,29,30,1,8,9,4,15,19
TVMM86002D,10,30,40,3,4,7,6,20,26
NAPM00101C,33,114,147,4,20,24,23,13,36
TAMM84701P,5,15,20,1,3,4,9,7,16
LTEE813033,4,77,81,1,24,25,12,26,38
TVMM86602C,12,39,51,6,4,10,10,24,34
RCEE84303V,1,48,49,1,10,11,9,18,27
BAEE870025,2,55,57,1,14,15,7,20,27
CAEE088006,3,51,54,0,15,15,4,17,21
BSEE872019,2,44,46,0,8,8,6,14,20
LIRI009014,51,67,118,3,21,24,15,20,35
RITF00701R,58,65,123,5,6,11,11,32,43
TPEE807038,11,57,68,2,19,21,11,14,25
CZEE84604L,2,43,45,1,8,9,10,10,20
VEEE87404E,5,87,92,2,22,24,3,36,39
TAEE807019,3,32,35,1,9,10,6,8,14
PAEE885032,1,62,63,0,25,25,11,15,26
UDMM81701E,7,40,47,2,7,9,3,27,30
SARA011012,34,43,77,4,4,8,11,16,27
NAMM8B1013,9,27,36,3,13,16,10,13,23
BSMM84802C,16,34,50,4,4,8,4,23,27
RCEE81501L,6,61,67,3,14,17,13,19,32
CZRA00303Q,35,52,87,4,14,18,15,18,33
CTEE036006,2,56,58,0,19,19,3,13,16
SAEE16308T,5,77,82,2,25,27,12,15,27
BOMM853018,14,34,48,3,9,12,8,16,24
PSMM06900E,14,34,48,3,9,12,8,16,24
NAEE063017,3,46,49,1,10,11,4,10,14
FEMM808026,10,34,44,0,6,6,7,25,32
TAPC021011,70,80,150,11,18,29,10,26,36
CEMM8AL027,7,37,44,4,9,13,10,19,29
LETD08000R,27,66,93,1,7,8,8,17,25
RMMM8ES01N,7,16,23,1,6,7,3,15,18
MIEE8CV02A,27,143,170,15,29,44,11,21,32
PTRC01050L,50,109,159,14,58,72,9,20,29
SPMM81201G,4,21,25,1,5,6,0,20,20
LTEE83501T,3,44,47,1,14,15,8,13,21
RMEE8BK039,3,44,47,1,14,15,8,13,21
SIPC002018,70,119,189,20,36,56,13,19,32
CAEE82302C,0,27,27,0,7,7,7,10,17
NAMM8AB018,4,10,14,0,1,1,3,8,11
MIRC037015,44,104,148,8,25,33,6,24,30
FEEE80805A,3,62,65,2,13,15,7,25,32
CBMM82003G,14,23,37,2,8,10,7,19,26
CSEE85007G,3,29,32,1,7,8,8,15,23
MEEE856038,1,26,27,1,2,3,5,13,18
MNEE820039,2,52,54,0,11,11,10,25,35
RAMM80501Q,6,25,31,1,6,7,1,25,26
AGTD09001T,39,49,88,2,2,4,23,12,35
NAEE8E701V,1,60,61,0,20,20,12,21,33
BGEE889027,4,47,51,1,14,15,2,17,19
VEMM86401Q,10,33,43,3,8,11,8,25,33
RGEE81002A,1,43,44,0,11,11,16,17,33
SVRI00601D,48,96,144,9,35,44,11,26,37
SATL04101E,53,51,104,10,17,27,19,13,32
LOEE815053,7,83,90,2,23,25,3,29,32
CAEE8AF018,1,69,70,0,15,15,4,22,26
VTRH01201L,47,74,121,5,20,25,12,22,34
BSEE8AD019,2,66,68,0,12,12,9,24,33
PAMM73101N,2,66,68,0,12,12,9,24,33
SSEE83603X,1,41,42,0,13,13,6,17,23
PAMM85101Q,10,32,42,7,15,22,10,16,26
MSMM821019,24,56,80,8,18,26,4,25,29
NUEE872048,4,43,47,3,11,14,6,22,28
ROEE810028,5,39,44,1,15,16,2,15,17
NAEE8FQ019,3,55,58,1,14,15,13,13,26
CEPS031019,59,125,184,17,39,56,24,17,41
TETF009012,65,64,129,3,17,20,10,22,32
CSEE88402D,3,28,31,1,4,5,11,10,21
MIEE89701Q,4,103,107,1,28,29,11,24,35
CNMM85801G,12,43,55,3,14,17,4,28,32
BAMM818012,13,65,78,4,20,24,6,15,21
CNMM81403X,4,21,25,1,3,4,6,21,27
PAEE8AA03C,4,64,68,1,29,30,11,14,25
FOMM819014,11,23,34,0,5,5,9,23,32
PAMM89502E,11,23,34,0,5,5,9,23,32
CAMM87901A,8,28,36,0,12,12,5,21,26
MIMM8GH019,14,46,60,7,20,27,9,22,31
MEMM878034,7,17,24,1,3,4,8,14,22
NUEE871019,4,55,59,1,11,12,8,20,28
BOEE80802C,9,84,93,2,29,31,3,30,33
RMPS114019,24,53,77,3,6,9,13,13,26
CSEE19002P,4,41,45,1,12,13,13,11,24
LEMM879018,13,22,35,0,3,3,7,17,24
CARI040507,43,58,101,7,22,29,10,19,29
RMMM8FN01Q,11,48,59,2,9,11,4,25,29
AGEE863026,11,76,87,4,9,13,15,13,28
FIPC03201Q,69,128,197,11,29,40,7,23,30
VEEE855067,0,63,63,0,15,15,9,28,37
TEEE82802T,3,50,53,1,22,23,4,23,27
FRMM84502R,11,27,38,0,9,9,4,21,25
RMTD11801C,29,111,140,5,35,40,14,20,34
FORF04050N,35,64,99,7,21,28,7,28,35
SVEE80205L,4,41,45,2,9,11,5,25,30
BGEE82101X,2,59,61,1,18,19,7,19,26
SAEE8AM03D,1,17,18,0,3,3,6,12,18
PAPS01102X,56,88,144,8,16,24,29,9,38
VAEE83304T,3,61,64,2,18,20,5,24,29
SARA010005,71,113,184,10,50,60,25,20,45
AGEE819024,4,55,59,0,14,14,27,15,42
VRMM836017,7,30,37,0,8,8,9,17,26
MEEE87810D,1,28,29,0,3,3,8,14,22
AGTD01850X,26,57,83,5,12,17,0,0,0
NUEE82104B,1,46,47,0,7,7,1,22,23
FRMM85201V,12,18,30,3,4,7,6,20,26
NOSL010023,46,99,145,11,27,38,13,20,33
RMMM8AE01P,11,40,51,2,9,11,10,32,42
MIEE8FQ02R,4,83,87,1,21,22,6,29,35
PZRA010056,40,57,97,6,19,25,25,30,55
RMMM8A601E,21,29,50,6,8,14,5,22,27
CSPS330006,3,4,7,0,2,2,0,0,0
PARH01000Q,48,82,130,5,35,40,28,17,45
CSEE858032,1,36,37,0,8,8,21,7,28
BOMM83501P,4,20,24,1,2,3,3,12,15
MCMM80602X,2,16,18,1,0,1,5,13,18
BLTF00101X,41,46,87,4,4,8,10,16,26
SSMM80803P,12,32,44,4,9,13,4,27,31
BAMM85001T,4,35,39,1,8,9,9,15,24
SAEE83301R,7,28,35,1,9,10,8,10,18
SSEE851032,2,75,77,0,27,27,9,28,37
SIEE81201D,1,67,68,0,18,18,4,34,38
ATEE80502T,3,32,35,0,7,7,5,21,26
RNMM812015,5,16,21,0,3,3,6,21,27
ENEE82601V,4,55,59,1,10,11,17,18,35
TOEE8BG01D,1,37,38,0,4,4,3,22,25
MIMM84201E,16,27,43,9,4,13,5,23,28
VRMM865017,8,42,50,3,10,13,3,29,32
BOTD01250Q,38,107,145,4,24,28,0,0,0
TOEE88007L,5,41,46,2,10,12,2,28,30
RMSD06002N,40,110,150,7,30,37,9,25,34
MNPM00101B,30,75,105,2,8,10,5,22,27
BIEE81902N,10,64,74,5,16,21,16,39,55
CTEE881047,5,74,79,2,28,30,10,25,35
UDEE82604D,3,54,57,3,9,12,4,27,31
RMPM05101C,38,58,96,12,11,23,9,16,25
MBMM8AL01Q,7,14,21,0,8,8,4,17,21
BSEE859031,4,51,55,1,11,12,1,24,25
PAMM813011,8,22,30,0,6,6,10,16,26
SOMM80901T,10,23,33,1,4,5,8,18,26
RMMM87401E,12,46,58,2,12,14,8,27,35
LESD033529,74,101,175,13,29,42,0,0,0
SAMM882011,13,51,64,3,9,12,5,22,27
PSEE817031,5,86,91,0,26,26,6,34,40
PRRI009016,5,86,91,0,26,26,6,34,40
TSMM81101D,13,28,41,1,7,8,0,25,25
RMEE8G302R,13,28,41,1,7,8,0,25,25
PVMM805019,5,24,29,3,7,10,10,15,25
CEMM86603R,9,17,26,1,0,1,8,11,19
RGTH006504,46,44,90,2,14,16,0,0,0
CZRA00301N,35,52,87,4,14,18,15,18,33
ALEE81906V,2,56,58,0,17,17,11,18,29
NAEE8FL016,1,61,62,1,24,25,12,15,27
VEEE82403C,2,62,64,0,17,17,8,20,28
TATD021519,70,80,150,11,18,29,0,0,0
VERH022011,68,81,149,15,24,39,15,27,42
LETD08001T,68,81,149,15,24,39,15,27,42
APEE82202Q,3,54,57,0,12,12,6,33,39
CBEE828037,3,43,46,1,15,16,3,20,23
POEE80602V,6,60,66,1,7,8,5,31,36
SAEE8BU023,1,55,56,0,17,17,13,11,24
BOEE817016,7,45,52,1,12,13,9,16,25
AVPM040007,42,103,145,4,8,12,17,19,36
BSEE8AK01N,5,105,110,1,22,23,8,26,34
CNEE812028,5,57,62,3,9,12,5,28,33
CZEE82905X,2,38,40,0,6,6,16,11,27
BOEE862025,3,62,65,2,13,15,8,22,30
TVEE838018,3,83,86,2,21,23,2,28,30
PZEE89001R,2,19,21,0,3,3,10,11,21
AREE813026,8,76,84,3,23,26,4,32,36
PDEE89306X,6,72,78,2,16,18,10,34,44
AVPS02102V,48,73,121,6,15,21,11,17,28
TVEE88103L,3,81,84,1,14,15,8,21,29
LEPM04602L,3,81,84,1,14,15,8,21,29
MITF09602G,3,81,84,1,14,15,8,21,29
UDMM83902C,9,15,24,5,0,5,2,19,21
LEEE07100P,5,54,59,4,7,11,6,14,20
NATD14201A,5,54,59,4,7,11,6,14,20
MOEE81002A,8,65,73,3,17,20,7,29,36
BAMM876012,10,35,45,2,7,9,5,22,27
PARH001012,32,70,102,8,28,36,11,11,22
NAEE8E0014,4,81,85,1,27,28,11,24,35
SRRA02101P,53,51,104,10,11,21,24,18,42
GRRI01101G,53,51,104,10,11,21,24,18,42
TVEE84604A,1,63,64,1,15,16,4,24,28
KRMM81101C,15,27,42,3,7,10,19,14,33
PDEE89403L,5,72,77,4,11,15,8,32,40
TVTL01901N,49,69,118,3,8,11,12,22,34
PEEE83803V,49,69,118,3,8,11,12,22,34
MEEE86202E,1,37,38,1,18,19,4,14,18
FGRH053011,48,96,144,8,34,42,24,17,41
MIEE8BA03L,6,71,77,1,16,17,7,23,30
PDMM85802B,12,32,44,4,3,7,5,24,29
REPS03000B,38,88,126,1,3,4,7,27,34
PGTF01401D,52,118,170,11,23,34,11,23,34
NATF14000X,107,163,270,12,37,49,35,21,56
VIMM83601V,10,27,37,1,5,6,2,18,20
SVMM811016,11,41,52,2,12,14,7,24,31
VIRI00701N,74,101,175,14,32,46,11,24,35
CTTD05101L,74,101,175,14,32,46,11,24,35
AVEE851026,1,31,32,0,7,7,3,12,15
BLTL008518,70,76,146,6,8,14,0,0,0
MEEE837051,1,76,77,0,12,12,11,24,35
PDEE877051,1,45,46,1,9,10,4,18,22
MEMM885015,10,22,32,3,3,6,14,10,24
COMM808017,5,21,26,1,3,4,5,20,25
FGEE856016,0,37,37,0,11,11,8,14,22
PDMM86602A,12,45,57,1,9,10,10,22,32
MIEE8A401B,2,62,64,1,14,15,5,21,26
MIEE8CB011,8,70,78,3,12,15,12,16,28
LEMM831017,4,20,24,0,8,8,8,8,16
BAEE03000N,1,24,25,0,3,3,0,0,0
CREE81502G,4,41,45,2,9,11,5,19,24
VAEE86302G,8,53,61,1,12,13,6,19,25
PIEE83401R,4,63,67,3,24,27,3,24,27
TPRH03352B,66,114,180,17,51,68,0,0,0
PAEE8A601D,2,23,25,0,9,9,16,3,19
FIEE83501T,7,97,104,2,28,30,9,25,34
BGEE826035,3,70,73,0,14,14,3,23,26
CAEE895019,4,41,45,1,11,12,7,14,21
NAMM8BF016,2,19,21,0,4,4,11,10,21
GEEE704016,2,19,21,0,4,4,11,10,21
SIMM80502A,4,31,35,0,6,6,8,17,25
REEE81602P,1,27,28,0,1,1,6,14,20
SAPS05701T,42,87,129,5,16,21,16,27,43
NARI08601L,31,42,73,1,2,3,11,13,24
BNEE82503E,1,28,29,0,5,5,3,19,22
CLRA008013,44,58,102,6,14,20,21,8,29
AVEE874041,0,27,27,0,4,4,5,14,19
MEEE816072,4,51,55,0,14,14,8,23,31
PRMM821023,6,42,48,1,8,9,5,18,23
SSTL02901D,54,87,141,11,31,42,13,25,38
CSEE81103R,0,56,56,0,17,17,9,10,19
ANEE82902X,3,55,58,1,12,13,5,30,35
BOTF02401X,49,68,117,8,17,25,12,21,33
NUMM835015,6,21,27,1,2,3,4,20,24
TOEE86304Q,1,68,69,0,15,15,11,28,39
ORMM82201E,7,23,30,2,4,6,4,14,18
VREE887048,1,61,62,1,8,9,4,17,21
CTMM8BB017,2,7,9,2,4,6,7,13,20
VEEE85804L,3,66,69,2,12,14,5,34,39
MOMM84301G,15,53,68,4,18,22,7,29,36
BSRC00902X,76,183,259,8,34,42,15,41,56
PASL01000V,46,82,128,7,23,30,15,16,31
RMMM8AM031,10,21,31,6,8,14,5,19,24
FIMM82903G,11,34,45,4,5,9,3,27,30
RAEE83002E,3,46,49,0,17,17,10,14,24
CTEE8AJ01T,4,80,84,1,31,32,9,22,31
PZEE81701P,0,30,30,0,2,2,4,17,21
PZEE82702A,1,30,31,0,3,3,6,16,22
RMEE807051,4,120,124,1,33,34,13,28,41
PSEE824034,4,73,77,1,23,24,5,32,37
LIEE81702A,2,43,45,1,8,9,4,20,24
VRMM84301A,15,36,51,7,9,16,8,18,26
CSRA07401X,28,55,83,7,28,35,18,23,41
MCEE813013,1,42,43,0,13,13,6,12,18
BNTF011015,21,56,77,4,14,18,11,12,23
NAEE11000E,2,41,43,0,12,12,6,13,19
CNMM855014,6,32,38,2,10,12,11,20,31
AGEE83806N,7,41,48,1,14,15,13,10,23
MNPS002016,39,58,97,2,5,7,6,19,25
ARPM010006,38,114,152,10,34,44,6,22,28
CHEE034012,3,43,46,0,11,11,0,0,0
CNEE863058,5,81,86,3,25,28,4,38,42
TPEE83301P,2,42,44,0,16,16,9,16,25
VBEE80409N,1,43,44,1,10,11,5,26,31
MNMM11600B,1,43,44,1,10,11,5,26,31
SOEE816056,0,37,37,0,9,9,2,22,24
PSEE823049,3,65,68,1,24,25,7,31,38
PSMM81202Q,7,34,41,2,5,7,7,24,31
MEEE86703P,5,61,66,0,27,27,16,15,31
RMEE8FC015,3,95,98,2,31,33,1,29,30
PGPS03801X,17,17,34,2,2,4,2,8,10
VIEE849045,1,47,48,0,6,6,6,18,24
PAEE81403X,5,46,51,2,16,18,14,6,20
FIRI023019,62,84,146,13,23,36,11,26,37
BGTF003011,52,80,132,8,13,21,12,22,34
RNMM80601T,12,56,68,1,16,17,13,33,46
CBEE81602X,2,52,54,1,6,7,0,0,0
RCEE847014,4,62,66,0,13,13,13,17,30
BIEE80003N,2,53,55,0,12,12,6,31,37
PAEE818037,0,23,23,0,6,6,9,8,17
RMMM883019,10,14,24,1,3,4,4,16,20
ALEE83301X,1,77,78,0,25,25,8,28,36
PZEE88510Q,0,54,54,0,7,7,8,20,28
NAMM8C5011,5,25,30,1,10,11,10,16,26
PVEE806027,2,64,66,0,13,13,7,20,27
NAEE18500X,3,63,66,0,10,10,11,10,21
PCMM80403D,8,15,23,3,0,3,7,16,23
MIMM8FF013,10,31,41,4,12,16,2,20,22
BGEE847014,2,46,48,1,10,11,6,14,20
BGSL001014,29,34,63,1,3,4,5,15,20
RAEE816017,1,38,39,0,6,6,6,19,25
ATEE817013,4,67,71,0,18,18,10,21,31
VCEE802018,2,29,31,0,7,7,9,23,32
SRTF010505,77,83,160,2,6,8,17,25,42
ORTF02000D,77,55,132,7,11,18,14,22,36
SAEE84601V,1,44,45,0,13,13,8,11,19
SSEE84601C,5,58,63,0,19,19,4,23,27
PDEE89301P,6,72,78,2,16,18,10,34,44
NATF004509,50,112,162,8,26,34,0,0,0
TAEE84801G,2,54,56,0,18,18,7,19,26
UDEE83901C,3,34,37,0,7,7,2,19,21
IMEE81603V,2,74,76,0,18,18,6,28,34
APMM826033,13,33,46,3,10,13,6,34,40
ATMM81201V,8,21,29,4,1,5,7,31,38
RMMM8E701R,10,31,41,5,8,13,5,23,28
NARM01702P,37,40,77,1,8,9,14,10,24
UDEE822024,4,37,41,1,7,8,2,25,27
PZEE858044,3,36,39,1,5,6,8,15,23
MEPC002017,15,43,58,0,1,1,13,12,25
PTEE82702N,4,73,77,2,23,25,6,31,37
VEEE868014,9,84,93,4,18,22,7,30,37
CEEE07301X,5,102,107,1,34,35,15,16,31
UDEE81105R,2,44,46,1,4,5,2,24,26
TVEE84802X,2,53,55,0,11,11,5,17,22
VBRI004013,39,80,119,7,21,28,11,18,29
TPEE815015,5,56,61,3,26,29,11,21,32
BSMM84101L,3,26,29,2,4,6,7,18,25
NATD12601C,47,107,154,2,26,28,22,16,38
CLTD01651N,51,38,89,8,5,13,0,0,0
AVEE85403P,2,29,31,0,4,4,7,9,16
ARTD01301D,46,60,106,6,8,14,12,21,33
CEEE894032,4,125,129,2,59,61,27,12,39
MBEE8GA01C,6,70,76,1,16,17,8,26,34
COEE83402T,3,70,73,1,14,15,4,25,29
LEMM85101C,12,34,46,2,10,12,19,8,27
BGMM833015,4,22,26,1,8,9,6,14,20
VAEE865038,3,66,69,2,11,13,2,26,28
SAMM89101Q,3,15,18,1,2,3,10,11,21
COMM808028,5,21,26,1,3,4,5,20,25
BNEE80403D,1,31,32,0,5,5,7,13,20
LIPC01101Q,60,79,139,9,21,30,7,26,33
CNMM85301C,8,17,25,2,3,5,5,21,26
TPRH033011,8,17,25,2,3,5,5,21,26
NATN06201L,50,110,160,15,29,44,22,16,38
SVEE817016,5,59,64,3,16,19,10,26,36
RMEE8DF03D,0,70,70,0,16,16,3,23,26
MBTF050001,47,59,106,1,11,12,10,17,27
BATD029528,51,120,171,11,37,48,0,0,0
VAMM815036,4,23,27,2,5,7,3,14,17
CNMM819011,7,28,35,2,5,7,10,21,31
PAEE8AJ01A,5,57,62,4,19,23,13,15,28
ISTF013015,55,55,110,4,12,16,15,14,29
AREE83801D,1,59,60,1,17,18,5,27,32
PIEE83403V,4,63,67,3,24,27,3,24,27
PARC03701G,40,125,165,7,56,63,19,20,39
AVMM844022,40,125,165,7,56,63,19,20,39
MEEE84205C,5,56,61,1,18,19,7,26,33
NAEE02400G,0,66,66,0,26,26,8,10,18
AQEE02601N,2,41,43,0,14,14,0,16,16
GEMM18500G,2,41,43,0,14,14,0,16,16
BOTD08050A,45,119,164,15,29,44,10,21,31
GERI07002R,45,119,164,15,29,44,10,21,31
MIMM8D101P,14,41,55,8,9,17,8,25,33
GEEE817059,1,52,53,0,18,18,5,27,32
TREE809013,2,35,37,1,9,10,1,21,22
TOMM86902G,1,25,26,0,7,7,2,28,30
FGMM81803C,1,25,26,0,7,7,2,28,30
CBMM84701D,12,37,49,3,9,12,7,17,24
BNEE83803L,2,48,50,0,12,12,8,17,25
RMEE818017,3,68,71,0,16,16,8,18,26
APMM82202P,10,28,38,2,7,9,6,33,39
ROEE80603N,3,51,54,0,12,12,7,23,30
PZEE82703B,1,30,31,0,3,3,6,16,22
PSPC03000N,39,158,197,5,13,18,17,34,51
MIMM8FU01B,6,23,29,1,8,9,5,16,21
VREE887026,1,61,62,1,8,9,4,17,21
TOEE8A7031,6,81,87,4,25,29,0,33,33
LUTH01801N,83,95,178,7,31,38,19,23,42
BSTD009016,76,183,259,8,34,42,15,41,56
AVEE86802G,3,31,34,1,6,7,9,12,21
CZMM85801P,7,28,35,0,6,6,8,23,31
MEEE819039,3,48,51,0,13,13,2,23,25
FGEE106035,1,41,42,0,11,11,6,11,17
PVMM819017,17,32,49,8,13,21,11,24,35
FIPM008013,40,90,130,3,23,26,9,18,27
AGEE848013,8,57,65,4,18,22,11,19,30
UDEE84805B,2,63,65,0,20,20,7,25,32
FREE84202A,3,76,79,0,34,34,7,25,32
PGMM82202T,12,22,34,1,4,5,3,16,19
TOEE85601D,0,58,58,0,15,15,9,21,30
LETA00101A,54,89,143,11,29,40,22,19,41
CAEE839055,4,65,69,1,16,17,4,31,35
BSTD027515,72,95,167,5,20,25,0,0,0
TPRM008017,43,73,116,11,21,32,22,19,41
NAEE8GM01L,2,34,36,0,13,13,11,4,15
ALMM812041,9,30,39,3,16,19,11,16,27
VREE84802G,5,39,44,3,7,10,3,21,24
PIMM82201D,11,21,32,1,4,5,4,30,34
LUMM831011,8,26,34,2,10,12,1,27,28
TPEE84001T,3,41,44,0,14,14,9,10,19
RMEE8FF02N,7,95,102,0,24,24,10,22,32
PZMM878037,10,14,24,1,0,1,12,10,22
MCEE01401X,0,16,16,0,2,2,0,0,0
TVMM81301V,6,34,40,0,7,7,5,27,32
FRMM806015,6,11,17,1,0,1,2,9,11
ATEE00101E,3,82,85,1,27,28,9,17,26
REMM843011,8,22,30,2,2,4,0,24,24
LETL02650X,38,55,93,6,6,12,0,0,0
SIEE80802V,0,67,67,0,14,14,5,25,30
RIEE82505X,5,80,85,2,24,26,5,32,37
PSEE82003R,3,56,59,0,16,16,7,31,38
RMMM8FP01B,11,54,65,3,14,17,6,22,28
VEEE84201X,4,50,54,1,9,10,5,14,19
PGTD01000V,20,63,83,4,11,15,6,18,24
NAMM8C5022,20,63,83,4,11,15,6,18,24
TVEE86602D,4,56,60,1,13,14,10,24,34
TOEE8BN03X,2,73,75,1,17,18,8,31,39
CAEE088039,3,51,54,0,15,15,4,17,21
RAEE82601T,5,72,77,2,18,20,3,31,34
BAEE870014,2,55,57,1,14,15,7,20,27
SVEE80201C,4,41,45,2,9,11,5,25,30
PAEE87302P,4,40,44,2,14,16,9,10,19
BGMM82101V,12,33,45,5,5,10,7,19,26
VIPC010004,48,93,141,2,0,2,7,23,30
CNEE833029,5,38,43,1,13,14,4,26,30
RMEE863026,4,46,50,1,17,18,2,15,17
BARA007503,32,63,95,4,16,20,0,0,0
CSEE8AG05T,1,66,67,1,23,24,12,11,23
VIEE808072,7,79,86,3,17,20,6,33,39
LTRC01000D,37,90,127,8,34,42,13,22,35
MOEE83602E,5,53,58,4,6,10,10,23,33
TVEE86004L,3,55,58,0,8,8,6,20,26
BAMM80801B,5,15,20,2,3,5,7,8,15
RMTL032018,50,143,193,2,21,23,20,30,50
CEMM8BE02D,14,28,42,5,3,8,15,18,33
UDMM81702G,7,40,47,2,7,9,3,27,30
VBEE81607T,7,40,47,2,7,9,3,27,30
CZEE842016,2,35,37,0,6,6,6,15,21
CORH00101Q,50,56,106,9,9,18,8,24,32
BREE835031,0,59,59,0,16,16,11,13,24
CNEE834025,0,32,32,0,7,7,4,19,23
GOEE81102Q,2,40,42,0,4,4,2,23,25
LCEE828017,4,53,57,1,11,12,3,18,21
PDSD01801X,80,88,168,8,12,20,13,28,41
BLTD00302A,21,35,56,1,3,4,8,14,22
MNEE81502R,4,65,69,1,23,24,7,25,32
NAEE063006,3,46,49,1,10,11,4,10,14
CSEE8AJ06X,4,47,51,1,11,12,16,14,30
CEEE8AL04A,3,69,72,1,22,23,10,19,29
NAMM8GT01Q,15,51,66,6,11,17,12,11,23
SISD00201T,70,119,189,20,36,56,13,19,32
TVEE83203B,4,67,71,1,22,23,4,23,27
MIRC03750D,44,104,148,8,25,33,0,0,0
CZEE84402V,2,43,45,0,8,8,12,20,32
CEEE8AJ01G,1,44,45,0,11,11,11,10,21
GOSD007012,31,84,115,2,8,10,9,21,30
VEEE817017,0,42,42,0,9,9,2,18,20
NAMM8DV02L,0,42,42,0,9,9,2,18,20
TSEE81003R,8,53,61,2,8,10,8,17,25
VARC01201P,36,105,141,4,12,16,11,26,37
MNEE821013,2,41,43,1,8,9,5,19,24
BGMM889015,8,30,38,1,11,12,2,17,19
VEEE86402T,5,61,66,4,7,11,8,25,33
SARH011016,34,43,77,4,4,8,11,16,27
BSMM808011,5,17,22,0,3,3,7,16,23
UDEE84106N,2,64,66,1,15,16,5,24,29
BAEE826012,4,63,67,0,22,22,8,15,23
SAEE8A2061,5,28,33,0,8,8,6,15,21
SSEE83602V,1,41,42,0,13,13,6,17,23
PAMM85201G,11,26,37,5,7,12,8,11,19
IMMM80502A,9,14,23,4,0,4,4,21,25
FEEE808016,3,62,65,2,13,15,7,25,32
CSEE88407P,3,28,31,1,4,5,11,10,21
PTRC010007,50,109,159,14,58,72,9,20,29
MIEE8CV03E,27,143,170,15,29,44,11,21,32
COEE84101X,3,79,82,0,17,17,7,22,29
CNEE85801L,2,74,76,0,29,29,4,28,32
KREE818029,0,30,30,0,6,6,6,8,14
AVEE879022,2,45,47,1,10,11,11,20,31
TOSL020003,51,107,158,8,27,35,14,22,36
CNEE814075,3,28,31,1,6,7,6,21,27
MIMM8DA01P,8,34,42,2,7,9,10,12,22
PRTF01050G,93,107,200,2,4,6,25,33,58
BOEE809039,4,44,48,1,7,8,7,23,30
NAPM029018,21,92,113,3,21,24,10,15,25
MSMM806017,6,38,44,0,14,14,0,16,16
CHEE820035,1,50,51,0,13,13,0,0,0
LOMM81601N,14,45,59,4,13,17,3,25,28
RETD00301X,56,134,190,7,34,41,8,29,37
FGMM87901T,13,30,43,2,7,9,18,5,23
NOMM821012,13,25,38,3,3,6,14,19,33
CSMM87703A,10,25,35,2,3,5,7,13,20
TREE82001T,3,52,55,0,15,15,2,25,27
AGMM834014,16,33,49,6,12,18,13,15,28
CSEE84203C,3,39,42,1,7,8,16,9,25
VTMM82304V,10,45,55,1,14,15,4,21,25
PATD01101P,56,88,144,8,16,24,29,9,38
SAPS18000P,15,63,78,0,2,2,11,13,24
COEE84801P,1,45,46,0,11,11,12,15,27
VVEE83004N,3,37,40,0,9,9,17,9,26
VTEE80306R,1,31,32,0,9,9,3,19,22
MEMM878023,7,17,24,1,3,4,8,14,22
CTTD210003,7,17,24,1,3,4,8,14,22
SOPS00601X,26,43,69,0,0,0,4,18,22
BAEE11003C,1,51,52,0,12,12,5,16,21
SAEE07407A,4,68,72,2,17,19,11,10,21
NAEE14403R,1,39,40,0,9,9,6,15,21
NORC01000L,40,121,161,10,46,56,13,27,40
PZMM89001Q,6,10,16,0,1,1,10,11,21
VVMM83003G,14,20,34,5,3,8,17,9,26
CAMM88402V,13,41,54,4,12,16,4,13,17
MEEE87808A,1,28,29,0,3,3,8,14,22
RMTD114015,24,53,77,3,6,9,13,13,26
MBMM81201G,4,24,28,1,4,5,3,15,18
GRMM81601X,10,18,28,2,5,7,5,19,24
FISL03201Q,69,128,197,11,29,40,7,23,30
TPRI026019,53,67,120,12,12,24,25,12,37
SAEE832044,2,20,22,0,4,4,5,12,17
CSEE858043,1,36,37,0,8,8,21,7,28
